0.999828 -0.008052 -0.016681 -0.121873 0.008061 0.999967 0.000518 -0.075141 0.016676 -0.000653 0.999861 6.480404
0.999832 -0.007801 -0.016583 -0.130563 0.007811 0.999969 0.000556 -0.079579 0.016578 -0.000685 0.999862 6.915152
0.999836 -0.007540 -0.016466 -0.139563 0.007550 0.999971 0.000594 -0.084086 0.016461 -0.000718 0.999864 7.363478
0.999840 -0.007269 -0.016327 -0.148871 0.007280 0.999973 0.000633 -0.088660 0.016322 -0.000751 0.999867 7.825421
0.999845 -0.006988 -0.016163 -0.158485 0.007000 0.999975 0.000671 -0.093298 0.016157 -0.000784 0.999869 8.301010
0.999850 -0.006698 -0.015971 -0.168401 0.006710 0.999977 0.000709 -0.097998 0.015966 -0.000816 0.999872 8.790260
0.999856 -0.006398 -0.015749 -0.178614 0.006410 0.999979 0.000746 -0.102758 0.015744 -0.000847 0.999876 9.293176
0.999861 -0.006087 -0.015495 -0.189121 0.006100 0.999981 0.000783 -0.107575 0.015490 -0.000877 0.999880 9.809750
0.999868 -0.005767 -0.015205 -0.199913 0.005780 0.999983 0.000818 -0.112448 0.015200 -0.000906 0.999884 10.339966
0.999875 -0.005437 -0.014877 -0.210983 0.005450 0.999985 0.000852 -0.117375 0.014872 -0.000933 0.999889 10.883794
0.999882 -0.005096 -0.014509 -0.222322 0.005109 0.999987 0.000885 -0.122353 0.014504 -0.000959 0.999894 11.441194
0.999889 -0.004745 -0.014096 -0.233919 0.004759 0.999988 0.000918 -0.127381 0.014092 -0.000985 0.999900 12.012117
0.999897 -0.004384 -0.013638 -0.245762 0.004398 0.999990 0.000949 -0.132458 0.013633 -0.001009 0.999907 12.596500
0.999906 -0.004013 -0.013129 -0.257836 0.004026 0.999991 0.000978 -0.137581 0.013125 -0.001031 0.999913 13.194273
0.999914 -0.003632 -0.012568 -0.270125 0.003645 0.999993 0.001007 -0.142750 0.012564 -0.001052 0.999921 13.805353
0.999923 -0.003241 -0.011950 -0.282612 0.003254 0.999994 0.001033 -0.147962 0.011947 -0.001072 0.999928 14.429649
0.999932 -0.002840 -0.011273 -0.295276 0.002852 0.999995 0.001058 -0.153218 0.011270 -0.001090 0.999936 15.067057
0.999942 -0.002428 -0.010533 -0.308095 0.002440 0.999996 0.001080 -0.158515 0.010531 -0.001106 0.999944 15.717466
0.999951 -0.002006 -0.009726 -0.321043 0.002017 0.999997 0.001100 -0.163853 0.009724 -0.001120 0.999952 16.380755
0.999960 -0.001574 -0.008849 -0.334093 0.001584 0.999998 0.001118 -0.169230 0.008848 -0.001132 0.999960 17.056790
0.999968 -0.001131 -0.007898 -0.347212 0.001140 0.999999 0.001133 -0.174646 0.007897 -0.001142 0.999968 17.745433
0.999976 -0.000678 -0.006870 -0.360367 0.000686 0.999999 0.001145 -0.180100 0.006869 -0.001149 0.999976 18.446533
0.999983 -0.000215 -0.005760 -0.373518 0.000222 0.999999 0.001153 -0.185591 0.005760 -0.001155 0.999983 19.159929
0.999990 0.000258 -0.004565 -0.386625 -0.000253 0.999999 0.001159 -0.191119 0.004566 -0.001158 0.999989 19.885455
0.999994 0.000741 -0.003282 -0.399640 -0.000737 0.999999 0.001161 -0.196684 0.003283 -0.001158 0.999994 20.622931
0.999997 0.001233 -0.001906 -0.412515 -0.001231 0.999999 0.001159 -0.202285 0.001908 -0.001157 0.999998 21.372172
0.999998 0.001858 -0.000306 -0.423103 -0.001858 0.999998 0.001166 -0.206200 0.000308 -0.001166 0.999999 22.006998
0.999996 0.002504 0.001430 -0.433272 -0.002506 0.999996 0.001170 -0.210054 -0.001427 -0.001173 0.999998 22.644478
0.999989 0.003171 0.003308 -0.442951 -0.003175 0.999994 0.001168 -0.213846 -0.003305 -0.001179 0.999994 23.284066
0.999978 0.003859 0.005337 -0.452066 -0.003866 0.999992 0.001162 -0.217574 -0.005332 -0.001182 0.999985 23.925219
0.999961 0.004569 0.007522 -0.460536 -0.004578 0.999989 0.001150 -0.221238 -0.007517 -0.001184 0.999971 24.567393
0.999937 0.005299 0.009873 -0.468278 -0.005311 0.999985 0.001131 -0.224840 -0.009867 -0.001184 0.999951 25.210048
0.999905 0.006051 0.012398 -0.475202 -0.006065 0.999981 0.001105 -0.228379 -0.012391 -0.001181 0.999923 25.852646
0.999863 0.006823 0.015103 -0.481216 -0.006840 0.999976 0.001072 -0.231860 -0.015096 -0.001175 0.999885 26.494652
0.999809 0.007616 0.017998 -0.486222 -0.007635 0.999970 0.001030 -0.235284 -0.017990 -0.001167 0.999837 27.135533
0.999742 0.008428 0.021090 -0.490119 -0.008450 0.999964 0.000978 -0.238654 -0.021081 -0.001156 0.999777 27.774761
0.999660 0.009259 0.024388 -0.492800 -0.009284 0.999956 0.000916 -0.241977 -0.024379 -0.001142 0.999702 28.411809
0.999560 0.010109 0.027901 -0.494154 -0.010137 0.999948 0.000842 -0.245255 -0.027891 -0.001124 0.999610 29.046157
0.999439 0.010978 0.031636 -0.494067 -0.011007 0.999939 0.000756 -0.248495 -0.031626 -0.001104 0.999499 29.677288
0.999295 0.011865 0.035605 -0.492419 -0.011896 0.999929 0.000657 -0.251701 -0.035595 -0.001080 0.999366 30.304692
0.999125 0.012770 0.039816 -0.489087 -0.012802 0.999918 0.000544 -0.254882 -0.039806 -0.001053 0.999207 30.927862
0.998925 0.013693 0.044280 -0.483942 -0.013725 0.999906 0.000416 -0.258043 -0.044270 -0.001023 0.999019 31.546300
0.998691 0.014633 0.049007 -0.476854 -0.014664 0.999892 0.000272 -0.261192 -0.048998 -0.000990 0.998798 32.159512
0.998419 0.015590 0.054009 -0.467683 -0.015619 0.999878 0.000110 -0.264338 -0.054000 -0.000953 0.998540 32.767012
0.998103 0.016564 0.059296 -0.456290 -0.016589 0.999862 -0.000071 -0.267491 -0.059289 -0.000913 0.998240 33.368322
0.997739 0.017555 0.064881 -0.442527 -0.017574 0.999846 -0.000272 -0.270658 -0.064876 -0.000869 0.997893 33.962972
0.997319 0.018562 0.070777 -0.426245 -0.018574 0.999827 -0.000494 -0.273850 -0.070774 -0.000822 0.997492 34.550498
0.996839 0.019586 0.076998 -0.407290 -0.019587 0.999808 -0.000738 -0.277076 -0.076997 -0.000772 0.997031 35.130446
0.996290 0.020626 0.083556 -0.385502 -0.020614 0.999787 -0.001007 -0.280347 -0.083559 -0.000720 0.996503 35.702368
0.995663 0.021683 0.090468 -0.360717 -0.021654 0.999765 -0.001301 -0.283674 -0.090474 -0.000664 0.995899 36.265827
0.994951 0.022757 0.097747 -0.332769 -0.022707 0.999741 -0.001622 -0.287067 -0.097759 -0.000606 0.995210 36.820389
0.994143 0.023848 0.105411 -0.301486 -0.023772 0.999715 -0.001972 -0.290537 -0.105428 -0.000546 0.994427 37.365632
0.993231 0.024948 0.113449 -0.266723 -0.024841 0.999689 -0.002351 -0.294137 -0.113473 -0.000483 0.993541 37.903387
0.992203 0.026057 0.121875 -0.228303 -0.025914 0.999660 -0.002761 -0.297880 -0.121905 -0.000418 0.992542 38.433430
0.991050 0.027174 0.130697 -0.186045 -0.026987 0.999631 -0.003205 -0.301781 -0.130736 -0.000351 0.991417 38.955551
0.989757 0.028298 0.139927 -0.139767 -0.028059 0.999599 -0.003681 -0.305854 -0.139975 -0.000283 0.990155 39.469556
0.988312 0.029429 0.149574 -0.089282 -0.029130 0.999567 -0.004193 -0.310114 -0.149633 -0.000213 0.988742 39.975266
0.986700 0.030565 0.159650 -0.034398 -0.030195 0.999533 -0.004742 -0.314577 -0.159720 -0.000142 0.987162 40.472514
0.984906 0.031705 0.170162 0.025076 -0.031255 0.999497 -0.005329 -0.319256 -0.170246 -0.000070 0.985402 40.961147
0.982912 0.032849 0.181121 0.089337 -0.032304 0.999460 -0.005955 -0.324168 -0.181218 0.000003 0.983443 41.441027
0.980702 0.033994 0.192533 0.158581 -0.033343 0.999422 -0.006623 -0.329327 -0.192646 0.000076 0.981268 41.912028
0.978255 0.035140 0.204405 0.233010 -0.034367 0.999382 -0.007333 -0.334748 -0.204536 0.000149 0.978859 42.374039
0.975554 0.036286 0.216744 0.312823 -0.035374 0.999341 -0.008088 -0.340449 -0.216895 0.000223 0.976195 42.826962
0.972576 0.037431 0.229553 0.398224 -0.036362 0.999299 -0.008888 -0.346445 -0.229725 0.000297 0.973256 43.270710
0.969300 0.038572 0.242836 0.489416 -0.037326 0.999256 -0.009734 -0.352752 -0.243031 0.000371 0.970019 43.705213
0.965703 0.039710 0.256593 0.586603 -0.038264 0.999211 -0.010627 -0.359385 -0.256812 0.000444 0.966461 44.130411
0.961762 0.040841 0.270823 0.689990 -0.039171 0.999166 -0.011569 -0.366362 -0.271069 0.000518 0.962560 44.546256
0.957453 0.041964 0.285523 0.799781 -0.040045 0.999119 -0.012559 -0.373699 -0.285798 0.000591 0.958290 44.952715
0.952750 0.043076 0.300686 0.916178 -0.040879 0.999072 -0.013598 -0.381411 -0.300993 0.000663 0.953626 45.349763
0.947628 0.044177 0.316305 1.039382 -0.041671 0.999023 -0.014686 -0.389517 -0.316645 0.000736 0.948544 45.737390
0.942064 0.045264 0.332366 1.169591 -0.042416 0.998975 -0.015823 -0.398031 -0.332742 0.000809 0.943018 46.115598
0.936030 0.046335 0.348856 1.307001 -0.043109 0.998926 -0.017009 -0.406971 -0.349269 0.000883 0.937022 46.484399
0.929504 0.047387 0.365755 1.451802 -0.043745 0.998876 -0.018243 -0.416355 -0.366208 0.000957 0.930532 46.843817
0.922462 0.048419 0.383041 1.604181 -0.044321 0.998827 -0.019524 -0.426198 -0.383537 0.001034 0.923525 47.193889
0.914880 0.049429 0.400687 1.764321 -0.044830 0.998777 -0.020850 -0.436518 -0.401228 0.001113 0.915978 47.534662
0.906740 0.050415 0.418665 1.932401 -0.045270 0.998728 -0.022221 -0.447332 -0.419253 0.001195 0.907869 47.866199
0.898022 0.051375 0.436940 2.108592 -0.045634 0.998679 -0.023633 -0.458656 -0.437577 0.001283 0.899180 48.188571
0.888711 0.052306 0.455474 2.293060 -0.045919 0.998630 -0.025084 -0.470507 -0.456162 0.001378 0.889896 48.501865
0.878792 0.053207 0.474229 2.485968 -0.046120 0.998582 -0.026573 -0.482902 -0.474970 0.001480 0.880001 48.806180
0.868254 0.054078 0.493164 2.687468 -0.046235 0.998535 -0.028094 -0.495854 -0.493961 0.001591 0.869482 49.101621
0.857087 0.054917 0.512236 2.897708 -0.046260 0.998489 -0.029646 -0.509381 -0.513091 0.001713 0.858333 49.388300
0.845287 0.055725 0.531399 3.116829 -0.046193 0.998444 -0.031223 -0.523496 -0.532312 0.001845 0.846546 49.666333
0.832853 0.056500 0.550603 3.344966 -0.046032 0.998401 -0.032821 -0.538213 -0.551576 0.001989 0.834122 49.935843
0.819789 0.057242 0.569797 3.582246 -0.045777 0.998358 -0.034435 -0.553545 -0.570833 0.002146 0.821063 50.196955
0.806103 0.057952 0.588931 3.828788 -0.045425 0.998317 -0.036060 -0.569505 -0.590030 0.002316 0.807378 50.449804
0.791807 0.058630 0.607951 4.084707 -0.044978 0.998277 -0.037692 -0.586102 -0.609113 0.002500 0.793079 50.694526
0.776919 0.059276 0.626804 4.350107 -0.044436 0.998238 -0.039324 -0.603348 -0.628030 0.002699 0.778184 50.931262
0.761463 0.059891 0.645436 4.625086 -0.043800 0.998201 -0.040952 -0.621253 -0.646727 0.002913 0.762716 51.160158
0.745464 0.060477 0.663796 4.909733 -0.043072 0.998165 -0.042569 -0.639825 -0.665153 0.003143 0.746701 51.381363
0.728956 0.061033 0.681834 5.204132 -0.042254 0.998130 -0.044171 -0.659073 -0.683255 0.003389 0.730172 51.595029
0.711976 0.061560 0.699500 5.508356 -0.041349 0.998097 -0.045752 -0.679003 -0.700986 0.003651 0.713166 51.801312
0.694564 0.062060 0.716750 5.822471 -0.040360 0.998065 -0.047308 -0.699623 -0.718298 0.003930 0.695724 52.000370
0.676764 0.062534 0.733539 6.146535 -0.039292 0.998034 -0.048831 -0.720938 -0.735151 0.004225 0.677890 52.192364
0.658625 0.062982 0.749831 6.480596 -0.038149 0.998004 -0.050319 -0.742951 -0.751504 0.004537 0.659713 52.377456
0.640198 0.063407 0.765589 6.824695 -0.036935 0.997976 -0.051768 -0.765669 -0.767322 0.004864 0.641244 52.555808
0.621534 0.063809 0.780784 7.178862 -0.035657 0.997949 -0.053173 -0.789093 -0.782575 0.005208 0.622535 52.727585
0.602689 0.064191 0.795390 7.543116 -0.034320 0.997922 -0.054531 -0.813226 -0.797238 0.005568 0.603640 52.892952
0.583718 0.064553 0.809386 7.917471 -0.032929 0.997897 -0.055840 -0.838071 -0.811289 0.005943 0.584616 53.052077
0.564675 0.064898 0.822758 8.301928 -0.031491 0.997872 -0.057098 -0.863630 -0.824713 0.006333 0.565517 53.205126
0.545615 0.065226 0.835494 8.696479 -0.030011 0.997848 -0.058302 -0.889904 -0.837498 0.006737 0.546398 53.352268
0.526593 0.065538 0.847587 9.101106 -0.028495 0.997824 -0.059451 -0.916894 -0.849640 0.007155 0.527315 53.493672
0.507661 0.065836 0.859038 9.515781 -0.026949 0.997802 -0.060545 -0.944599 -0.861136 0.007586 0.508319 53.629507
0.488868 0.066121 0.869848 9.940464 -0.025379 0.997779 -0.061583 -0.973019 -0.871988 0.008030 0.489461 53.759944
0.470264 0.066395 0.880025 10.375108 -0.023790 0.997757 -0.062564 -1.002153 -0.882205 0.008486 0.470789 53.885154
0.451892 0.066658 0.889579 10.819655 -0.022190 0.997736 -0.063490 -1.031999 -0.891796 0.008951 0.452348 54.005307
0.433797 0.066911 0.898523 11.274036 -0.020581 0.997714 -0.064361 -1.062555 -0.900775 0.009427 0.434183 54.120577
0.416017 0.067155 0.906874 11.738173 -0.018971 0.997693 -0.065178 -1.093817 -0.909159 0.009911 0.416331 54.231135
0.398588 0.067392 0.914651 12.211980 -0.017364 0.997672 -0.065942 -1.125781 -0.916966 0.010402 0.398831 54.337154
0.381543 0.067622 0.921874 12.695358 -0.015764 0.997651 -0.066656 -1.158442 -0.924217 0.010900 0.381713 54.438808
0.364912 0.067847 0.928567 13.188200 -0.014176 0.997631 -0.067322 -1.191796 -0.930934 0.011403 0.365009 54.536271
0.348720 0.068066 0.934752 13.690392 -0.012606 0.997610 -0.067941 -1.225836 -0.937142 0.011909 0.348744 54.629718
0.332990 0.068281 0.940455 14.201809 -0.011055 0.997589 -0.068515 -1.260556 -0.942865 0.012418 0.332942 54.719322
0.317744 0.068493 0.945700 14.722317 -0.009528 0.997568 -0.069048 -1.295949 -0.948129 0.012929 0.317623 54.805258
0.302996 0.068701 0.950512 15.251775 -0.008028 0.997547 -0.069541 -1.332006 -0.952958 0.013440 0.302804 54.887700
0.288762 0.068907 0.954918 15.790033 -0.006559 0.997526 -0.069998 -1.368719 -0.957378 0.013950 0.288499 54.966822
0.275053 0.069111 0.958942 16.336933 -0.005123 0.997504 -0.070421 -1.406078 -0.961416 0.014457 0.274720 55.042798
0.261876 0.069314 0.962609 16.892309 -0.003722 0.997483 -0.070812 -1.444074 -0.965094 0.014961 0.261475 55.115802
0.249240 0.069517 0.965943 17.455990 -0.002361 0.997461 -0.071176 -1.482697 -0.968439 0.015459 0.248771 55.186010
0.237148 0.069720 0.968969 18.027794 -0.001040 0.997439 -0.071514 -1.521936 -0.971473 0.015951 0.236613 55.253596
0.225602 0.069924 0.971707 18.607538 0.000237 0.997417 -0.071829 -1.561780 -0.974220 0.016435 0.225003 55.318734
0.214602 0.070130 0.974180 19.195029 0.001468 0.997395 -0.072125 -1.602219 -0.976700 0.016909 0.213940 55.381601
0.204148 0.070338 0.976410 19.790073 0.002653 0.997372 -0.072403 -1.643242 -0.978937 0.017371 0.203424 55.442369
0.194235 0.070548 0.978415 20.392469 0.003789 0.997349 -0.072665 -1.684835 -0.980948 0.017821 0.193452 55.501212
0.184858 0.070761 0.980214 21.002013 0.004875 0.997326 -0.072916 -1.726985 -0.982753 0.018258 0.184019 55.558303
0.176013 0.070977 0.981826 21.618495 0.005910 0.997303 -0.073155 -1.769680 -0.984370 0.018679 0.175119 55.613813
0.167691 0.071196 0.983266 22.241705 0.006894 0.997280 -0.073386 -1.812905 -0.985816 0.019085 0.166744 55.667910
0.159883 0.071418 0.984549 22.871429 0.007824 0.997256 -0.073610 -1.856646 -0.987105 0.019472 0.158885 55.720763
0.152579 0.071643 0.985691 23.507447 0.008700 0.997233 -0.073829 -1.900889 -0.988253 0.019840 0.151533 55.772535
0.145769 0.071871 0.986705 24.149542 0.009522 0.997210 -0.074043 -1.945619 -0.989273 0.020188 0.144678 55.823388
0.139442 0.072103 0.987602 24.797490 0.010289 0.997186 -0.074255 -1.990820 -0.990177 0.020516 0.138308 55.873477
0.133585 0.072337 0.988394 25.451070 0.011002 0.997163 -0.074466 -2.036479 -0.990976 0.020822 0.132410 55.922956
0.128185 0.072574 0.989091 26.110055 0.011661 0.997140 -0.074676 -2.082579 -0.991682 0.021106 0.126972 55.971973
0.123230 0.072813 0.989703 26.774219 0.012266 0.997117 -0.074886 -2.129106 -0.992302 0.021368 0.121982 56.020672
0.118706 0.073055 0.990238 27.443333 0.012818 0.997094 -0.075097 -2.176044 -0.992847 0.021607 0.117425 56.069193
0.114601 0.073299 0.990704 28.117169 0.013318 0.997071 -0.075311 -2.223379 -0.993322 0.021825 0.113289 56.117671
0.110899 0.073545 0.991107 28.795497 0.013767 0.997049 -0.075527 -2.271097 -0.993736 0.022020 0.109559 56.166237
0.107589 0.073792 0.991453 29.478086 0.014165 0.997027 -0.075744 -2.319181 -0.994095 0.022194 0.106224 56.215015
0.104657 0.074040 0.991748 30.164706 0.014515 0.997005 -0.075964 -2.367619 -0.994402 0.022345 0.103268 56.264128
0.102089 0.074288 0.991998 30.855126 0.014816 0.996983 -0.076187 -2.416396 -0.994665 0.022475 0.100680 56.313691
0.099872 0.074536 0.992205 31.549116 0.015070 0.996963 -0.076411 -2.465496 -0.994886 0.022584 0.098445 56.363818
0.097994 0.074784 0.992373 32.246444 0.015279 0.996942 -0.076637 -2.514905 -0.995070 0.022672 0.096551 56.414616
0.096441 0.075032 0.992507 32.946881 0.015442 0.996922 -0.076866 -2.564610 -0.995219 0.022739 0.094985 56.466186
0.095201 0.075280 0.992608 33.650198 0.015562 0.996902 -0.077098 -2.614595 -0.995336 0.022787 0.093735 56.518627
0.094262 0.075527 0.992678 34.356166 0.015639 0.996883 -0.077332 -2.664847 -0.995425 0.022814 0.092787 56.572032
0.093611 0.075775 0.992721 35.064560 0.015675 0.996864 -0.077569 -2.715351 -0.995485 0.022822 0.092129 56.626491
0.093236 0.076022 0.992738 35.775157 0.015671 0.996845 -0.077808 -2.766095 -0.995521 0.022811 0.091750 56.682088
0.093125 0.076267 0.992729 36.487738 0.015627 0.996827 -0.078048 -2.817063 -0.995532 0.022782 0.091638 56.738905
0.093267 0.076511 0.992697 37.202085 0.015545 0.996810 -0.078289 -2.868243 -0.995520 0.022734 0.091780 56.797017
0.093651 0.076754 0.992642 37.917987 0.015427 0.996792 -0.078530 -2.919619 -0.995486 0.022668 0.092166 56.856496
0.094264 0.076994 0.992565 38.635234 0.015273 0.996776 -0.078771 -2.971177 -0.995430 0.022585 0.092784 56.917412
0.095096 0.077232 0.992468 39.353624 0.015085 0.996760 -0.079011 -3.022904 -0.995354 0.022485 0.093623 56.979829
0.096137 0.077468 0.992349 40.072957 0.014864 0.996744 -0.079251 -3.074783 -0.995257 0.022369 0.094672 57.043807
0.097375 0.077701 0.992210 40.793041 0.014611 0.996729 -0.079489 -3.126802 -0.995140 0.022238 0.095921 57.109404
0.098800 0.077932 0.992051 41.513687 0.014329 0.996714 -0.079725 -3.178946 -0.995004 0.022092 0.097359 57.176673
0.100402 0.078160 0.991872 42.234712 0.014018 0.996700 -0.079959 -3.231202 -0.994848 0.021932 0.098975 57.245664
0.102171 0.078386 0.991674 42.955941 0.013681 0.996686 -0.080191 -3.283557 -0.994673 0.021761 0.100760 57.316424
0.104096 0.078609 0.991456 43.677202 0.013319 0.996672 -0.080421 -3.335998 -0.994478 0.021577 0.102703 57.388997
0.106169 0.078830 0.991219 44.398330 0.012934 0.996659 -0.080648 -3.388514 -0.994264 0.021383 0.104794 57.463424
0.108379 0.079047 0.990962 45.119166 0.012528 0.996646 -0.080871 -3.441093 -0.994031 0.021179 0.107025 57.539741
0.110717 0.079261 0.990686 45.839558 0.012102 0.996633 -0.081089 -3.493724 -0.993778 0.020967 0.109385 57.617984
0.113175 0.079472 0.990392 46.559358 0.011658 0.996621 -0.081304 -3.546398 -0.993507 0.020747 0.111866 57.698184
0.115743 0.079679 0.990078 47.278426 0.011198 0.996609 -0.081514 -3.599104 -0.993216 0.020521 0.114458 57.780373
0.118413 0.079882 0.989746 47.996627 0.010723 0.996598 -0.081718 -3.651834 -0.992907 0.020290 0.117153 57.864578
0.121176 0.080082 0.989395 48.713832 0.010236 0.996587 -0.081918 -3.704579 -0.992578 0.020054 0.119943 57.950824
0.124025 0.080278 0.989026 49.429921 0.009737 0.996576 -0.082112 -3.757331 -0.992231 0.019814 0.122819 58.039137
0.126953 0.080469 0.988639 50.144777 0.009230 0.996565 -0.082299 -3.810083 -0.991866 0.019574 0.125774 58.129538
0.129952 0.080655 0.988234 50.858291 0.008716 0.996555 -0.082480 -3.862829 -0.991482 0.019332 0.128801 58.222047
0.133016 0.080836 0.987812 51.570360 0.008197 0.996545 -0.082654 -3.915560 -0.991080 0.019092 0.131893 58.316682
0.136138 0.081011 0.987372 52.280889 0.007676 0.996535 -0.082821 -3.968270 -0.990660 0.018854 0.135044 58.413459
0.139312 0.081179 0.986915 52.989787 0.007153 0.996526 -0.082979 -4.020954 -0.990223 0.018619 0.138248 58.512392
0.142534 0.081341 0.986442 53.696970 0.006631 0.996517 -0.083130 -4.073603 -0.989768 0.018390 0.141498 58.613495
0.145798 0.081496 0.985952 54.402361 0.006112 0.996508 -0.083272 -4.126212 -0.989295 0.018167 0.144791 58.716781
0.149101 0.081643 0.985446 55.105889 0.005598 0.996500 -0.083406 -4.178774 -0.988806 0.017952 0.148122 58.822260
0.152438 0.081782 0.984923 55.807490 0.005089 0.996492 -0.083531 -4.231286 -0.988300 0.017745 0.151487 58.929944
0.155807 0.081914 0.984385 56.507104 0.004587 0.996485 -0.083647 -4.283741 -0.987777 0.017549 0.154883 59.039844
0.159204 0.082036 0.983831 57.204679 0.004095 0.996478 -0.083753 -4.336136 -0.987237 0.017363 0.158307 59.151969
0.162628 0.082150 0.983262 57.900168 0.003613 0.996472 -0.083851 -4.388465 -0.986681 0.017189 0.161758 59.266328
0.166077 0.082254 0.982676 58.593531 0.003142 0.996466 -0.083939 -4.440726 -0.986108 0.017028 0.165232 59.382933
0.169551 0.082349 0.982075 59.284732 0.002683 0.996461 -0.084018 -4.492914 -0.985518 0.016881 0.168730 59.501793
0.173048 0.082434 0.981458 59.973740 0.002238 0.996456 -0.084088 -4.545026 -0.984911 0.016747 0.172250 59.622921
0.176568 0.082509 0.980824 60.660533 0.001806 0.996452 -0.084149 -4.597059 -0.984287 0.016629 0.175792 59.746329
0.180111 0.082575 0.980174 61.345089 0.001388 0.996448 -0.084201 -4.649010 -0.983645 0.016526 0.179357 59.872029
0.183678 0.082631 0.979507 62.027396 0.000985 0.996445 -0.084244 -4.700877 -0.982986 0.016439 0.182943 60.000035
0.187269 0.082676 0.978823 62.707444 0.000598 0.996442 -0.084279 -4.752656 -0.982309 0.016368 0.186553 60.130362
0.190884 0.082712 0.978122 63.385230 0.000225 0.996440 -0.084306 -4.804347 -0.981613 0.016313 0.190186 60.263024
0.194524 0.082739 0.977402 64.060754 -0.000131 0.996438 -0.084325 -4.855948 -0.980898 0.016275 0.193842 60.398039
0.198191 0.082757 0.976663 64.734020 -0.000472 0.996437 -0.084337 -4.907455 -0.980163 0.016254 0.197524 60.535423
0.201885 0.082767 0.975906 65.405038 -0.000798 0.996436 -0.084343 -4.958870 -0.979409 0.016249 0.201231 60.675196
0.205607 0.082769 0.975128 66.073823 -0.001107 0.996436 -0.084344 -5.010191 -0.978634 0.016262 0.204966 60.817376
0.209358 0.082763 0.974330 66.740392 -0.001401 0.996436 -0.084339 -5.061418 -0.977838 0.016292 0.208728 60.961985
0.213139 0.082749 0.973511 67.404768 -0.001679 0.996436 -0.084330 -5.112553 -0.977020 0.016339 0.212519 61.109043
0.216952 0.082728 0.972671 68.066976 -0.001942 0.996437 -0.084316 -5.163596 -0.976180 0.016404 0.216340 61.258575
0.220797 0.082698 0.971807 68.727048 -0.002188 0.996438 -0.084297 -5.214549 -0.975317 0.016486 0.220192 61.410604
0.224676 0.082661 0.970921 69.385015 -0.002420 0.996440 -0.084274 -5.265414 -0.974431 0.016585 0.224076 61.565156
0.228589 0.082615 0.970011 70.040913 -0.002635 0.996442 -0.084245 -5.316192 -0.973520 0.016701 0.227993 61.722256
0.232537 0.082562 0.969077 70.694779 -0.002835 0.996444 -0.084213 -5.366887 -0.972583 0.016835 0.231945 61.881933
0.236522 0.082501 0.968117 71.346652 -0.003020 0.996446 -0.084178 -5.417501 -0.971621 0.016986 0.235931 62.044215
0.240545 0.082434 0.967131 71.996570 -0.003191 0.996449 -0.084140 -5.468038 -0.970633 0.017153 0.239953 62.209130
0.244605 0.082361 0.966119 72.644573 -0.003347 0.996452 -0.084100 -5.518502 -0.969617 0.017338 0.244012 62.376709
0.248703 0.082282 0.965078 73.290703 -0.003489 0.996455 -0.084058 -5.568898 -0.968573 0.017538 0.248109 62.546982
0.252841 0.082199 0.964010 73.934998 -0.003619 0.996458 -0.084017 -5.619234 -0.967501 0.017754 0.252243 62.719980
0.257019 0.082112 0.962912 74.577498 -0.003737 0.996461 -0.083975 -5.669515 -0.966399 0.017985 0.256416 62.895734
0.261236 0.082021 0.961784 75.218241 -0.003844 0.996464 -0.083934 -5.719748 -0.965267 0.018229 0.260628 63.074276
0.265495 0.081927 0.960625 75.857266 -0.003943 0.996467 -0.083894 -5.769940 -0.964104 0.018486 0.264880 63.255639
0.269794 0.081831 0.959435 76.494609 -0.004033 0.996470 -0.083856 -5.820099 -0.962910 0.018754 0.269172 63.439855
0.274134 0.081733 0.958212 77.130307 -0.004118 0.996473 -0.083818 -5.870231 -0.961683 0.019032 0.273504 63.626958
0.278516 0.081633 0.956956 77.764395 -0.004197 0.996475 -0.083782 -5.920342 -0.960423 0.019318 0.277876 63.816980
0.282938 0.081531 0.955667 78.396908 -0.004272 0.996478 -0.083748 -5.970439 -0.959129 0.019613 0.282290 64.009953
0.287402 0.081429 0.954342 79.027879 -0.004345 0.996480 -0.083716 -6.020528 -0.957800 0.019913 0.286744 64.205910
0.291906 0.081327 0.952983 79.657342 -0.004416 0.996482 -0.083687 -6.070614 -0.956437 0.020220 0.291238 64.404882
0.296451 0.081225 0.951588 80.285330 -0.004487 0.996484 -0.083659 -6.120702 -0.955037 0.020531 0.295773 64.606902
0.301037 0.081122 0.950156 80.911875 -0.004557 0.996486 -0.083634 -6.170796 -0.953602 0.020847 0.300349 64.812003
0.305662 0.081019 0.948687 81.537008 -0.004629 0.996488 -0.083610 -6.220899 -0.952129 0.021165 0.304964 65.020217
0.310327 0.080917 0.947180 82.160760 -0.004703 0.996489 -0.083589 -6.271015 -0.950618 0.021486 0.309618 65.231576
0.315031 0.080816 0.945634 82.783159 -0.004779 0.996490 -0.083570 -6.321147 -0.949069 0.021808 0.314311 65.446112
0.319772 0.080716 0.944050 83.404236 -0.004861 0.996491 -0.083554 -6.371295 -0.947482 0.022129 0.319042 65.663858
0.324550 0.080618 0.942427 84.024019 -0.004947 0.996492 -0.083539 -6.421463 -0.945856 0.022450 0.323811 65.884848
0.329364 0.080522 0.940763 84.642536 -0.005040 0.996493 -0.083527 -6.471653 -0.944189 0.022769 0.328615 66.109113
0.334213 0.080428 0.939060 85.259813 -0.005141 0.996493 -0.083517 -6.521866 -0.942484 0.023085 0.333454 66.336689
0.339095 0.080337 0.937316 85.875877 -0.005251 0.996493 -0.083510 -6.572104 -0.940737 0.023396 0.338328 66.567608
0.344009 0.080250 0.935531 86.490754 -0.005369 0.996493 -0.083505 -6.622368 -0.938951 0.023703 0.343234 66.801906
0.348954 0.080166 0.933705 87.104468 -0.005499 0.996492 -0.083502 -6.672661 -0.937124 0.024004 0.348171 67.039616
0.353928 0.080086 0.931837 87.717044 -0.005639 0.996492 -0.083500 -6.722984 -0.935256 0.024298 0.353138 67.280773
0.358930 0.080010 0.929929 88.328504 -0.005791 0.996491 -0.083501 -6.773337 -0.933346 0.024586 0.358134 67.525413
0.363958 0.079938 0.927979 88.938871 -0.005956 0.996490 -0.083504 -6.823722 -0.931396 0.024865 0.363157 67.773570
0.369011 0.079871 0.925987 89.548166 -0.006134 0.996488 -0.083508 -6.874141 -0.929405 0.025136 0.368205 68.025281
0.374086 0.079810 0.923953 90.156411 -0.006325 0.996486 -0.083514 -6.924593 -0.927372 0.025397 0.373277 68.280583
0.379182 0.079755 0.921879 90.763627 -0.006531 0.996484 -0.083522 -6.975082 -0.925299 0.025649 0.378370 68.539513
0.384297 0.079705 0.919762 91.369835 -0.006752 0.996482 -0.083532 -7.025607 -0.923185 0.025891 0.383483 68.802110
0.389429 0.079662 0.917605 91.975055 -0.006988 0.996480 -0.083544 -7.076171 -0.921030 0.026122 0.388615 69.068412
0.394576 0.079625 0.915407 92.579309 -0.007239 0.996477 -0.083556 -7.126775 -0.918835 0.026343 0.393762 69.338458
0.399736 0.079594 0.913168 93.182617 -0.007506 0.996474 -0.083569 -7.177421 -0.916600 0.026552 0.398924 69.612290
0.404907 0.079569 0.910889 93.785002 -0.007788 0.996470 -0.083583 -7.228110 -0.914325 0.026749 0.404098 69.889948
0.410088 0.079551 0.908570 94.386485 -0.008087 0.996467 -0.083597 -7.278843 -0.912010 0.026935 0.409282 70.171475
0.415276 0.079538 0.906212 94.987090 -0.008401 0.996463 -0.083609 -7.329621 -0.909657 0.027108 0.414475 70.456914
0.420469 0.079530 0.903815 95.586841 -0.008732 0.996459 -0.083620 -7.380444 -0.907265 0.027268 0.419675 70.746310
0.425665 0.079526 0.901379 96.185762 -0.009078 0.996456 -0.083627 -7.431313 -0.904835 0.027414 0.424879 71.039707
0.430864 0.079526 0.898906 96.783878 -0.009440 0.996452 -0.083631 -7.482228 -0.902368 0.027548 0.430086 71.337152
0.436061 0.079530 0.896396 97.381216 -0.009818 0.996448 -0.083631 -7.533188 -0.899863 0.027667 0.435293 71.638690
0.441257 0.079537 0.893849 97.977802 -0.010211 0.996445 -0.083626 -7.584191 -0.897323 0.027773 0.440500 71.944369
0.446448 0.079547 0.891267 98.573664 -0.010619 0.996442 -0.083615 -7.635237 -0.894747 0.027865 0.445704 72.254236
0.451633 0.079560 0.888649 99.168828 -0.011041 0.996438 -0.083599 -7.686323 -0.892135 0.027944 0.450903 72.568340
0.456811 0.079576 0.885997 99.763325 -0.011478 0.996435 -0.083578 -7.737449 -0.889490 0.028010 0.456096 72.886728
0.461979 0.079595 0.883312 100.357184 -0.011928 0.996432 -0.083550 -7.788612 -0.886811 0.028062 0.461280 73.209451
0.467135 0.079617 0.880594 100.950437 -0.012391 0.996429 -0.083517 -7.839809 -0.884099 0.028102 0.466454 73.536557
0.472278 0.079641 0.877844 101.543117 -0.012867 0.996427 -0.083476 -7.891040 -0.881356 0.028129 0.471615 73.868095
0.477406 0.079666 0.875064 102.135258 -0.013355 0.996424 -0.083428 -7.942302 -0.878581 0.028143 0.476763 74.204116
0.482516 0.079691 0.872254 102.726897 -0.013853 0.996422 -0.083372 -7.993591 -0.875777 0.028145 0.481894 74.544668
0.487608 0.079717 0.869416 103.318073 -0.014362 0.996420 -0.083307 -8.044905 -0.872944 0.028135 0.487008 74.889800
0.492680 0.079741 0.866550 103.908825 -0.014879 0.996419 -0.083232 -8.096237 -0.870084 0.028113 0.492102 75.239561
0.497728 0.079763 0.863658 104.499197 -0.015403 0.996418 -0.083147 -8.147584 -0.867196 0.028082 0.497174 75.593998
0.502752 0.079781 0.860741 105.089235 -0.015932 0.996418 -0.083051 -8.198940 -0.864284 0.028040 0.502222 75.953159
0.507749 0.079794 0.857802 105.678986 -0.016465 0.996418 -0.082943 -8.250300 -0.861348 0.027990 0.507245 76.317088
0.512718 0.079802 0.854840 106.268501 -0.016999 0.996419 -0.082823 -8.301657 -0.858389 0.027934 0.512238 76.685832
0.517655 0.079802 0.851860 106.857831 -0.017532 0.996421 -0.082691 -8.353006 -0.855410 0.027871 0.517202 77.059431
0.522560 0.079795 0.848860 107.447030 -0.018062 0.996423 -0.082547 -8.404342 -0.852411 0.027803 0.522132 77.437929
0.527429 0.079780 0.845845 108.036153 -0.018589 0.996427 -0.082391 -8.455660 -0.849396 0.027733 0.527028 77.821367
0.532262 0.079755 0.842815 108.625255 -0.019109 0.996431 -0.082223 -8.506954 -0.846364 0.027659 0.531886 78.209782
0.537055 0.079721 0.839772 109.214393 -0.019623 0.996436 -0.082044 -8.558221 -0.843319 0.027583 0.536705 78.603215
0.541806 0.079677 0.836718 109.803624 -0.020130 0.996441 -0.081852 -8.609457 -0.840262 0.027505 0.541482 79.001699
0.546514 0.079624 0.833656 110.393006 -0.020628 0.996448 -0.081650 -8.660658 -0.837196 0.027426 0.546215 79.405269
0.551175 0.079561 0.830588 110.982599 -0.021117 0.996455 -0.081436 -8.711823 -0.834122 0.027346 0.550901 79.813957
0.555788 0.079488 0.827515 111.572460 -0.021596 0.996463 -0.081212 -8.762950 -0.831043 0.027266 0.555539 80.227789
0.560350 0.079405 0.824441 112.162652 -0.022064 0.996472 -0.080977 -8.814037 -0.827962 0.027185 0.560125 80.646792
0.564859 0.079310 0.821367 112.753234 -0.022521 0.996481 -0.080731 -8.865086 -0.824880 0.027104 0.564658 81.070987
0.569313 0.079205 0.818297 113.344267 -0.022964 0.996492 -0.080476 -8.916094 -0.821800 0.027025 0.569134 81.500392
0.573708 0.079088 0.815232 113.935812 -0.023393 0.996503 -0.080211 -8.967063 -0.818726 0.026947 0.573552 81.935021
0.578043 0.078960 0.812177 114.527929 -0.023807 0.996516 -0.079938 -9.017994 -0.815659 0.026872 0.577909 82.374884
0.582316 0.078821 0.809133 115.120680 -0.024205 0.996528 -0.079656 -9.068887 -0.812602 0.026800 0.582202 82.819987
0.586522 0.078671 0.806103 115.714123 -0.024585 0.996542 -0.079368 -9.119746 -0.809560 0.026733 0.586428 83.270331
0.590661 0.078508 0.803092 116.308319 -0.024948 0.996557 -0.079072 -9.170572 -0.806534 0.026669 0.590585 83.725911
0.594728 0.078335 0.800102 116.903328 -0.025292 0.996572 -0.078770 -9.221367 -0.803529 0.026610 0.594670 84.186720
0.598720 0.078149 0.797136 117.499209 -0.025618 0.996588 -0.078462 -9.272134 -0.800548 0.026556 0.598680 84.652743
0.602636 0.077952 0.794200 118.096020 -0.025924 0.996605 -0.078148 -9.322875 -0.797595 0.026506 0.602611 85.123960
0.606472 0.077744 0.791295 118.693819 -0.026210 0.996622 -0.077829 -9.373594 -0.794673 0.026461 0.606461 85.600345
0.610224 0.077524 0.788427 119.292662 -0.026476 0.996640 -0.077505 -9.424293 -0.791786 0.026421 0.610227 86.081865
0.613890 0.077292 0.785598 119.892605 -0.026722 0.996659 -0.077177 -9.474975 -0.788939 0.026385 0.613905 86.568482
0.617467 0.077049 0.782814 120.493702 -0.026947 0.996679 -0.076844 -9.525642 -0.786135 0.026354 0.617492 87.060149
0.620951 0.076795 0.780079 121.096005 -0.027151 0.996699 -0.076508 -9.576297 -0.783379 0.026328 0.620986 87.556813
0.624339 0.076530 0.777395 121.699564 -0.027333 0.996720 -0.076169 -9.626941 -0.780675 0.026307 0.624383 88.058415
0.627629 0.076254 0.774769 122.304428 -0.027494 0.996742 -0.075828 -9.677577 -0.778027 0.026290 0.627681 88.564886
0.630818 0.075969 0.772203 122.910643 -0.027634 0.996764 -0.075486 -9.728208 -0.775439 0.026279 0.630876 89.076153
0.633903 0.075674 0.769702 123.518253 -0.027753 0.996786 -0.075143 -9.778835 -0.772915 0.026272 0.633966 89.592134
0.636881 0.075370 0.767270 124.127299 -0.027850 0.996810 -0.074800 -9.829461 -0.770459 0.026270 0.636948 90.112740
0.639749 0.075058 0.764910 124.737820 -0.027926 0.996833 -0.074459 -9.880090 -0.768076 0.026274 0.639819 90.637873
0.642506 0.074739 0.762627 125.349851 -0.027981 0.996857 -0.074121 -9.930725 -0.765769 0.026284 0.642578 91.167430
0.645149 0.074415 0.760424 125.963426 -0.028015 0.996881 -0.073786 -9.981368 -0.763543 0.026300 0.645222 91.701301
0.647676 0.074085 0.758305 126.578575 -0.028028 0.996904 -0.073457 -10.032025 -0.761400 0.026323 0.647748 92.239368
0.650085 0.073751 0.756274 127.195325 -0.028020 0.996929 -0.073133 -10.082699 -0.759344 0.026352 0.650155 92.781507
0.652374 0.073412 0.754333 127.813701 -0.027993 0.996953 -0.072815 -10.133396 -0.757380 0.026387 0.652441 93.327588
0.654542 0.073071 0.752487 128.433727 -0.027945 0.996977 -0.072504 -10.184118 -0.755509 0.026428 0.654605 93.877475
0.656585 0.072727 0.750737 129.055422 -0.027879 0.997000 -0.072200 -10.234872 -0.753736 0.026476 0.656643 94.431024
0.658504 0.072381 0.749089 129.678804 -0.027795 0.997024 -0.071904 -10.285661 -0.752064 0.026528 0.658556 94.988088
0.660296 0.072033 0.747543 130.303888 -0.027693 0.997048 -0.071615 -10.336489 -0.750495 0.026585 0.660342 95.548513
0.661960 0.071684 0.746103 130.930685 -0.027573 0.997071 -0.071333 -10.387362 -0.749031 0.026647 0.661998 96.112141
0.663496 0.071336 0.744771 131.559206 -0.027437 0.997095 -0.071060 -10.438282 -0.747677 0.026714 0.663525 96.678807
0.664901 0.070988 0.743550 132.189458 -0.027286 0.997118 -0.070796 -10.489254 -0.746433 0.026784 0.664922 97.248342
0.666176 0.070641 0.742442 132.821445 -0.027119 0.997140 -0.070542 -10.540282 -0.745302 0.026859 0.666186 97.820573
0.667318 0.070297 0.741448 133.455170 -0.026938 0.997162 -0.070297 -10.591370 -0.744286 0.026937 0.667318 98.395323
0.668328 0.069956 0.740570 134.090633 -0.026744 0.997184 -0.070062 -10.642523 -0.743386 0.027018 0.668317 98.972412
0.669204 0.069620 0.739810 134.727829 -0.026538 0.997205 -0.069837 -10.693746 -0.742605 0.027102 0.669181 99.551655
0.669947 0.069290 0.739169 135.366752 -0.026322 0.997226 -0.069623 -10.745043 -0.741943 0.027188 0.669912 100.132866
0.670555 0.068967 0.738647 136.007393 -0.026096 0.997246 -0.069421 -10.796419 -0.741401 0.027274 0.670508 100.715857
0.671028 0.068651 0.738247 136.649742 -0.025863 0.997265 -0.069230 -10.847878 -0.740981 0.027361 0.670969 101.300436
0.671367 0.068345 0.737967 137.293783 -0.025624 0.997284 -0.069050 -10.899425 -0.740682 0.027448 0.671294 101.886411
0.671570 0.068049 0.737810 137.939501 -0.025380 0.997302 -0.068881 -10.951064 -0.740507 0.027533 0.671485 102.473588
0.671637 0.067764 0.737775 138.586878 -0.025132 0.997319 -0.068724 -11.002799 -0.740454 0.027616 0.671540 103.061770
0.671570 0.067490 0.737861 139.235896 -0.024880 0.997335 -0.068579 -11.054634 -0.740524 0.027697 0.671459 103.650760
0.671366 0.067228 0.738070 139.886533 -0.024626 0.997351 -0.068444 -11.106572 -0.740716 0.027775 0.671244 104.240359
0.671028 0.066977 0.738401 140.538767 -0.024370 0.997366 -0.068320 -11.158617 -0.741031 0.027850 0.670893 104.830367
0.670554 0.066739 0.738852 141.192573 -0.024112 0.997380 -0.068208 -11.210770 -0.741468 0.027922 0.670407 105.420584
0.669946 0.066512 0.739424 141.847925 -0.023852 0.997393 -0.068106 -11.263034 -0.742027 0.027990 0.669786 106.010810
0.669203 0.066299 0.740116 142.504795 -0.023591 0.997405 -0.068016 -11.315409 -0.742705 0.028056 0.669031 106.600845
0.668327 0.066099 0.740925 143.163151 -0.023329 0.997417 -0.067937 -11.367897 -0.743502 0.028119 0.668142 107.190487
0.667317 0.065913 0.741852 143.822960 -0.023067 0.997427 -0.067871 -11.420499 -0.744417 0.028179 0.667120 107.779539
0.666174 0.065741 0.742893 144.484188 -0.022805 0.997437 -0.067817 -11.473217 -0.745447 0.028236 0.665966 108.367802
0.664900 0.065584 0.744047 145.146799 -0.022544 0.997446 -0.067773 -11.526050 -0.746592 0.028288 0.664681 108.955080
0.663495 0.065441 0.745313 145.810755 -0.022285 0.997454 -0.067741 -11.578999 -0.747848 0.028336 0.663265 109.541178
0.661961 0.065312 0.746687 146.476018 -0.022029 0.997461 -0.067718 -11.632061 -0.749214 0.028378 0.661719 110.125903
0.660299 0.065198 0.748168 147.142545 -0.021776 0.997468 -0.067705 -11.685237 -0.750687 0.028413 0.660046 110.709065
0.658510 0.065099 0.749751 147.810295 -0.021526 0.997473 -0.067701 -11.738523 -0.752264 0.028443 0.658247 111.290478
0.656596 0.065014 0.751435 148.479225 -0.021280 0.997478 -0.067707 -11.791917 -0.753942 0.028466 0.656324 111.869955
0.654559 0.064943 0.753216 149.149289 -0.021038 0.997482 -0.067722 -11.845417 -0.755718 0.028482 0.654278 112.447317
0.652402 0.064888 0.755090 149.820442 -0.020800 0.997486 -0.067747 -11.899020 -0.757587 0.028493 0.652112 113.022387
0.650127 0.064847 0.757053 150.492639 -0.020566 0.997488 -0.067781 -11.952724 -0.759547 0.028497 0.649828 113.594992
0.647736 0.064821 0.759102 151.165833 -0.020336 0.997490 -0.067824 -12.006525 -0.761593 0.028495 0.647428 114.164964
0.645232 0.064810 0.761233 151.839976 -0.020111 0.997491 -0.067878 -12.060422 -0.763722 0.028488 0.644916 114.732140
0.642617 0.064813 0.763441 152.515024 -0.019889 0.997491 -0.067942 -12.114411 -0.765929 0.028476 0.642294 115.296363
0.639896 0.064831 0.765722 153.190932 -0.019672 0.997490 -0.068015 -12.168491 -0.768210 0.028460 0.639565 115.857481
0.637070 0.064863 0.768072 153.867655 -0.019458 0.997489 -0.068098 -12.222660 -0.770561 0.028438 0.636732 116.415348
0.634142 0.064908 0.770487 154.545150 -0.019247 0.997487 -0.068191 -12.276915 -0.772977 0.028413 0.633798 116.969823
0.631116 0.064967 0.772963 155.223376 -0.019039 0.997484 -0.068293 -12.331254 -0.775455 0.028384 0.630765 117.520773
0.627995 0.065040 0.775495 155.902290 -0.018835 0.997480 -0.068405 -12.385676 -0.777989 0.028352 0.627637 118.068070
0.624782 0.065125 0.778079 156.581856 -0.018634 0.997475 -0.068526 -12.440179 -0.780577 0.028316 0.624418 118.611592
0.621479 0.065224 0.780711 157.262035 -0.018436 0.997470 -0.068657 -12.494761 -0.783214 0.028276 0.621109 119.151225
0.618090 0.065335 0.783388 157.942795 -0.018242 0.997464 -0.068796 -12.549419 -0.785896 0.028232 0.617714 119.686861
0.614617 0.065458 0.786105 158.624104 -0.018052 0.997457 -0.068943 -12.604153 -0.788619 0.028183 0.614236 120.218397
0.611064 0.065592 0.788859 159.305931 -0.017865 0.997450 -0.069098 -12.658961 -0.791380 0.028130 0.610677 120.745738
0.607433 0.065739 0.791646 159.988253 -0.017682 0.997442 -0.069260 -12.713840 -0.794174 0.028073 0.607042 121.268793
0.603728 0.065896 0.794462 160.671044 -0.017503 0.997433 -0.069431 -12.768789 -0.796998 0.028012 0.603332 121.787478
0.599951 0.066065 0.797305 161.354286 -0.017327 0.997424 -0.069609 -12.823807 -0.799849 0.027948 0.599550 122.301716
0.596104 0.066245 0.800169 162.037962 -0.017153 0.997414 -0.069796 -12.878894 -0.802724 0.027880 0.595699 122.811433
0.592192 0.066436 0.803053 162.722057 -0.016983 0.997403 -0.069991 -12.934048 -0.805618 0.027810 0.591782 123.316565
0.588216 0.066638 0.805954 163.406562 -0.016815 0.997392 -0.070195 -12.989270 -0.808529 0.027738 0.587802 123.817050
0.584179 0.066852 0.808867 164.091470 -0.016649 0.997379 -0.070408 -13.044562 -0.811454 0.027664 0.583761 124.312836
0.580083 0.067076 0.811791 164.776778 -0.016485 0.997366 -0.070630 -13.099923 -0.814390 0.027588 0.579662 124.803873
0.575932 0.067312 0.814722 165.462488 -0.016324 0.997353 -0.070861 -13.155357 -0.817334 0.027512 0.575506 125.290119
0.571728 0.067559 0.817657 166.148604 -0.016165 0.997338 -0.071102 -13.210865 -0.820284 0.027434 0.571298 125.771537
0.567472 0.067817 0.820595 166.835137 -0.016008 0.997323 -0.071353 -13.266449 -0.823237 0.027355 0.567038 126.248095
0.563168 0.068087 0.823533 167.522099 -0.015852 0.997307 -0.071613 -13.322113 -0.826190 0.027275 0.562731 126.719767
0.558818 0.068366 0.826467 168.209510 -0.015698 0.997290 -0.071883 -13.377861 -0.829142 0.027195 0.558377 127.186532
0.554425 0.068657 0.829397 168.897392 -0.015545 0.997272 -0.072162 -13.433696 -0.832089 0.027115 0.553979 127.648374
0.549990 0.068957 0.832320 169.585772 -0.015393 0.997253 -0.072450 -13.489623 -0.835029 0.027035 0.549541 128.105282
0.545517 0.069267 0.835233 170.274684 -0.015240 0.997234 -0.072748 -13.545648 -0.837961 0.026956 0.545064 128.557248
0.541007 0.069587 0.838134 170.964162 -0.015088 0.997214 -0.073056 -13.601775 -0.840883 0.026878 0.540550 129.004271
0.536464 0.069915 0.841022 171.654248 -0.014934 0.997193 -0.073372 -13.658011 -0.843791 0.026801 0.536002 129.446352
0.531889 0.070253 0.843895 172.344986 -0.014780 0.997171 -0.073697 -13.714362 -0.846685 0.026726 0.531423 129.883498
0.527285 0.070599 0.846751 173.036423 -0.014624 0.997149 -0.074032 -13.770836 -0.849563 0.026653 0.526814 130.315720
0.522654 0.070954 0.849587 173.728613 -0.014466 0.997125 -0.074376 -13.827438 -0.852422 0.026582 0.522178 130.743032
0.517998 0.071316 0.852404 174.421611 -0.014307 0.997101 -0.074729 -13.884178 -0.855262 0.026514 0.517517 131.165453
0.513319 0.071687 0.855198 175.115477 -0.014145 0.997076 -0.075090 -13.941063 -0.858081 0.026449 0.512833 131.583006
0.508620 0.072065 0.857970 175.810276 -0.013980 0.997051 -0.075460 -13.998102 -0.860877 0.026386 0.508128 131.995717
0.503903 0.072450 0.860716 176.506076 -0.013814 0.997025 -0.075836 -14.055304 -0.863650 0.026324 0.503405 132.403618
0.499169 0.072840 0.863438 177.202949 -0.013644 0.996998 -0.076219 -14.112677 -0.866397 0.026265 0.498665 132.806741
0.494421 0.073235 0.866132 177.900972 -0.013472 0.996970 -0.076607 -14.170231 -0.869118 0.026208 0.493910 133.205123
0.489660 0.073634 0.868799 178.600224 -0.013296 0.996942 -0.077001 -14.227974 -0.871812 0.026153 0.489142 133.598806
0.484888 0.074039 0.871437 179.300786 -0.013117 0.996914 -0.077401 -14.285915 -0.874478 0.026100 0.484363 133.987831
0.480107 0.074448 0.874045 180.002745 -0.012934 0.996885 -0.077806 -14.344064 -0.877114 0.026050 0.479575 134.372245
0.475319 0.074861 0.876623 180.706188 -0.012748 0.996855 -0.078216 -14.402432 -0.879721 0.026003 0.474778 134.752094
0.470524 0.075278 0.879170 181.411205 -0.012557 0.996825 -0.078632 -14.461030 -0.882298 0.025958 0.469975 135.127429
0.465725 0.075700 0.881686 182.117889 -0.012362 0.996794 -0.079053 -14.519870 -0.884843 0.025917 0.465167 135.498302
0.460922 0.076127 0.884169 182.826333 -0.012163 0.996762 -0.079480 -14.578963 -0.887357 0.025880 0.460356 135.864766
0.456117 0.076558 0.886621 183.536635 -0.011960 0.996730 -0.079913 -14.638323 -0.889839 0.025846 0.455541 136.226874
0.451311 0.076992 0.889039 184.248890 -0.011753 0.996697 -0.080349 -14.697963 -0.892289 0.025814 0.450725 136.584684
0.446504 0.077430 0.891425 184.963199 -0.011541 0.996664 -0.080790 -14.757895 -0.894707 0.025785 0.445909 136.938253
0.441698 0.077870 0.893778 185.679658 -0.011326 0.996631 -0.081233 -14.818132 -0.897092 0.025757 0.441092 137.287638
0.436894 0.078312 0.896098 186.398367 -0.011109 0.996597 -0.081679 -14.878686 -0.899445 0.025730 0.436277 137.632897
0.432091 0.078757 0.898384 187.119422 -0.010889 0.996562 -0.082126 -14.939570 -0.901764 0.025704 0.431463 137.974089
0.427291 0.079204 0.900638 187.842918 -0.010667 0.996528 -0.082576 -15.000794 -0.904051 0.025677 0.426653 138.311270
0.422495 0.079653 0.902858 188.568951 -0.010444 0.996493 -0.083026 -15.062371 -0.906305 0.025648 0.421845 138.644500
0.417704 0.080103 0.905045 189.297614 -0.010221 0.996457 -0.083476 -15.124311 -0.908526 0.025618 0.417043 138.973835
0.412917 0.080554 0.907199 190.028999 -0.009997 0.996422 -0.083926 -15.186624 -0.910714 0.025585 0.412245 139.299332
0.408136 0.081006 0.909320 190.763194 -0.009773 0.996386 -0.084376 -15.249322 -0.912869 0.025550 0.407453 139.621047
0.403362 0.081458 0.911408 191.500286 -0.009548 0.996350 -0.084824 -15.312412 -0.914991 0.025513 0.402667 139.939035
0.398595 0.081909 0.913462 192.240361 -0.009323 0.996314 -0.085270 -15.375904 -0.917080 0.025472 0.397890 140.253349
0.393837 0.082359 0.915483 192.983497 -0.009097 0.996278 -0.085714 -15.439808 -0.919135 0.025429 0.393121 140.564043
0.389089 0.082809 0.917471 193.729772 -0.008871 0.996242 -0.086156 -15.504131 -0.921158 0.025383 0.388361 140.871169
0.384351 0.083257 0.919425 194.479258 -0.008646 0.996206 -0.086595 -15.568881 -0.923147 0.025334 0.383612 141.174779
0.379624 0.083703 0.921347 195.232025 -0.008420 0.996170 -0.087031 -15.634066 -0.925103 0.025281 0.378874 141.474921
0.374909 0.084146 0.923235 195.988135 -0.008196 0.996134 -0.087462 -15.699691 -0.927025 0.025223 0.374149 141.771646
0.370207 0.084586 0.925090 196.747648 -0.007974 0.996098 -0.087888 -15.765762 -0.928915 0.025160 0.369437 142.065002
0.365518 0.085023 0.926913 197.510617 -0.007754 0.996063 -0.088308 -15.832284 -0.930772 0.025091 0.364739 142.355033
0.360845 0.085455 0.928703 198.277091 -0.007537 0.996028 -0.088721 -15.899261 -0.932596 0.025015 0.360055 142.641784
0.356186 0.085882 0.930460 199.047115 -0.007323 0.995993 -0.089128 -15.966696 -0.934386 0.024933 0.355388 142.925296
0.351543 0.086304 0.932185 199.820725 -0.007112 0.995959 -0.089526 -16.034591 -0.936145 0.024842 0.350737 143.205610
0.346917 0.086719 0.933878 200.597953 -0.006905 0.995925 -0.089916 -16.102947 -0.937870 0.024744 0.346103 143.482765
0.342309 0.087128 0.935539 201.378826 -0.006703 0.995892 -0.090296 -16.171763 -0.939564 0.024638 0.341487 143.756794
0.337718 0.087529 0.937169 202.163363 -0.006505 0.995860 -0.090666 -16.241041 -0.941225 0.024524 0.336889 144.027733
0.333146 0.087922 0.938767 202.951577 -0.006311 0.995828 -0.091027 -16.310778 -0.942854 0.024400 0.332311 144.295612
0.328592 0.088308 0.940334 203.743475 -0.006123 0.995798 -0.091377 -16.380972 -0.944452 0.024268 0.327752 144.560460
0.324058 0.088685 0.941871 204.539058 -0.005940 0.995768 -0.091716 -16.451620 -0.946019 0.024126 0.323213 144.822302
0.319543 0.089053 0.943378 205.338319 -0.005763 0.995738 -0.092043 -16.522718 -0.947554 0.023975 0.318695 145.081162
0.315048 0.089411 0.944855 206.141246 -0.005591 0.995710 -0.092359 -16.594260 -0.949059 0.023815 0.314197 145.337061
0.310573 0.089760 0.946302 206.947818 -0.005426 0.995683 -0.092663 -16.666241 -0.950534 0.023644 0.309720 145.590016
0.306118 0.090099 0.947720 207.758011 -0.005266 0.995656 -0.092955 -16.738654 -0.951979 0.023464 0.305263 145.840044
0.301683 0.090428 0.949110 208.571792 -0.005113 0.995631 -0.093235 -16.811491 -0.953394 0.023274 0.300828 146.087158
0.297268 0.090747 0.950472 209.389124 -0.004967 0.995607 -0.093502 -16.884744 -0.954781 0.023074 0.296413 146.331369
0.292874 0.091056 0.951806 210.209962 -0.004828 0.995583 -0.093758 -16.958404 -0.956139 0.022864 0.292020 146.572686
0.288499 0.091355 0.953112 211.034257 -0.004697 0.995561 -0.094002 -17.032463 -0.957469 0.022643 0.287647 146.811115
0.284144 0.091645 0.954392 211.861953 -0.004573 0.995540 -0.094234 -17.106909 -0.958771 0.022412 0.283296 147.046661
0.279810 0.091925 0.955644 212.692988 -0.004457 0.995519 -0.094455 -17.181734 -0.960045 0.022170 0.278966 147.279326
0.275496 0.092196 0.956871 213.527292 -0.004350 0.995500 -0.094665 -17.256927 -0.961292 0.021918 0.274657 147.509111
0.271202 0.092458 0.958071 214.364792 -0.004251 0.995481 -0.094865 -17.332478 -0.962513 0.021655 0.270370 147.736015
0.266929 0.092712 0.959246 215.205409 -0.004161 0.995463 -0.095054 -17.408374 -0.963707 0.021381 0.266103 147.960034
0.262675 0.092958 0.960396 216.049057 -0.004080 0.995447 -0.095234 -17.484606 -0.964876 0.021097 0.261858 148.181164
0.258442 0.093196 0.961521 216.895644 -0.004009 0.995430 -0.095405 -17.561163 -0.966018 0.020802 0.257635 148.399398
0.254229 0.093426 0.962621 217.745077 -0.003946 0.995415 -0.095566 -17.638032 -0.967136 0.020497 0.253432 148.614728
0.250036 0.093648 0.963697 218.597256 -0.003892 0.995401 -0.095719 -17.715201 -0.968229 0.020182 0.249251 148.827145
0.245864 0.093861 0.964749 219.452076 -0.003847 0.995387 -0.095862 -17.792657 -0.969297 0.019857 0.245091 149.036640
0.241712 0.094066 0.965778 220.309428 -0.003811 0.995375 -0.095995 -17.870387 -0.970340 0.019522 0.240953 149.243201
0.237581 0.094262 0.966783 221.169201 -0.003784 0.995363 -0.096118 -17.948375 -0.971360 0.019178 0.236836 149.446817
0.233470 0.094448 0.967766 222.031278 -0.003764 0.995352 -0.096232 -18.026605 -0.972357 0.018824 0.232741 149.647476
0.229381 0.094624 0.968726 222.895539 -0.003753 0.995342 -0.096335 -18.105063 -0.973330 0.018461 0.228667 149.845165
0.225312 0.094791 0.969664 223.761858 -0.003750 0.995333 -0.096428 -18.183730 -0.974279 0.018090 0.224616 150.039872
0.221265 0.094948 0.970580 224.630108 -0.003754 0.995325 -0.096513 -18.262590 -0.975206 0.017712 0.220587 150.231582
0.217240 0.095097 0.971475 225.500160 -0.003765 0.995317 -0.096589 -18.341627 -0.976111 0.017326 0.216581 150.420282
0.213237 0.095238 0.972348 226.371881 -0.003781 0.995311 -0.096658 -18.420822 -0.976993 0.016934 0.212597 150.605959
0.209257 0.095369 0.973199 227.245136 -0.003804 0.995305 -0.096718 -18.500159 -0.977853 0.016537 0.208637 150.788601
0.205300 0.095493 0.974029 228.119788 -0.003831 0.995299 -0.096770 -18.579621 -0.978692 0.016135 0.204701 150.968194
0.201367 0.095608 0.974839 228.995698 -0.003863 0.995295 -0.096816 -18.659192 -0.979508 0.015729 0.200789 151.144728
0.197459 0.095714 0.975627 229.872725 -0.003900 0.995291 -0.096854 -18.738854 -0.980303 0.015320 0.196902 151.318192
0.193575 0.095813 0.976396 230.750728 -0.003941 0.995288 -0.096885 -18.818592 -0.981078 0.014907 0.193041 151.488577
0.189718 0.095903 0.977144 231.629561 -0.003986 0.995285 -0.096909 -18.898387 -0.981831 0.014490 0.189206 151.655873
0.185887 0.095984 0.977872 232.509080 -0.004036 0.995283 -0.096926 -18.978225 -0.982563 0.014071 0.185398 151.820072
0.182083 0.096057 0.978580 233.389135 -0.004090 0.995282 -0.096936 -19.058087 -0.983275 0.013648 0.181617 151.981169
0.178308 0.096123 0.979268 234.269581 -0.004147 0.995282 -0.096939 -19.137957 -0.983966 0.013224 0.177866 152.139157
0.174562 0.096180 0.979937 235.150267 -0.004208 0.995282 -0.096937 -19.217817 -0.984637 0.012798 0.174143 152.294031
0.170847 0.096230 0.980587 236.031044 -0.004271 0.995282 -0.096928 -19.297652 -0.985288 0.012372 0.170452 152.445790
0.167163 0.096273 0.981218 236.911763 -0.004337 0.995283 -0.096915 -19.377445 -0.985920 0.011945 0.166792 152.594430
0.163512 0.096310 0.981829 237.792274 -0.004404 0.995285 -0.096897 -19.457179 -0.986532 0.011520 0.163165 152.739951
0.159895 0.096341 0.982422 238.672426 -0.004471 0.995287 -0.096875 -19.536839 -0.987124 0.011097 0.159572 152.882357
0.156314 0.096365 0.982995 239.552070 -0.004538 0.995289 -0.096849 -19.616410 -0.987697 0.010678 0.156015 153.021651
0.152771 0.096385 0.983550 240.431057 -0.004605 0.995291 -0.096820 -19.695878 -0.988251 0.010262 0.152496 153.157839
0.149268 0.096399 0.984087 241.309238 -0.004672 0.995294 -0.096788 -19.775227 -0.988786 0.009850 0.149016 153.290932
0.145806 0.096408 0.984605 242.186464 -0.004737 0.995297 -0.096753 -19.854444 -0.989302 0.009443 0.145577 153.420940
0.142388 0.096413 0.985104 243.062588 -0.004800 0.995300 -0.096717 -19.933515 -0.989799 0.009043 0.142182 153.547878
0.139015 0.096414 0.985586 243.937462 -0.004862 0.995304 -0.096679 -20.012429 -0.990278 0.008648 0.138831 153.671762
0.135690 0.096411 0.986049 244.810941 -0.004921 0.995307 -0.096639 -20.091171 -0.990739 0.008261 0.135528 153.792612
0.132415 0.096405 0.986495 245.682880 -0.004978 0.995311 -0.096599 -20.169731 -0.991182 0.007881 0.132274 153.910450
0.129193 0.096396 0.986923 246.553135 -0.005032 0.995315 -0.096558 -20.248096 -0.991607 0.007509 0.129072 154.025303
0.126024 0.096385 0.987334 247.421565 -0.005082 0.995318 -0.096516 -20.326254 -0.992014 0.007146 0.125924 154.137198
0.122913 0.096372 0.987727 248.288028 -0.005130 0.995322 -0.096474 -20.404196 -0.992404 0.006791 0.122832 154.246168
0.119861 0.096357 0.988104 249.152386 -0.005174 0.995326 -0.096433 -20.481910 -0.992777 0.006446 0.119799 154.352246
0.116870 0.096340 0.988463 250.014501 -0.005214 0.995330 -0.096393 -20.559386 -0.993134 0.006111 0.116826 154.455472
0.113943 0.096323 0.988807 250.874237 -0.005252 0.995333 -0.096354 -20.636617 -0.993473 0.005786 0.113917 154.555885
0.111081 0.096306 0.989134 251.731461 -0.005286 0.995337 -0.096316 -20.713592 -0.993797 0.005471 0.111072 154.653529
0.108287 0.096287 0.989446 252.586039 -0.005316 0.995340 -0.096279 -20.790302 -0.994105 0.005166 0.108295 154.748451
0.105564 0.096268 0.989742 253.437843 -0.005344 0.995344 -0.096243 -20.866739 -0.994398 0.004871 0.105587 154.840699
0.102912 0.096248 0.990023 254.286745 -0.005368 0.995347 -0.096207 -20.942893 -0.994676 0.004587 0.102949 154.930325
0.100333 0.096227 0.990290 255.132622 -0.005389 0.995350 -0.096173 -21.018757 -0.994939 0.004313 0.100385 155.017382
0.097829 0.096206 0.990542 255.975353 -0.005407 0.995353 -0.096140 -21.094320 -0.995189 0.004049 0.097895 155.101927
0.095402 0.096186 0.990781 256.814822 -0.005422 0.995356 -0.096108 -21.169576 -0.995424 0.003797 0.095481 155.184016
0.093053 0.096165 0.991006 257.650914 -0.005435 0.995359 -0.096077 -21.244513 -0.995646 0.003554 0.093144 155.263710
0.090783 0.096145 0.991219 258.483521 -0.005445 0.995362 -0.096048 -21.319126 -0.995856 0.003322 0.090886 155.341071
0.088593 0.096125 0.991419 259.312537 -0.005452 0.995364 -0.096020 -21.393404 -0.996053 0.003101 0.088707 155.416161
0.086484 0.096106 0.991607 260.137862 -0.005457 0.995367 -0.095995 -21.467341 -0.996238 0.002890 0.086608 155.489045
0.084457 0.096089 0.991783 260.959400 -0.005460 0.995369 -0.095972 -21.540930 -0.996412 0.002690 0.084590 155.559788
0.082512 0.096074 0.991948 261.777057 -0.005462 0.995371 -0.095951 -21.614163 -0.996575 0.002499 0.082655 155.628457
0.080650 0.096062 0.992103 262.590746 -0.005461 0.995373 -0.095935 -21.687036 -0.996728 0.002319 0.080801 155.695120
0.078871 0.096054 0.992246 263.400386 -0.005460 0.995374 -0.095923 -21.759542 -0.996870 0.002148 0.079031 155.759844
0.077176 0.096051 0.992380 264.205899 -0.005457 0.995374 -0.095916 -21.831680 -0.997003 0.001987 0.077343 155.822698
0.075564 0.096053 0.992504 265.007217 -0.005454 0.995375 -0.095916 -21.903445 -0.997126 0.001835 0.075738 155.883752
0.074036 0.096060 0.992618 265.804274 -0.005450 0.995374 -0.095921 -21.974836 -0.997241 0.001692 0.074217 155.943075
0.072591 0.096074 0.992724 266.597013 -0.005445 0.995373 -0.095932 -22.045851 -0.997347 0.001558 0.072778 156.000736
0.071229 0.096093 0.992820 267.385383 -0.005440 0.995371 -0.095950 -22.116490 -0.997445 0.001433 0.071423 156.056807
0.069950 0.096120 0.992909 268.169337 -0.005435 0.995369 -0.095975 -22.186753 -0.997536 0.001317 0.070149 156.111356
0.068754 0.096153 0.992989 268.948840 -0.005430 0.995366 -0.096007 -22.256641 -0.997619 0.001209 0.068957 156.164453
0.067638 0.096193 0.993062 269.723859 -0.005424 0.995362 -0.096046 -22.326155 -0.997695 0.001110 0.067846 156.216168
0.066603 0.096240 0.993127 270.494371 -0.005417 0.995358 -0.096093 -22.395298 -0.997765 0.001020 0.066815 156.266569
0.065647 0.096295 0.993186 271.260361 -0.005410 0.995352 -0.096147 -22.464073 -0.997828 0.000938 0.065863 156.315724
0.064769 0.096358 0.993237 272.021820 -0.005402 0.995346 -0.096210 -22.532483 -0.997886 0.000866 0.064989 156.363702
0.063969 0.096429 0.993282 272.778749 -0.005392 0.995340 -0.096282 -22.600533 -0.997937 0.000804 0.064191 156.410570
0.063244 0.096510 0.993321 273.531155 -0.005379 0.995332 -0.096363 -22.668228 -0.997984 0.000751 0.063468 156.456393
0.062594 0.096601 0.993353 274.279055 -0.005364 0.995323 -0.096455 -22.735575 -0.998025 0.000709 0.062819 156.501237
0.062015 0.096702 0.993379 275.022475 -0.005347 0.995313 -0.096557 -22.802581 -0.998061 0.000676 0.062242 156.545168
0.061507 0.096813 0.993400 275.761449 -0.005326 0.995302 -0.096669 -22.869257 -0.998092 0.000655 0.061734 156.588249
0.061068 0.096935 0.993415 276.496020 -0.005303 0.995291 -0.096792 -22.935611 -0.998120 0.000643 0.061295 156.630544
0.060695 0.097067 0.993425 277.226241 -0.005275 0.995278 -0.096925 -23.001655 -0.998142 0.000642 0.060921 156.672115
0.060387 0.097209 0.993430 277.952174 -0.005245 0.995264 -0.097069 -23.067399 -0.998161 0.000651 0.060610 156.713022
0.060140 0.097361 0.993430 278.673889 -0.005211 0.995249 -0.097223 -23.132857 -0.998176 0.000670 0.060361 156.753326
0.059952 0.097523 0.993426 279.391466 -0.005174 0.995233 -0.097388 -23.198041 -0.998188 0.000698 0.060170 156.793085
0.059820 0.097695 0.993417 280.104993 -0.005134 0.995216 -0.097563 -23.262965 -0.998196 0.000736 0.060035 156.832354
0.059742 0.097878 0.993404 280.814568 -0.005089 0.995198 -0.097748 -23.327642 -0.998201 0.000784 0.059953 156.871188
0.059715 0.098070 0.993386 281.520298 -0.005040 0.995179 -0.097944 -23.392089 -0.998203 0.000842 0.059922 156.909641
0.059736 0.098273 0.993365 282.222296 -0.004987 0.995159 -0.098150 -23.456320 -0.998202 0.000910 0.059937 156.947763
0.059802 0.098485 0.993340 282.920686 -0.004928 0.995138 -0.098367 -23.520352 -0.998198 0.000987 0.059996 156.985603
0.059910 0.098708 0.993311 283.615600 -0.004865 0.995116 -0.098593 -23.584202 -0.998192 0.001074 0.060097 157.023209
0.060056 0.098939 0.993280 284.307176 -0.004798 0.995093 -0.098830 -23.647887 -0.998183 0.001170 0.060236 157.060626
0.060239 0.099180 0.993244 284.995561 -0.004724 0.995069 -0.099076 -23.711426 -0.998173 0.001276 0.060410 157.097898
0.060454 0.099430 0.993206 285.680909 -0.004646 0.995044 -0.099331 -23.774837 -0.998160 0.001391 0.060616 157.135065
0.060699 0.099689 0.993166 286.363382 -0.004561 0.995018 -0.099596 -23.838140 -0.998146 0.001515 0.060851 157.172167
0.060971 0.099955 0.993122 287.043147 -0.004471 0.994991 -0.099869 -23.901354 -0.998130 0.001649 0.061112 157.209241
0.061267 0.100229 0.993076 287.720377 -0.004375 0.994963 -0.100150 -23.964500 -0.998112 0.001791 0.061397 157.246322
0.061584 0.100511 0.993028 288.395254 -0.004273 0.994934 -0.100439 -24.027599 -0.998093 0.001942 0.061701 157.283442
0.061919 0.100801 0.992978 289.067963 -0.004164 0.994904 -0.100737 -24.090670 -0.998072 0.002102 0.062023 157.320633
0.062270 0.101097 0.992926 289.738695 -0.004049 0.994874 -0.101042 -24.153735 -0.998051 0.002271 0.062360 157.357922
0.062634 0.101401 0.992872 290.407648 -0.003927 0.994843 -0.101355 -24.216817 -0.998029 0.002449 0.062709 157.395335
0.063008 0.101712 0.992817 291.075021 -0.003798 0.994810 -0.101675 -24.279938 -0.998006 0.002636 0.063067 157.432897
0.063391 0.102030 0.992760 291.741018 -0.003661 0.994777 -0.102003 -24.343121 -0.997982 0.002831 0.063433 157.470631
0.063779 0.102354 0.992701 292.405847 -0.003517 0.994743 -0.102338 -24.406389 -0.997958 0.003036 0.063804 157.508558
0.064172 0.102684 0.992642 293.069718 -0.003364 0.994709 -0.102681 -24.469768 -0.997933 0.003250 0.064178 157.546696
0.064567 0.103021 0.992581 293.732844 -0.003202 0.994673 -0.103029 -24.533281 -0.997908 0.003474 0.064553 157.585064
0.064962 0.103362 0.992520 294.395437 -0.003031 0.994637 -0.103384 -24.596953 -0.997883 0.003707 0.064927 157.623677
0.065357 0.103708 0.992458 295.057714 -0.002850 0.994600 -0.103744 -24.660810 -0.997858 0.003952 0.065299 157.662552
0.065749 0.104058 0.992396 295.719891 -0.002659 0.994562 -0.104109 -24.724875 -0.997833 0.004207 0.065668 157.701701
0.066138 0.104412 0.992332 296.382183 -0.002456 0.994524 -0.104479 -24.789173 -0.997807 0.004473 0.066033 157.741139
0.066523 0.104769 0.992269 297.044808 -0.002242 0.994485 -0.104853 -24.853730 -0.997782 0.004751 0.066391 157.780877
0.066904 0.105128 0.992206 297.707982 -0.002015 0.994446 -0.105229 -24.918568 -0.997757 0.005041 0.066744 157.820926
0.067279 0.105487 0.992142 298.371921 -0.001776 0.994406 -0.105607 -24.983711 -0.997733 0.005343 0.067090 157.861299
0.067648 0.105846 0.992079 299.036837 -0.001525 0.994366 -0.105986 -25.049183 -0.997708 0.005657 0.067428 157.902006
0.068011 0.106204 0.992016 299.702942 -0.001260 0.994326 -0.106365 -25.115006 -0.997684 0.005984 0.067759 157.943059
0.068368 0.106561 0.991953 300.370443 -0.000982 0.994286 -0.106744 -25.181200 -0.997660 0.006323 0.068082 157.984467
0.068719 0.106916 0.991890 301.039548 -0.000692 0.994246 -0.107122 -25.247788 -0.997636 0.006675 0.068398 158.026241
0.069065 0.107268 0.991828 301.710457 -0.000388 0.994205 -0.107498 -25.314789 -0.997612 0.007039 0.068706 158.068393
0.069405 0.107616 0.991767 302.383367 -0.000072 0.994165 -0.107871 -25.382223 -0.997589 0.007415 0.069008 158.110933
0.069741 0.107960 0.991706 303.058474 0.000257 0.994125 -0.108241 -25.450108 -0.997565 0.007804 0.069303 158.153872
0.070072 0.108299 0.991646 303.735963 0.000598 0.994084 -0.108608 -25.518463 -0.997542 0.008203 0.069593 158.197221
0.070400 0.108633 0.991586 304.416019 0.000950 0.994045 -0.108970 -25.587304 -0.997518 0.008614 0.069878 158.240993
0.070727 0.108961 0.991527 305.098817 0.001314 0.994005 -0.109327 -25.656647 -0.997495 0.009035 0.070159 158.285199
0.071052 0.109283 0.991468 305.784528 0.001688 0.993966 -0.109680 -25.726509 -0.997471 0.009467 0.070439 158.329853
0.071378 0.109599 0.991410 306.473316 0.002073 0.993927 -0.110026 -25.796903 -0.997447 0.009908 0.070717 158.374967
0.071705 0.109907 0.991352 307.165336 0.002466 0.993888 -0.110366 -25.867844 -0.997423 0.010359 0.070996 158.420557
0.072036 0.110207 0.991295 307.860736 0.002868 0.993850 -0.110699 -25.939344 -0.997398 0.010817 0.071277 158.466637
0.072372 0.110499 0.991238 308.559658 0.003277 0.993812 -0.111025 -26.011414 -0.997372 0.011284 0.071562 158.513224
0.072715 0.110783 0.991181 309.262232 0.003693 0.993775 -0.111344 -26.084066 -0.997346 0.011757 0.071853 158.560334
0.073066 0.111057 0.991124 309.968581 0.004115 0.993739 -0.111654 -26.157308 -0.997319 0.012237 0.072151 158.607984
0.073427 0.111323 0.991068 310.678819 0.004542 0.993703 -0.111956 -26.231149 -0.997290 0.012722 0.072459 158.656194
0.073801 0.111580 0.991011 311.393048 0.004973 0.993668 -0.112249 -26.305595 -0.997261 0.013212 0.072779 158.704983
0.074189 0.111827 0.990954 312.111362 0.005406 0.993633 -0.112534 -26.380653 -0.997230 0.013706 0.073112 158.754372
0.074593 0.112065 0.990897 312.833846 0.005842 0.993599 -0.112810 -26.456327 -0.997197 0.014204 0.073461 158.804382
0.075016 0.112292 0.990840 313.560573 0.006280 0.993566 -0.113077 -26.532622 -0.997163 0.014705 0.073828 158.855035
0.075459 0.112510 0.990781 314.291607 0.006718 0.993534 -0.113334 -26.609539 -0.997126 0.015208 0.074215 158.906355
0.075925 0.112717 0.990722 315.027002 0.007156 0.993503 -0.113582 -26.687082 -0.997088 0.015713 0.074625 158.958367
0.076416 0.112914 0.990662 315.766803 0.007593 0.993472 -0.113820 -26.765251 -0.997047 0.016219 0.075060 159.011095
0.076934 0.113101 0.990601 316.511044 0.008027 0.993443 -0.114049 -26.844044 -0.997004 0.016726 0.075521 159.064567
0.077480 0.113276 0.990538 317.259751 0.008459 0.993414 -0.114267 -26.923461 -0.996958 0.017233 0.076012 159.118810
0.078058 0.113441 0.990474 318.012938 0.008888 0.993386 -0.114475 -27.003499 -0.996909 0.017739 0.076534 159.173853
0.078670 0.113595 0.990408 318.770611 0.009312 0.993360 -0.114673 -27.084154 -0.996857 0.018244 0.077089 159.229726
0.079316 0.113739 0.990340 319.532768 0.009731 0.993334 -0.114862 -27.165422 -0.996802 0.018748 0.077681 159.286458
0.080001 0.113872 0.990269 320.299395 0.010145 0.993309 -0.115041 -27.247297 -0.996743 0.019249 0.078310 159.344082
0.080725 0.113996 0.990196 321.070473 0.010552 0.993285 -0.115211 -27.329774 -0.996681 0.019749 0.078980 159.402632
0.081491 0.114109 0.990120 321.845973 0.010953 0.993262 -0.115373 -27.412844 -0.996614 0.020246 0.079692 159.462141
0.082301 0.114213 0.990041 322.625859 0.011347 0.993240 -0.115525 -27.496501 -0.996543 0.020741 0.080449 159.522645
0.083158 0.114306 0.989959 323.410087 0.011733 0.993219 -0.115668 -27.580736 -0.996467 0.021234 0.081253 159.584181
0.084062 0.114390 0.989873 324.198606 0.012111 0.993198 -0.115803 -27.665539 -0.996387 0.021723 0.082105 159.646789
0.085017 0.114464 0.989783 324.991355 0.012481 0.993179 -0.115929 -27.750901 -0.996301 0.022209 0.083008 159.710507
0.086023 0.114528 0.989688 325.788270 0.012841 0.993161 -0.116046 -27.836811 -0.996210 0.022691 0.083964 159.775378
0.087084 0.114583 0.989589 326.589278 0.013192 0.993143 -0.116156 -27.923259 -0.996114 0.023170 0.084975 159.841445
0.088200 0.114628 0.989485 327.394303 0.013533 0.993127 -0.116256 -28.010230 -0.996011 0.023644 0.086043 159.908751
0.089374 0.114663 0.989376 328.203260 0.013863 0.993112 -0.116348 -28.097714 -0.995902 0.024114 0.087169 159.977343
0.090607 0.114688 0.989261 329.016060 0.014182 0.993097 -0.116432 -28.185697 -0.995786 0.024579 0.088355 160.047266
0.091900 0.114704 0.989140 329.832610 0.014488 0.993084 -0.116508 -28.274164 -0.995663 0.025038 0.089602 160.118569
0.093255 0.114711 0.989012 330.652811 0.014781 0.993072 -0.116576 -28.363100 -0.995533 0.025490 0.090913 160.191299
0.094673 0.114709 0.988878 331.476559 0.015060 0.993061 -0.116636 -28.452492 -0.995395 0.025934 0.092288 160.265507
0.096154 0.114698 0.988736 332.303748 0.015323 0.993050 -0.116689 -28.542322 -0.995248 0.026370 0.093729 160.341243
0.097701 0.114678 0.988587 333.134267 0.015570 0.993041 -0.116733 -28.632577 -0.995094 0.026797 0.095236 160.418559
0.099313 0.114650 0.988429 333.968001 0.015799 0.993033 -0.116771 -28.723239 -0.994931 0.027213 0.096810 160.497506
0.100992 0.114613 0.988263 334.804832 0.016009 0.993026 -0.116802 -28.814292 -0.994758 0.027617 0.098453 160.578137
0.102737 0.114570 0.988089 335.644639 0.016200 0.993020 -0.116826 -28.905720 -0.994577 0.028009 0.100164 160.660507
0.104549 0.114519 0.987904 336.487301 0.016370 0.993015 -0.116844 -28.997507 -0.994385 0.028388 0.101944 160.744668
0.106428 0.114462 0.987710 337.332690 0.016520 0.993011 -0.116856 -29.089637 -0.994183 0.028753 0.103793 160.830673
0.108374 0.114399 0.987506 338.180681 0.016647 0.993008 -0.116863 -29.182095 -0.993971 0.029104 0.105712 160.918578
0.110387 0.114330 0.987291 339.031144 0.016753 0.993007 -0.116865 -29.274864 -0.993747 0.029440 0.107700 161.008436
0.112467 0.114256 0.987065 339.883950 0.016836 0.993006 -0.116861 -29.367930 -0.993513 0.029761 0.109757 161.100301
0.114613 0.114177 0.986827 340.738969 0.016896 0.993005 -0.116854 -29.461277 -0.993267 0.030066 0.111882 161.194228
0.116824 0.114094 0.986577 341.596069 0.016932 0.993006 -0.116843 -29.554892 -0.993008 0.030355 0.114075 161.290270
0.119101 0.114008 0.986315 342.455119 0.016946 0.993008 -0.116827 -29.648760 -0.992738 0.030628 0.116336 161.388482
0.121440 0.113918 0.986040 343.315988 0.016936 0.993010 -0.116809 -29.742866 -0.992454 0.030885 0.118662 161.488917
0.123842 0.113825 0.985752 344.178547 0.016903 0.993013 -0.116787 -29.837199 -0.992158 0.031125 0.121053 161.591626
0.126305 0.113729 0.985451 345.042665 0.016847 0.993017 -0.116762 -29.931743 -0.991848 0.031349 0.123507 161.696661
0.128826 0.113631 0.985135 345.908215 0.016768 0.993022 -0.116733 -30.026487 -0.991525 0.031557 0.126022 161.804074
0.131405 0.113530 0.984806 346.775071 0.016667 0.993027 -0.116701 -30.121418 -0.991189 0.031749 0.128597 161.913912
0.134039 0.113426 0.984463 347.643108 0.016543 0.993033 -0.116666 -30.216521 -0.990838 0.031924 0.131229 162.026223
0.136727 0.113321 0.984106 348.512206 0.016398 0.993040 -0.116628 -30.311786 -0.990473 0.032084 0.133917 162.141052
0.139465 0.113213 0.983734 349.382244 0.016232 0.993048 -0.116586 -30.407199 -0.990094 0.032228 0.136657 162.258444
0.142251 0.113103 0.983347 350.253107 0.016046 0.993056 -0.116541 -30.502749 -0.989700 0.032357 0.139449 162.378439
0.145084 0.112992 0.982946 351.124683 0.015840 0.993065 -0.116493 -30.598423 -0.989292 0.032471 0.142288 162.501077
0.147961 0.112878 0.982530 351.996861 0.015615 0.993075 -0.116441 -30.694211 -0.988870 0.032571 0.145174 162.626396
0.150879 0.112762 0.982100 352.869535 0.015372 0.993085 -0.116385 -30.790100 -0.988433 0.032657 0.148103 162.754430
0.153836 0.112644 0.981655 353.742604 0.015112 0.993096 -0.116325 -30.886081 -0.987981 0.032730 0.151072 162.885214
0.156830 0.112524 0.981195 354.615967 0.014835 0.993108 -0.116261 -30.982142 -0.987514 0.032789 0.154079 163.018778
0.159857 0.112402 0.980720 355.489527 0.014541 0.993120 -0.116194 -31.078273 -0.987033 0.032835 0.157122 163.155153
0.162915 0.112279 0.980231 356.363194 0.014233 0.993133 -0.116122 -31.174464 -0.986537 0.032869 0.160198 163.294364
0.166001 0.112154 0.979727 357.236875 0.013909 0.993146 -0.116047 -31.270705 -0.986027 0.032891 0.163304 163.436436
0.169113 0.112028 0.979209 358.110486 0.013571 0.993160 -0.115968 -31.366986 -0.985503 0.032901 0.166436 163.581391
0.172248 0.111901 0.978677 358.983945 0.013220 0.993175 -0.115885 -31.463300 -0.984965 0.032899 0.169593 163.729249
0.175402 0.111772 0.978132 359.857171 0.012856 0.993190 -0.115798 -31.559636 -0.984413 0.032886 0.172770 163.880025
0.178572 0.111641 0.977573 360.730090 0.012479 0.993205 -0.115706 -31.655985 -0.983848 0.032861 0.175966 164.033734
0.181756 0.111510 0.977001 361.602629 0.012092 0.993221 -0.115611 -31.752340 -0.983269 0.032827 0.179176 164.190386
0.184950 0.111377 0.976416 362.474721 0.011694 0.993237 -0.115510 -31.848691 -0.982678 0.032782 0.182397 164.349989
0.188151 0.111242 0.975820 363.346299 0.011286 0.993254 -0.115405 -31.945031 -0.982075 0.032726 0.185626 164.512548
0.191355 0.111106 0.975212 364.217302 0.010868 0.993272 -0.115296 -32.041352 -0.981461 0.032661 0.188860 164.678065
0.194560 0.110968 0.974594 365.087670 0.010443 0.993290 -0.115182 -32.137645 -0.980835 0.032587 0.192095 164.846538
0.197761 0.110829 0.973965 365.957347 0.010009 0.993308 -0.115063 -32.233903 -0.980199 0.032504 0.195328 165.017962
0.200955 0.110689 0.973327 366.826281 0.009569 0.993326 -0.114939 -32.330119 -0.979554 0.032411 0.198555 165.192329
0.204139 0.110547 0.972680 367.694422 0.009123 0.993346 -0.114811 -32.426286 -0.978899 0.032311 0.201772 165.369626
0.207310 0.110404 0.972025 368.561723 0.008672 0.993365 -0.114677 -32.522396 -0.978237 0.032203 0.204977 165.549839
0.210464 0.110258 0.971364 369.428141 0.008218 0.993385 -0.114538 -32.618442 -0.977567 0.032088 0.208166 165.732949
0.213598 0.110112 0.970696 370.293635 0.007760 0.993405 -0.114395 -32.714417 -0.976891 0.031967 0.211335 165.918934
0.216709 0.109963 0.970023 371.158167 0.007301 0.993425 -0.114247 -32.810313 -0.976209 0.031841 0.214481 166.107769
0.219793 0.109814 0.969346 372.021703 0.006842 0.993446 -0.114096 -32.906125 -0.975522 0.031710 0.217602 166.299426
0.222848 0.109663 0.968665 372.884210 0.006384 0.993467 -0.113940 -33.001846 -0.974832 0.031575 0.220692 166.493874
0.225871 0.109512 0.967982 373.745659 0.005928 0.993488 -0.113780 -33.097469 -0.974139 0.031438 0.223751 166.691081
0.228858 0.109359 0.967298 374.606024 0.005476 0.993509 -0.113618 -33.192988 -0.973444 0.031299 0.226774 166.891009
0.231807 0.109205 0.966613 375.465281 0.005029 0.993531 -0.113452 -33.288398 -0.972749 0.031160 0.229758 167.093619
0.234716 0.109050 0.965928 376.323407 0.004589 0.993552 -0.113284 -33.383695 -0.972053 0.031022 0.232702 167.298870
0.237581 0.108894 0.965245 377.180384 0.004157 0.993573 -0.113113 -33.478871 -0.971359 0.030886 0.235602 167.506716
0.240401 0.108737 0.964564 378.036194 0.003735 0.993595 -0.112940 -33.573924 -0.970666 0.030753 0.238456 167.717112
0.243174 0.108578 0.963887 378.890823 0.003323 0.993616 -0.112765 -33.668848 -0.969977 0.030625 0.241261 167.930006
0.245896 0.108418 0.963214 379.744256 0.002924 0.993637 -0.112589 -33.763638 -0.969292 0.030501 0.244015 168.145347
0.248567 0.108256 0.962546 380.596480 0.002538 0.993659 -0.112410 -33.858289 -0.968611 0.030384 0.246716 168.363080
0.251184 0.108092 0.961885 381.447484 0.002167 0.993680 -0.112231 -33.952797 -0.967937 0.030275 0.249362 168.583147
0.253746 0.107925 0.961231 382.297257 0.001812 0.993701 -0.112049 -34.047155 -0.967269 0.030174 0.251952 168.805488
0.256250 0.107756 0.960586 383.145786 0.001473 0.993722 -0.111866 -34.141359 -0.966609 0.030081 0.254483 169.030040
0.258696 0.107583 0.959949 383.993063 0.001153 0.993743 -0.111681 -34.235402 -0.965958 0.029998 0.256954 169.256739
0.261082 0.107407 0.959323 384.839075 0.000851 0.993765 -0.111495 -34.329279 -0.965316 0.029925 0.259363 169.485516
0.263408 0.107227 0.958707 385.683812 0.000568 0.993786 -0.111306 -34.422982 -0.964684 0.029863 0.261710 169.716302
0.265672 0.107043 0.958102 386.527262 0.000305 0.993807 -0.111116 -34.516504 -0.964063 0.029812 0.263994 169.949026
0.267873 0.106855 0.957510 387.369411 0.000062 0.993829 -0.110925 -34.609837 -0.963454 0.029773 0.266214 170.183614
0.270012 0.106662 0.956931 388.210245 -0.000160 0.993850 -0.110732 -34.702975 -0.962857 0.029746 0.268369 170.419990
0.272087 0.106465 0.956365 389.049747 -0.000362 0.993872 -0.110538 -34.795908 -0.962272 0.029730 0.270459 170.658079
0.274099 0.106265 0.955812 389.887901 -0.000543 0.993893 -0.110342 -34.888628 -0.961701 0.029725 0.272483 170.897802
0.276048 0.106059 0.955274 390.724686 -0.000704 0.993915 -0.110146 -34.981128 -0.961144 0.029733 0.274443 171.139079
0.277933 0.105850 0.954751 391.560081 -0.000844 0.993937 -0.109949 -35.073399 -0.960600 0.029753 0.276337 171.381832
0.279755 0.105638 0.954242 392.394060 -0.000963 0.993959 -0.109752 -35.165433 -0.960071 0.029785 0.278167 171.625979
0.281515 0.105422 0.953748 393.226596 -0.001062 0.993980 -0.109555 -35.257221 -0.959556 0.029829 0.279932 171.871440
0.283212 0.105202 0.953270 394.057661 -0.001140 0.994002 -0.109359 -35.348756 -0.959057 0.029885 0.281633 172.118132
0.284847 0.104980 0.952807 394.887220 -0.001198 0.994023 -0.109162 -35.440030 -0.958572 0.029953 0.283271 172.365976
0.286421 0.104754 0.952360 395.715240 -0.001237 0.994045 -0.108967 -35.531033 -0.958103 0.030032 0.284845 172.614888
0.287934 0.104526 0.951929 396.541682 -0.001256 0.994066 -0.108773 -35.621758 -0.957649 0.030124 0.286357 172.864786
0.289387 0.104296 0.951513 397.366506 -0.001256 0.994087 -0.108580 -35.712197 -0.957211 0.030226 0.287807 173.115588
0.290781 0.104064 0.951114 398.189670 -0.001237 0.994108 -0.108389 -35.802340 -0.956789 0.030341 0.289197 173.367213
0.292117 0.103830 0.950730 399.011129 -0.001199 0.994128 -0.108201 -35.892181 -0.956382 0.030467 0.290526 173.619576
0.293395 0.103594 0.950362 399.830837 -0.001143 0.994149 -0.108014 -35.981711 -0.955991 0.030605 0.291797 173.872597
0.294617 0.103358 0.950009 400.648744 -0.001069 0.994169 -0.107831 -36.070922 -0.955615 0.030754 0.293010 174.126195
0.295784 0.103120 0.949672 401.464798 -0.000976 0.994188 -0.107650 -36.159806 -0.955254 0.030914 0.294166 174.380288
0.296898 0.102883 0.949351 402.278946 -0.000866 0.994208 -0.107473 -36.248356 -0.954909 0.031086 0.295267 174.634798
0.297959 0.102644 0.949044 403.091131 -0.000739 0.994227 -0.107299 -36.336565 -0.954578 0.031269 0.296315 174.889646
0.298970 0.102406 0.948752 403.901295 -0.000596 0.994245 -0.107129 -36.424425 -0.954262 0.031463 0.297311 175.144755
0.299932 0.102167 0.948474 404.709376 -0.000436 0.994263 -0.106962 -36.511930 -0.953960 0.031667 0.298256 175.400048
0.300847 0.101929 0.948210 405.515310 -0.000261 0.994281 -0.106798 -36.599073 -0.953672 0.031882 0.299153 175.655450
0.301716 0.101690 0.947959 406.319032 -0.000071 0.994298 -0.106638 -36.685846 -0.953398 0.032108 0.300003 175.910887
0.302543 0.101451 0.947721 407.120473 0.000134 0.994315 -0.106481 -36.772243 -0.953136 0.032342 0.300809 176.166288
0.303328 0.101212 0.947496 407.919561 0.000353 0.994331 -0.106328 -36.858256 -0.952886 0.032587 0.301572 176.421581
0.304073 0.100974 0.947282 408.716221 0.000584 0.994347 -0.106178 -36.943878 -0.952649 0.032840 0.302295 176.676697
0.304781 0.100737 0.947080 409.510376 0.000828 0.994362 -0.106032 -37.029102 -0.952422 0.033101 0.302979 176.931568
0.305453 0.100501 0.946889 410.301947 0.001083 0.994377 -0.105890 -37.113922 -0.952207 0.033370 0.303627 177.186128
0.306092 0.100266 0.946707 411.090849 0.001348 0.994392 -0.105752 -37.198331 -0.952001 0.033646 0.304240 177.440312
0.306699 0.100032 0.946536 411.876997 0.001622 0.994406 -0.105616 -37.282322 -0.951805 0.033928 0.304821 177.694057
0.307276 0.099799 0.946373 412.660300 0.001904 0.994419 -0.105484 -37.365888 -0.951619 0.034214 0.305371 177.947300
0.307825 0.099568 0.946219 413.440664 0.002192 0.994432 -0.105355 -37.449024 -0.951441 0.034505 0.305893 178.199980
0.308348 0.099338 0.946073 414.217994 0.002486 0.994445 -0.105228 -37.531722 -0.951270 0.034799 0.306388 178.452036
0.308846 0.099110 0.945934 414.992188 0.002785 0.994457 -0.105103 -37.613978 -0.951108 0.035095 0.306859 178.703409
0.309323 0.098882 0.945802 415.763143 0.003087 0.994470 -0.104980 -37.695784 -0.950952 0.035392 0.307307 178.954039
0.309778 0.098656 0.945677 416.530752 0.003391 0.994481 -0.104858 -37.777133 -0.950803 0.035690 0.307734 179.203870
0.310214 0.098431 0.945557 417.294903 0.003696 0.994493 -0.104738 -37.858017 -0.950660 0.035986 0.308142 179.452843
0.310633 0.098208 0.945443 418.055482 0.004002 0.994504 -0.104619 -37.938430 -0.950522 0.036281 0.308533 179.700903
0.311036 0.097987 0.945333 418.812374 0.004306 0.994515 -0.104502 -38.018362 -0.950388 0.036574 0.308908 179.947993
0.311424 0.097769 0.945228 419.565459 0.004607 0.994526 -0.104386 -38.097806 -0.950260 0.036863 0.309269 180.194060
0.311801 0.097552 0.945126 420.314617 0.004906 0.994537 -0.104271 -38.176753 -0.950135 0.037148 0.309619 180.439050
0.312166 0.097339 0.945028 421.059726 0.005200 0.994547 -0.104157 -38.255196 -0.950013 0.037428 0.309958 180.682912
0.312522 0.097128 0.944932 421.800662 0.005489 0.994557 -0.104045 -38.333125 -0.949895 0.037703 0.310288 180.925594
0.312871 0.096921 0.944837 422.537304 0.005771 0.994567 -0.103934 -38.410531 -0.949778 0.037971 0.310612 181.167048
0.313215 0.096719 0.944744 423.269526 0.006047 0.994577 -0.103825 -38.487407 -0.949663 0.038232 0.310931 181.407226
0.313555 0.096520 0.944652 423.997206 0.006314 0.994587 -0.103718 -38.563743 -0.949549 0.038486 0.311248 181.646084
0.313893 0.096326 0.944559 424.720221 0.006572 0.994596 -0.103613 -38.639532 -0.949435 0.038731 0.311564 181.883578
0.314233 0.096138 0.944466 425.438448 0.006820 0.994605 -0.103511 -38.714766 -0.949322 0.038968 0.311882 182.119666
0.314575 0.095955 0.944370 426.151766 0.007058 0.994614 -0.103411 -38.789439 -0.949206 0.039196 0.312203 182.354309
0.314922 0.095778 0.944273 426.860055 0.007285 0.994622 -0.103315 -38.863543 -0.949090 0.039415 0.312531 182.587470
0.315277 0.095607 0.944171 427.563198 0.007500 0.994630 -0.103221 -38.937071 -0.948970 0.039625 0.312867 182.819114
0.315642 0.095443 0.944066 428.261078 0.007703 0.994638 -0.103131 -39.010019 -0.948847 0.039825 0.313214 183.049208
0.316018 0.095286 0.943956 428.953580 0.007893 0.994645 -0.103046 -39.082379 -0.948720 0.040015 0.313574 183.277720
0.316408 0.095136 0.943841 429.640594 0.008070 0.994652 -0.102964 -39.154145 -0.948589 0.040196 0.313948 183.504622
0.316813 0.094994 0.943719 430.322010 0.008234 0.994659 -0.102885 -39.225312 -0.948452 0.040366 0.314339 183.729885
0.317235 0.094858 0.943591 430.997724 0.008384 0.994666 -0.102811 -39.295873 -0.948310 0.040526 0.314748 183.953485
0.317676 0.094730 0.943455 431.667632 0.008519 0.994672 -0.102741 -39.365823 -0.948161 0.040675 0.315176 184.175397
0.318136 0.094610 0.943312 432.331635 0.008640 0.994677 -0.102675 -39.435156 -0.948006 0.040814 0.315625 184.395598
0.318617 0.094497 0.943162 432.989638 0.008746 0.994683 -0.102613 -39.503866 -0.947843 0.040943 0.316096 184.614067
0.319119 0.094392 0.943002 433.641549 0.008837 0.994688 -0.102556 -39.571947 -0.947674 0.041061 0.316589 184.830782
0.319643 0.094295 0.942835 434.287282 0.008914 0.994693 -0.102504 -39.639394 -0.947496 0.041169 0.317106 185.045725
0.320189 0.094206 0.942658 434.926753 0.008975 0.994697 -0.102455 -39.706202 -0.947311 0.041265 0.317645 185.258879
0.320757 0.094124 0.942473 435.559883 0.009022 0.994701 -0.102411 -39.772365 -0.947119 0.041352 0.318208 185.470228
0.321347 0.094050 0.942279 436.186597 0.009053 0.994705 -0.102370 -39.837877 -0.946918 0.041427 0.318794 185.679757
0.321960 0.093983 0.942077 436.806825 0.009070 0.994709 -0.102333 -39.902735 -0.946710 0.041492 0.319404 185.887454
0.322594 0.093923 0.941866 437.420499 0.009072 0.994712 -0.102300 -39.966933 -0.946494 0.041545 0.320036 186.093305
0.323250 0.093870 0.941646 438.027559 0.009058 0.994715 -0.102270 -40.030467 -0.946270 0.041588 0.320691 186.297299
0.323926 0.093824 0.941419 438.627946 0.009030 0.994718 -0.102243 -40.093332 -0.946039 0.041621 0.321368 186.499427
0.324623 0.093784 0.941182 439.221609 0.008988 0.994721 -0.102219 -40.155524 -0.945801 0.041642 0.322067 186.699680
0.325340 0.093751 0.940938 439.808498 0.008931 0.994724 -0.102198 -40.217038 -0.945555 0.041653 0.322786 186.898048
0.326076 0.093725 0.940686 440.388571 0.008861 0.994726 -0.102181 -40.277870 -0.945302 0.041654 0.323526 187.094526
0.326831 0.093706 0.940426 440.961788 0.008776 0.994729 -0.102167 -40.338017 -0.945042 0.041644 0.324286 187.289108
0.327604 0.093695 0.940158 441.528116 0.008677 0.994730 -0.102157 -40.397474 -0.944775 0.041625 0.325065 187.481788
0.328395 0.093691 0.939882 442.087525 0.008564 0.994732 -0.102151 -40.456238 -0.944502 0.041595 0.325863 187.672565
0.329204 0.093695 0.939599 442.639991 0.008438 0.994733 -0.102149 -40.514308 -0.944221 0.041556 0.326680 187.861436
0.330031 0.093706 0.939308 443.185497 0.008299 0.994734 -0.102151 -40.571679 -0.943934 0.041508 0.327515 188.048400
0.330875 0.093724 0.939009 443.724027 0.008146 0.994735 -0.102157 -40.628351 -0.943639 0.041450 0.328370 188.233457
0.331737 0.093751 0.938702 444.255574 0.007981 0.994735 -0.102167 -40.684321 -0.943338 0.041384 0.329243 188.416608
0.332617 0.093785 0.938387 444.780135 0.007803 0.994735 -0.102182 -40.739588 -0.943030 0.041309 0.330135 188.597858
0.333516 0.093826 0.938064 445.297711 0.007613 0.994735 -0.102201 -40.794150 -0.942714 0.041227 0.331046 188.777211
0.334434 0.093876 0.937732 445.808312 0.007411 0.994734 -0.102226 -40.848007 -0.942390 0.041137 0.331977 188.954671
0.335372 0.093934 0.937391 446.311949 0.007198 0.994732 -0.102255 -40.901159 -0.942058 0.041041 0.332929 189.130246
0.336330 0.094000 0.937041 446.808641 0.006975 0.994730 -0.102291 -40.953602 -0.941718 0.040939 0.333902 189.303947
0.337310 0.094075 0.936681 447.298413 0.006741 0.994727 -0.102332 -41.005338 -0.941370 0.040831 0.334897 189.475782
0.338312 0.094158 0.936312 447.781294 0.006496 0.994724 -0.102380 -41.056367 -0.941012 0.040719 0.335915 189.645764
0.339337 0.094250 0.935931 448.257321 0.006242 0.994720 -0.102434 -41.106688 -0.940644 0.040602 0.336957 189.813907
0.340387 0.094352 0.935540 448.726533 0.005978 0.994716 -0.102495 -41.156303 -0.940266 0.040481 0.338024 189.980227
0.341462 0.094461 0.935137 449.188977 0.005706 0.994710 -0.102562 -41.205213 -0.939878 0.040357 0.339117 190.144739
0.342564 0.094580 0.934722 449.644702 0.005424 0.994704 -0.102637 -41.253421 -0.939479 0.040230 0.340237 190.307462
0.343694 0.094707 0.934294 450.093764 0.005134 0.994697 -0.102718 -41.300928 -0.939068 0.040101 0.341385 190.468413
0.344851 0.094842 0.933854 450.536221 0.004836 0.994690 -0.102807 -41.347739 -0.938645 0.039970 0.342561 190.627612
0.346038 0.094986 0.933400 450.972133 0.004530 0.994681 -0.102902 -41.393856 -0.938210 0.039837 0.343767 190.785079
0.347253 0.095139 0.932933 451.401565 0.004217 0.994672 -0.103004 -41.439284 -0.937762 0.039702 0.345001 190.940834
0.348497 0.095299 0.932453 451.824584 0.003895 0.994662 -0.103113 -41.484027 -0.937302 0.039567 0.346266 191.094899
0.349770 0.095469 0.931959 452.241257 0.003567 0.994651 -0.103229 -41.528090 -0.936829 0.039430 0.347559 191.247292
0.351071 0.095645 0.931451 452.651655 0.003231 0.994640 -0.103352 -41.571478 -0.936343 0.039293 0.348880 191.398033
0.352398 0.095830 0.930931 453.055852 0.002888 0.994627 -0.103480 -41.614196 -0.935846 0.039155 0.350228 191.547140
0.353750 0.096022 0.930398 453.453921 0.002540 0.994614 -0.103615 -41.656249 -0.935336 0.039017 0.351601 191.694631
0.355126 0.096221 0.929853 453.845936 0.002186 0.994600 -0.103755 -41.697643 -0.934816 0.038878 0.352998 191.840522
0.356522 0.096426 0.929298 454.231976 0.001826 0.994586 -0.103901 -41.738383 -0.934285 0.038740 0.354416 191.984828
0.357935 0.096637 0.928732 454.608349 0.001462 0.994571 -0.104051 -41.778126 -0.933745 0.038601 0.355850 192.125970
0.359359 0.096853 0.928160 454.971367 0.001095 0.994555 -0.104205 -41.816532 -0.933199 0.038463 0.357296 192.262369
0.360791 0.097074 0.927581 455.317340 0.000726 0.994539 -0.104363 -41.853258 -0.932646 0.038326 0.358751 192.392442
0.362228 0.097298 0.926997 455.642580 0.000355 0.994522 -0.104524 -41.887963 -0.932090 0.038191 0.360209 192.514608
0.363664 0.097526 0.926411 455.943398 -0.000015 0.994505 -0.104688 -41.920306 -0.931530 0.038057 0.361668 192.627283
0.365099 0.097756 0.925822 456.216106 -0.000385 0.994487 -0.104855 -41.949945 -0.930969 0.037926 0.363124 192.728885
0.366528 0.097989 0.925233 456.457016 -0.000754 0.994469 -0.105023 -41.976542 -0.930407 0.037797 0.364575 192.817828
0.367950 0.098223 0.924643 456.662437 -0.001120 0.994451 -0.105193 -41.999754 -0.929845 0.037670 0.366019 192.892529
0.369364 0.098459 0.924054 456.828678 -0.001485 0.994433 -0.105364 -42.019243 -0.929283 0.037546 0.367454 192.951403
0.370769 0.098695 0.923466 456.952047 -0.001846 0.994414 -0.105536 -42.034669 -0.928723 0.037424 0.368880 192.992865
0.372165 0.098931 0.922879 457.028849 -0.002205 0.994395 -0.105708 -42.045692 -0.928164 0.037306 0.370297 193.015328
0.373551 0.099167 0.922293 457.055388 -0.002560 0.994376 -0.105881 -42.051972 -0.927606 0.037191 0.371704 193.017208
0.374929 0.099403 0.921709 457.027964 -0.002912 0.994356 -0.106053 -42.053171 -0.927049 0.037079 0.373103 192.996917
0.376300 0.099638 0.921125 456.942876 -0.003260 0.994337 -0.106226 -42.048948 -0.926492 0.036970 0.374494 192.952869
0.377665 0.099873 0.920540 456.796420 -0.003604 0.994317 -0.106398 -42.038962 -0.925935 0.036865 0.375879 192.883477
0.379026 0.100106 0.919955 456.584887 -0.003945 0.994297 -0.106570 -42.022874 -0.925378 0.036763 0.377260 192.787152
0.380385 0.100339 0.919369 456.304568 -0.004283 0.994277 -0.106743 -42.000343 -0.924818 0.036666 0.378638 192.662306
0.381743 0.100571 0.918780 455.951749 -0.004617 0.994258 -0.106914 -41.971028 -0.924257 0.036571 0.380016 192.507352
0.383104 0.100802 0.918189 455.522715 -0.004949 0.994237 -0.107086 -41.934587 -0.923692 0.036481 0.381395 192.320701
0.384469 0.101031 0.917593 455.013747 -0.005278 0.994217 -0.107256 -41.890680 -0.923123 0.036394 0.382779 192.100763
0.385840 0.101259 0.916992 454.421121 -0.005604 0.994197 -0.107426 -41.838964 -0.922549 0.036311 0.384169 191.845949
0.387220 0.101485 0.916385 453.741114 -0.005928 0.994177 -0.107595 -41.779099 -0.921968 0.036231 0.385567 191.554667
0.388609 0.101709 0.915772 452.969997 -0.006250 0.994157 -0.107763 -41.710742 -0.921381 0.036154 0.386974 191.225327
0.390010 0.101932 0.915151 452.104040 -0.006570 0.994137 -0.107930 -41.633551 -0.920787 0.036081 0.388393 190.856336
0.391399 0.102151 0.914534 451.045468 -0.006884 0.994117 -0.108094 -41.538507 -0.920195 0.036012 0.389800 190.406404
0.392778 0.102366 0.913918 449.794297 -0.007193 0.994097 -0.108256 -41.425614 -0.919605 0.035947 0.391196 189.875518
0.394148 0.102578 0.913304 448.350541 -0.007496 0.994077 -0.108415 -41.294874 -0.919016 0.035885 0.392583 189.263667
0.395510 0.102787 0.912692 446.714214 -0.007795 0.994058 -0.108572 -41.146290 -0.918429 0.035827 0.393961 188.570838
0.396863 0.102992 0.912081 444.885328 -0.008088 0.994039 -0.108727 -40.979865 -0.917842 0.035773 0.395330 187.797018
0.398209 0.103193 0.911472 442.863895 -0.008377 0.994020 -0.108880 -40.795602 -0.917257 0.035722 0.396692 186.942195
0.399546 0.103391 0.910864 440.649924 -0.008661 0.994001 -0.109029 -40.593504 -0.916672 0.035674 0.398045 186.006354
0.400875 0.103585 0.910258 438.243425 -0.008940 0.993982 -0.109176 -40.373573 -0.916089 0.035628 0.399389 184.989483
0.402195 0.103775 0.909654 435.644405 -0.009215 0.993964 -0.109319 -40.135812 -0.915508 0.035585 0.400723 183.891566
0.403505 0.103961 0.909052 432.852872 -0.009485 0.993946 -0.109459 -39.880224 -0.914928 0.035545 0.402048 182.712587
0.404803 0.104143 0.908454 429.868831 -0.009751 0.993928 -0.109596 -39.606813 -0.914352 0.035506 0.403361 181.452533
0.406090 0.104319 0.907859 426.692287 -0.010012 0.993911 -0.109729 -39.315581 -0.913778 0.035470 0.404662 180.111386
0.407362 0.104492 0.907269 423.323245 -0.010269 0.993894 -0.109858 -39.006530 -0.913209 0.035435 0.405948 178.689131
0.408619 0.104659 0.906684 419.761709 -0.010521 0.993878 -0.109983 -38.679665 -0.912644 0.035402 0.407219 177.185752
0.409859 0.104822 0.906106 416.007680 -0.010768 0.993862 -0.110104 -38.334987 -0.912085 0.035370 0.408472 175.601233
0.411080 0.104980 0.905534 412.061163 -0.011011 0.993846 -0.110220 -37.972499 -0.911533 0.035339 0.409706 173.935559
0.412280 0.105133 0.904971 407.922161 -0.011248 0.993831 -0.110332 -37.592204 -0.910988 0.035309 0.410919 172.188714
0.413457 0.105281 0.904416 403.590677 -0.011479 0.993816 -0.110440 -37.194104 -0.910451 0.035280 0.412109 170.360684
0.414611 0.105423 0.903872 399.066717 -0.011705 0.993802 -0.110543 -36.778202 -0.909924 0.035252 0.413275 168.451454
0.415739 0.105559 0.903337 394.350287 -0.011924 0.993789 -0.110641 -36.344500 -0.909406 0.035226 0.414415 166.461012
0.416840 0.105689 0.902815 389.441393 -0.012137 0.993776 -0.110734 -35.893001 -0.908899 0.035201 0.415528 164.389346
0.417914 0.105813 0.902304 384.340043 -0.012342 0.993764 -0.110822 -35.423707 -0.908403 0.035178 0.416613 162.236446
0.418959 0.105930 0.901805 379.046246 -0.012540 0.993752 -0.110905 -34.936621 -0.907919 0.035156 0.417670 160.002304
0.419976 0.106041 0.901319 373.560011 -0.012730 0.993741 -0.110983 -34.431746 -0.907446 0.035136 0.418697 157.686914
0.420679 0.106132 0.900980 364.316193 -0.012869 0.993732 -0.111049 -33.580300 -0.907118 0.035121 0.419407 153.785240
0.421370 0.106218 0.900647 355.067192 -0.013002 0.993723 -0.111112 -32.728332 -0.906796 0.035109 0.420106 149.881366
0.422053 0.106301 0.900317 345.816854 -0.013133 0.993714 -0.111172 -31.876199 -0.906476 0.035097 0.420796 145.976912
0.422729 0.106381 0.899991 336.569024 -0.013259 0.993706 -0.111231 -31.024257 -0.906159 0.035087 0.421479 142.073500
0.423402 0.106458 0.899665 327.327548 -0.013383 0.993698 -0.111286 -30.172862 -0.905843 0.035079 0.422158 138.172752
0.424074 0.106531 0.899340 318.096269 -0.013504 0.993691 -0.111340 -29.322371 -0.905527 0.035071 0.422837 134.276288
0.424747 0.106602 0.899014 308.879031 -0.013624 0.993683 -0.111391 -28.473141 -0.905210 0.035065 0.423516 130.385734
0.425424 0.106670 0.898686 299.679677 -0.013742 0.993676 -0.111440 -27.625526 -0.904890 0.035059 0.424199 126.502711
0.426107 0.106736 0.898354 290.502050 -0.013860 0.993669 -0.111486 -26.779882 -0.904566 0.035054 0.424889 122.628843
0.426799 0.106799 0.898018 281.349994 -0.013977 0.993663 -0.111531 -25.936566 -0.904238 0.035050 0.425587 118.765753
0.427501 0.106860 0.897677 272.227353 -0.014094 0.993656 -0.111573 -25.095931 -0.903905 0.035046 0.426296 114.915066
0.428215 0.106919 0.897330 263.137970 -0.014211 0.993650 -0.111614 -24.258334 -0.903565 0.035043 0.427015 111.078405
0.428940 0.106977 0.896976 254.085690 -0.014328 0.993644 -0.111654 -23.424129 -0.903219 0.035041 0.427747 107.257395
0.429678 0.107033 0.896616 245.074357 -0.014447 0.993638 -0.111691 -22.593672 -0.902867 0.035038 0.428491 103.453660
0.430428 0.107087 0.896250 236.107818 -0.014566 0.993632 -0.111728 -21.767316 -0.902507 0.035036 0.429247 99.668824
0.431189 0.107140 0.895878 227.189920 -0.014685 0.993626 -0.111762 -20.945418 -0.902142 0.035034 0.430014 95.904512
0.431960 0.107192 0.895500 218.324510 -0.014806 0.993621 -0.111795 -20.128332 -0.901771 0.035032 0.430792 92.162348
0.432739 0.107243 0.895118 209.515438 -0.014927 0.993616 -0.111827 -19.316414 -0.901396 0.035030 0.431577 88.443958
0.433523 0.107292 0.894733 200.766552 -0.015049 0.993610 -0.111857 -18.510020 -0.901017 0.035028 0.432367 84.750966
0.434308 0.107340 0.894346 192.081704 -0.015170 0.993605 -0.111886 -17.709505 -0.900637 0.035026 0.433159 81.084996
0.435090 0.107387 0.893960 183.464745 -0.015291 0.993600 -0.111914 -16.915225 -0.900257 0.035023 0.433948 77.447675
0.435865 0.107432 0.893577 174.919529 -0.015410 0.993595 -0.111940 -16.127537 -0.899880 0.035021 0.434729 73.840625
0.436625 0.107476 0.893201 166.449907 -0.015528 0.993591 -0.111965 -15.346796 -0.899509 0.035018 0.435496 70.265474
0.437365 0.107519 0.892834 158.059735 -0.015642 0.993586 -0.111989 -14.573357 -0.899148 0.035015 0.436242 66.723845
