1.000000 -0.000000 0.000000 -0.000000 -0.000000 1.000000 -0.000000 -0.000000 0.000000 -0.000000 1.000000 0.000000
0.999999 0.000712 0.001534 -0.011469 -0.000706 0.999990 -0.004327 -0.017122 -0.001537 0.004326 0.999989 1.001624
0.999997 -0.001384 0.002129 -0.017703 0.001395 0.999985 -0.005223 -0.033042 -0.002122 0.005226 0.999984 2.004768
0.999993 -0.002875 0.002197 -0.032362 0.002877 0.999995 -0.000911 -0.063419 -0.002194 0.000918 0.999997 3.007908
0.999989 -0.004378 0.001427 -0.046489 0.004370 0.999975 0.005546 -0.095036 -0.001451 -0.005540 0.999984 4.008017
0.999961 -0.008801 0.000049 -0.055602 0.008800 0.999950 0.004660 -0.122217 -0.000090 -0.004659 0.999989 5.006023
0.999933 -0.011541 -0.000993 -0.067287 0.011543 0.999932 0.001608 -0.144871 0.000974 -0.001620 0.999998 5.977125
0.999925 -0.012109 -0.001792 -0.078587 0.012106 0.999926 -0.001463 -0.153567 0.001810 0.001441 0.999997 6.953465
0.999931 -0.011483 -0.002596 -0.093110 0.011477 0.999932 -0.002116 -0.167881 0.002620 0.002086 0.999994 7.921812
0.999935 -0.010825 -0.003547 -0.105555 0.010825 0.999941 0.000192 -0.179166 0.003545 -0.000230 0.999994 8.889708
0.999933 -0.010746 -0.004253 -0.118926 0.010760 0.999937 0.003119 -0.186585 0.004219 -0.003165 0.999986 9.858701
0.999927 -0.010905 -0.005255 -0.132921 0.010928 0.999930 0.004428 -0.191630 0.005206 -0.004485 0.999976 10.820059
0.999905 -0.012463 -0.005868 -0.148179 0.012493 0.999909 0.005084 -0.199718 0.005804 -0.005157 0.999970 11.810109
0.999897 -0.012631 -0.006826 -0.161406 0.012665 0.999907 0.004973 -0.215560 0.006763 -0.005059 0.999964 12.730722
0.999889 -0.012872 -0.007501 -0.176452 0.012898 0.999911 0.003395 -0.235486 0.007456 -0.003491 0.999966 13.678278
0.999870 -0.013366 -0.009034 -0.192709 0.013377 0.999910 0.001178 -0.260252 0.009018 -0.001299 0.999958 14.624075
0.999837 -0.014687 -0.010520 -0.207702 0.014687 0.999892 -0.000103 -0.276057 0.010520 -0.000051 0.999945 15.565757
0.999823 -0.014327 -0.012186 -0.226117 0.014320 0.999897 -0.000662 -0.285111 0.012194 0.000487 0.999926 16.503888
0.999822 -0.013041 -0.013637 -0.246721 0.013021 0.999914 -0.001569 -0.293361 0.013656 0.001391 0.999906 17.437926
0.999815 -0.011596 -0.015361 -0.265634 0.011573 0.999932 -0.001634 -0.298244 0.015379 0.001456 0.999881 18.366683
0.999783 -0.012137 -0.016918 -0.284638 0.012127 0.999926 -0.000679 -0.304405 0.016925 0.000473 0.999857 19.295701
0.999767 -0.011484 -0.018256 -0.306184 0.011499 0.999934 0.000706 -0.313840 0.018247 -0.000916 0.999833 20.219875
0.999741 -0.011323 -0.019759 -0.327933 0.011346 0.999935 0.001039 -0.323688 0.019746 -0.001263 0.999804 21.137009
0.999691 -0.012468 -0.021493 -0.347709 0.012492 0.999921 0.000969 -0.322040 0.021479 -0.001237 0.999768 22.047405
0.999653 -0.012688 -0.023088 -0.366698 0.012699 0.999919 0.000332 -0.320509 0.023082 -0.000625 0.999733 22.952499
0.999630 -0.012614 -0.024112 -0.388361 0.012637 0.999920 0.000790 -0.317219 0.024100 -0.001094 0.999709 23.851271
0.999607 -0.012367 -0.025165 -0.410072 0.012440 0.999919 0.002747 -0.315927 0.025129 -0.003059 0.999680 24.743670
0.999569 -0.013638 -0.025988 -0.429614 0.013788 0.999889 0.005601 -0.314024 0.025909 -0.005957 0.999646 25.636964
0.999556 -0.013277 -0.026675 -0.446233 0.013467 0.999885 0.006954 -0.305738 0.026580 -0.007310 0.999620 26.498023
0.999541 -0.012825 -0.027437 -0.466437 0.012988 0.999899 0.005760 -0.298849 0.027360 -0.006114 0.999607 27.356250
0.999537 -0.011430 -0.028193 -0.489043 0.011519 0.999929 0.003006 -0.293049 0.028157 -0.003330 0.999598 28.204197
0.999521 -0.010923 -0.028970 -0.512556 0.010968 0.999939 0.001402 -0.293405 0.028953 -0.001719 0.999579 29.033855
0.999501 -0.010204 -0.029910 -0.536647 0.010237 0.999947 0.000939 -0.298277 0.029899 -0.001244 0.999552 29.859347
0.999455 -0.010424 -0.031319 -0.560641 0.010446 0.999945 0.000528 -0.303039 0.031312 -0.000855 0.999509 30.677070
0.999398 -0.010120 -0.033185 -0.584964 0.010122 0.999949 -0.000094 -0.302456 0.033184 -0.000242 0.999449 31.481044
0.999335 -0.010140 -0.035032 -0.608599 0.010129 0.999949 -0.000480 -0.289317 0.035035 0.000125 0.999386 32.279457
0.999257 -0.010454 -0.037090 -0.635894 0.010486 0.999945 0.000647 -0.284946 0.037082 -0.001035 0.999312 33.071059
0.999183 -0.010442 -0.039053 -0.664535 0.010578 0.999939 0.003289 -0.285958 0.039016 -0.003700 0.999232 33.846080
0.999117 -0.009676 -0.040895 -0.698056 0.009871 0.999941 0.004549 -0.291316 0.040848 -0.004948 0.999153 34.614133
0.999048 -0.008212 -0.042839 -0.737182 0.008426 0.999953 0.004802 -0.298099 0.042797 -0.005158 0.999070 35.371698
0.998987 -0.005570 -0.044651 -0.779474 0.005752 0.999976 0.003942 -0.301181 0.044628 -0.004195 0.998995 36.143708
0.998914 -0.004077 -0.046409 -0.819637 0.004226 0.999986 0.003116 -0.301299 0.046395 -0.003309 0.998918 36.861967
0.998845 -0.003602 -0.047920 -0.857565 0.003824 0.999982 0.004539 -0.293500 0.047903 -0.004717 0.998841 37.583267
0.998798 -0.002422 -0.048962 -0.894551 0.002725 0.999977 0.006122 -0.284560 0.048946 -0.006248 0.998782 38.299453
0.998804 0.000606 -0.048894 -0.936261 -0.000271 0.999976 0.006862 -0.282922 0.048897 -0.006841 0.998780 39.003328
0.998849 0.003748 -0.047824 -0.975577 -0.003524 0.999982 0.004787 -0.275350 0.047841 -0.004613 0.998844 39.692831
0.998925 0.005352 -0.046051 -1.007437 -0.005291 0.999985 0.001442 -0.264395 0.046058 -0.001197 0.998938 40.372210
0.999019 0.005713 -0.043904 -1.036458 -0.005743 0.999983 -0.000563 -0.259033 0.043900 0.000815 0.999035 41.035727
0.999141 0.006928 -0.040848 -1.066599 -0.006920 0.999976 0.000341 -0.254691 0.040849 -0.000058 0.999165 41.699005
0.999232 0.011976 -0.037299 -1.099559 -0.011853 0.999923 0.003534 -0.256142 0.037339 -0.003089 0.999298 42.375302
0.999305 0.016416 -0.033473 -1.128981 -0.016181 0.999842 0.007283 -0.255999 0.033588 -0.006736 0.999413 43.005699
0.999348 0.021316 -0.029154 -1.154613 -0.021088 0.999745 0.008120 -0.254244 0.029319 -0.007500 0.999542 43.629327
0.999404 0.025020 -0.023766 -1.175608 -0.024831 0.999658 0.008233 -0.250493 0.023964 -0.007638 0.999684 44.238395
0.999426 0.028709 -0.017958 -1.192068 -0.028529 0.999541 0.010233 -0.247276 0.018243 -0.009715 0.999786 44.830549
0.999368 0.033724 -0.011208 -1.205963 -0.033593 0.999367 0.011690 -0.246126 0.011595 -0.011306 0.999869 45.401436
0.999307 0.037010 -0.004073 -1.213477 -0.036963 0.999256 0.011040 -0.246331 0.004478 -0.010881 0.999931 45.950389
0.999174 0.040508 0.003261 -1.215205 -0.040543 0.999112 0.011425 -0.246031 -0.002795 -0.011548 0.999929 46.479033
0.998931 0.044947 0.010811 -1.215218 -0.045065 0.998924 0.010929 -0.240157 -0.010308 -0.011405 0.999882 46.982514
0.998611 0.049322 0.018532 -1.211969 -0.049476 0.998744 0.007947 -0.234850 -0.018117 -0.008853 0.999797 47.465769
0.998344 0.051056 0.026488 -1.203464 -0.051196 0.998678 0.004614 -0.236866 -0.026217 -0.005963 0.999638 47.923487
0.998078 0.051516 0.034451 -1.188711 -0.051717 0.998649 0.004975 -0.238030 -0.034148 -0.006747 0.999394 48.362656
0.997805 0.050997 0.042244 -1.167306 -0.051308 0.998663 0.006316 -0.239526 -0.041865 -0.008469 0.999087 48.776184
0.997338 0.052740 0.050347 -1.145527 -0.053167 0.998560 0.007166 -0.239175 -0.049897 -0.009824 0.998706 49.163507
0.996645 0.056185 0.059510 -1.124307 -0.056705 0.998366 0.007083 -0.238753 -0.059014 -0.010433 0.998202 49.541322
0.995832 0.060823 0.067967 -1.105336 -0.061411 0.998091 0.006597 -0.240415 -0.067436 -0.010743 0.997666 49.865312
0.994946 0.064398 0.077038 -1.081054 -0.065107 0.997856 0.006732 -0.244398 -0.076439 -0.011713 0.997005 50.175929
0.994217 0.063843 0.086349 -1.049985 -0.064694 0.997880 0.007085 -0.253271 -0.085713 -0.012630 0.996240 50.461551
0.993297 0.062792 0.097052 -1.015482 -0.063583 0.997964 0.005081 -0.260777 -0.096535 -0.011217 0.995266 50.738257
0.992138 0.061523 0.108984 -0.977883 -0.061929 0.998081 0.000340 -0.267589 -0.108754 -0.007087 0.994043 51.008038
0.990537 0.062487 0.122194 -0.937087 -0.062470 0.998039 -0.003972 -0.273442 -0.122203 -0.003699 0.992498 51.275496
0.988371 0.064317 0.137793 -0.894421 -0.064110 0.997925 -0.005941 -0.280568 -0.137889 -0.002961 0.990443 51.540757
0.985726 0.066287 0.154760 -0.844148 -0.065965 0.997796 -0.007221 -0.286092 -0.154898 -0.003091 0.987926 51.814277
0.983019 0.066692 0.170958 -0.791365 -0.066217 0.997769 -0.008483 -0.291571 -0.171143 -0.002981 0.985242 52.060542
0.979732 0.065954 0.189143 -0.728340 -0.065301 0.997819 -0.009688 -0.296762 -0.189369 -0.002859 0.981902 52.315118
0.975728 0.065032 0.209108 -0.658077 -0.064334 0.997877 -0.010147 -0.302291 -0.209324 -0.003552 0.977840 52.572111
0.971302 0.065513 0.228647 -0.588307 -0.064609 0.997845 -0.011445 -0.306784 -0.228904 -0.003656 0.973442 52.811596
0.965914 0.067609 0.249878 -0.511587 -0.066237 0.997707 -0.013905 -0.311706 -0.250245 -0.003120 0.968177 53.059507
0.959667 0.068923 0.272558 -0.426822 -0.067071 0.997618 -0.016119 -0.317908 -0.273020 -0.002812 0.962004 53.305503
0.952273 0.070184 0.297069 -0.332844 -0.068153 0.997526 -0.017201 -0.325504 -0.297542 -0.003866 0.954701 53.554123
0.943611 0.073089 0.322887 -0.232930 -0.071026 0.997309 -0.018184 -0.334080 -0.323347 -0.005775 0.946263 53.803150
0.933413 0.075496 0.350772 -0.122022 -0.073331 0.997117 -0.019473 -0.343954 -0.351231 -0.007546 0.936258 54.054625
0.922274 0.076136 0.378964 -0.002306 -0.073738 0.997059 -0.020859 -0.354496 -0.379438 -0.008706 0.925176 54.293207
0.909590 0.074278 0.408813 0.133753 -0.071089 0.997204 -0.023014 -0.364272 -0.409380 -0.008129 0.912328 54.528728
0.894422 0.071696 0.441439 0.284810 -0.067125 0.997406 -0.025988 -0.373394 -0.442157 -0.006387 0.896915 54.762553
0.877144 0.071454 0.474881 0.443018 -0.064740 0.997436 -0.030501 -0.382435 -0.475843 -0.003990 0.879521 54.991545
0.857541 0.073415 0.509149 0.612544 -0.064094 0.997300 -0.035851 -0.391907 -0.510407 -0.001889 0.859931 55.219330
0.835427 0.075688 0.544365 0.799258 -0.063945 0.997131 -0.040504 -0.402597 -0.545869 -0.000971 0.837870 55.453781
0.810478 0.078880 0.580434 1.002440 -0.065183 0.996882 -0.044458 -0.414760 -0.582131 -0.001802 0.813093 55.691973
0.783165 0.083029 0.616246 1.218044 -0.068282 0.996535 -0.047490 -0.430253 -0.618054 -0.004886 0.786121 55.923166
0.753058 0.087486 0.652111 1.456939 -0.071883 0.996127 -0.050628 -0.446740 -0.654015 -0.008750 0.756431 56.164839
0.719893 0.088578 0.688410 1.724090 -0.071342 0.996013 -0.053553 -0.464713 -0.690409 -0.010560 0.723342 56.400889
0.683444 0.086317 0.724882 2.023807 -0.068133 0.996193 -0.054386 -0.477640 -0.726817 -0.012219 0.686723 56.625370
0.644440 0.085033 0.759912 2.360842 -0.065116 0.996290 -0.056263 -0.477769 -0.761877 -0.013225 0.647587 56.850603
0.601497 0.084785 0.794363 2.717981 -0.063091 0.996288 -0.058564 -0.483220 -0.796380 -0.014891 0.604614 57.063809
0.556172 0.084725 0.826737 3.094003 -0.059395 0.996298 -0.062145 -0.479276 -0.828942 -0.014541 0.559145 57.265830
0.508220 0.083686 0.857152 3.495457 -0.056743 0.996359 -0.063633 -0.486089 -0.859356 -0.016298 0.511118 57.459303
0.459557 0.081661 0.884386 3.919181 -0.054798 0.996474 -0.063536 -0.491392 -0.886456 -0.019264 0.462411 57.632051
0.409544 0.079795 0.908794 4.369291 -0.054806 0.996520 -0.062799 -0.516620 -0.910643 -0.024088 0.412492 57.786794
0.359734 0.079611 0.929652 4.830691 -0.057808 0.996341 -0.062953 -0.539618 -0.931262 -0.031095 0.363020 57.926895
0.310343 0.080452 0.947214 5.312139 -0.054979 0.996263 -0.066605 -0.564592 -0.949034 -0.031406 0.313606 58.034179
0.263613 0.076225 0.961612 5.813912 -0.044319 0.996777 -0.066863 -0.595773 -0.963610 -0.024992 0.266141 58.118407
0.220075 0.070936 0.972900 6.337732 -0.030599 0.997364 -0.065798 -0.626680 -0.975003 -0.015289 0.221665 58.174578
0.177042 0.069400 0.981753 6.883287 -0.021806 0.997542 -0.066583 -0.653241 -0.983962 -0.009620 0.178121 58.223180
0.139434 0.072253 0.987592 7.418587 -0.017754 0.997356 -0.070461 -0.682131 -0.990072 -0.007709 0.140348 58.259773
0.107482 0.072042 0.991593 7.972894 -0.008853 0.997401 -0.071504 -0.724289 -0.994168 -0.001093 0.107840 58.276715
0.078522 0.070274 0.994432 8.546672 -0.002182 0.997522 -0.070320 -0.773785 -0.996910 0.003352 0.078480 58.294690
0.053799 0.068074 0.996229 9.135464 0.004678 0.997645 -0.068424 -0.813751 -0.998541 0.008341 0.053354 58.301147
0.034252 0.068297 0.997077 9.736080 0.010117 0.997587 -0.068679 -0.857379 -0.999362 0.012439 0.033479 58.307148
0.018746 0.070079 0.997365 10.341766 0.013316 0.997435 -0.070334 -0.902062 -0.999736 0.014600 0.017765 58.305724
0.005284 0.069622 0.997559 10.971240 0.013919 0.997471 -0.069690 -0.947374 -0.999889 0.014254 0.004302 58.303708
-0.006190 0.070298 0.997507 11.595970 0.014315 0.997430 -0.070203 -0.996539 -0.999878 0.013844 -0.007181 58.302880
-0.014799 0.073715 0.997170 12.239032 0.019107 0.997117 -0.073428 -1.055254 -0.999708 0.017966 -0.016164 58.286307
-0.021223 0.075648 0.996909 12.892802 0.023704 0.996891 -0.075142 -1.117194 -0.999494 0.022036 -0.022950 58.251467
-0.025909 0.074750 0.996866 13.556736 0.023921 0.996961 -0.074135 -1.167977 -0.999378 0.021925 -0.027618 58.223919
-0.029699 0.072354 0.996937 14.236604 0.021536 0.997191 -0.071731 -1.217524 -0.999327 0.019339 -0.031174 58.203413
-0.032246 0.064821 0.997376 14.924472 0.019300 0.997749 -0.064221 -1.269538 -0.999294 0.017178 -0.033425 58.177660
-0.033580 0.058966 0.997695 15.632286 0.020692 0.998085 -0.058292 -1.317429 -0.999222 0.018687 -0.034736 58.139150
-0.034037 0.056852 0.997802 16.345442 0.023322 0.998154 -0.056076 -1.366117 -0.999148 0.021362 -0.035300 58.094966
-0.033724 0.059221 0.997675 17.063213 0.026478 0.997945 -0.058342 -1.417061 -0.999080 0.024448 -0.035223 58.055167
-0.033059 0.067305 0.997185 17.787378 0.027707 0.997408 -0.066402 -1.462354 -0.999069 0.025433 -0.034838 58.016109
-0.030873 0.075127 0.996696 18.518687 0.028323 0.996837 -0.074260 -1.502437 -0.999122 0.025937 -0.032903 57.983801
-0.028693 0.076589 0.996650 19.268494 0.029704 0.996685 -0.075737 -1.545746 -0.999147 0.027432 -0.030873 57.953558
-0.026661 0.071584 0.997078 20.035912 0.028593 0.997079 -0.070820 -1.593908 -0.999236 0.026621 -0.028630 57.924494
-0.024196 0.064035 0.997654 20.803142 0.028157 0.997594 -0.063349 -1.647724 -0.999311 0.026558 -0.025941 57.898774
-0.021550 0.063297 0.997762 21.568164 0.025856 0.997695 -0.062734 -1.696725 -0.999433 0.024446 -0.023137 57.876731
-0.018131 0.068984 0.997453 22.323939 0.033897 0.997086 -0.068343 -1.741686 -0.999261 0.032572 -0.020417 57.843304
-0.014656 0.074345 0.997125 23.082785 0.035940 0.996627 -0.073779 -1.787932 -0.999247 0.034756 -0.017278 57.815493
-0.012522 0.074735 0.997125 23.849483 0.029176 0.996806 -0.074344 -1.839076 -0.999496 0.028161 -0.014662 57.810627
-0.009303 0.072185 0.997348 24.608536 0.025582 0.997082 -0.071927 -1.895775 -0.999629 0.024845 -0.011122 57.806814
-0.004587 0.066579 0.997771 25.380411 0.029249 0.997363 -0.066417 -1.955801 -0.999562 0.028879 -0.006522 57.789077
-0.001252 0.069114 0.997608 26.149350 0.034204 0.997028 -0.069031 -2.008471 -0.999414 0.034036 -0.003612 57.767363
0.001860 0.073097 0.997323 26.902747 0.033656 0.996755 -0.073119 -2.059391 -0.999432 0.033702 -0.000607 57.765551
0.005331 0.074461 0.997210 27.666142 0.030178 0.996758 -0.074588 -2.113697 -0.999530 0.030491 0.003067 57.776885
0.009153 0.073181 0.997277 28.433546 0.029117 0.996876 -0.073418 -2.167614 -0.999534 0.029710 0.006994 57.794677
0.013076 0.070485 0.997427 29.203399 0.033513 0.996921 -0.070889 -2.226546 -0.999353 0.034354 0.010674 57.803139
0.017093 0.070226 0.997385 29.967325 0.038093 0.996760 -0.070834 -2.288673 -0.999128 0.039205 0.014363 57.816329
0.020718 0.071269 0.997242 30.732449 0.040906 0.996560 -0.072070 -2.343893 -0.998948 0.042286 0.017731 57.828958
0.023460 0.071558 0.997160 31.496854 0.041049 0.996525 -0.072478 -2.395401 -0.998882 0.042632 0.020441 57.843494
0.027005 0.070397 0.997153 32.266789 0.042708 0.996525 -0.071509 -2.445222 -0.998723 0.044517 0.023904 57.856480
0.030709 0.068675 0.997166 33.038203 0.044166 0.996569 -0.069994 -2.496112 -0.998552 0.046190 0.027571 57.870403
0.033566 0.069859 0.996992 33.807471 0.043089 0.996525 -0.071277 -2.537443 -0.998507 0.045352 0.030439 57.894212
0.036623 0.071253 0.996786 34.580696 0.040275 0.996539 -0.072715 -2.578228 -0.998517 0.042808 0.033627 57.924312
0.039502 0.071352 0.996669 35.355130 0.042130 0.996441 -0.073005 -2.620601 -0.998331 0.044874 0.036355 57.951757
0.042268 0.070920 0.996586 36.133510 0.039449 0.996581 -0.072593 -2.667716 -0.998327 0.042383 0.039326 57.986640
0.044293 0.071815 0.996434 36.908463 0.038371 0.996555 -0.073529 -2.711893 -0.998282 0.041491 0.041384 58.024367
0.047413 0.071333 0.996325 37.695101 0.034539 0.996733 -0.073006 -2.761384 -0.998278 0.037874 0.044794 58.065335
0.050771 0.073423 0.996008 38.479397 0.033334 0.996614 -0.075167 -2.812393 -0.998154 0.037018 0.048151 58.105512
0.053976 0.077693 0.995515 39.264452 0.032351 0.996309 -0.079509 -2.867554 -0.998018 0.036497 0.051263 58.146804
0.057350 0.079080 0.995217 40.057006 0.031982 0.996201 -0.081001 -2.922992 -0.997842 0.036475 0.054603 58.190587
0.060393 0.081817 0.994816 40.853006 0.026272 0.996159 -0.083523 -2.973413 -0.997829 0.031180 0.058012 58.245380
0.062978 0.080561 0.994758 41.657140 0.022298 0.996374 -0.082103 -3.024315 -0.997766 0.027352 0.060954 58.303008
0.066646 0.081059 0.994479 42.465409 0.024457 0.996262 -0.082843 -3.080932 -0.997477 0.029844 0.064414 58.353752
0.070694 0.082007 0.994121 43.274824 0.023875 0.996190 -0.083875 -3.135919 -0.997212 0.029665 0.068467 58.408987
0.074165 0.083020 0.993784 44.091330 0.019365 0.996221 -0.084669 -3.188774 -0.997058 0.025524 0.072277 58.475138
0.078311 0.081929 0.993557 44.914908 0.019009 0.996313 -0.083654 -3.244326 -0.996748 0.025438 0.076465 58.539843
0.083323 0.080262 0.993285 45.756024 0.018870 0.996445 -0.082100 -3.297181 -0.996344 0.025584 0.081512 58.609091
0.088146 0.084940 0.992479 46.563947 0.015447 0.996121 -0.086623 -3.352539 -0.995988 0.022966 0.086492 58.686461
0.094220 0.094227 0.991082 47.387398 0.013861 0.995290 -0.095945 -3.402580 -0.995455 0.022777 0.092470 58.768906
0.101700 0.098554 0.989921 48.223846 0.012040 0.994886 -0.100285 -3.461241 -0.994742 0.022118 0.099993 58.857675
0.108884 0.100947 0.988915 49.072291 0.008008 0.994709 -0.102420 -3.525277 -0.994022 0.019071 0.107500 58.959048
0.115801 0.098731 0.988353 49.896979 0.004086 0.994992 -0.099873 -3.592468 -0.993264 0.015604 0.114817 59.064658
0.123452 0.096844 0.987614 50.743423 0.003804 0.995173 -0.098061 -3.662244 -0.992343 0.015863 0.122488 59.174427
0.130656 0.093882 0.986973 51.590961 0.003681 0.995454 -0.095176 -3.727642 -0.991421 0.016068 0.129717 59.288791
0.138118 0.087772 0.986519 52.440924 0.001419 0.996047 -0.088818 -3.792894 -0.990415 0.013667 0.137448 59.413206
0.145247 0.081015 0.986073 53.285595 -0.000726 0.996650 -0.081777 -3.850124 -0.989395 0.011162 0.144819 59.545484
0.152906 0.077344 0.985209 54.140816 -0.001274 0.996947 -0.078067 -3.912550 -0.988240 0.010682 0.152537 59.680359
0.159974 0.080358 0.983845 54.958054 -0.001057 0.996694 -0.081236 -3.968025 -0.987121 0.011956 0.159530 59.813408
0.165698 0.086167 0.982405 55.778436 -0.000923 0.996189 -0.087221 -4.023164 -0.986176 0.013545 0.165147 59.954571
0.170859 0.090699 0.981112 56.592475 -0.001860 0.995782 -0.091731 -4.082523 -0.985294 0.013848 0.170307 60.098599
0.175563 0.093003 0.980065 57.385225 -0.003992 0.995587 -0.093760 -4.143701 -0.984460 0.012548 0.175159 60.243490
0.180952 0.092503 0.979132 58.183110 -0.005856 0.995650 -0.092982 -4.204409 -0.983475 0.011091 0.180706 60.391476
0.186351 0.089093 0.978435 58.990149 -0.002180 0.995915 -0.090270 -4.262120 -0.982481 0.014689 0.185784 60.538266
0.190819 0.083155 0.978097 59.764610 -0.001184 0.996424 -0.084482 -4.318314 -0.981625 0.014963 0.190235 60.686460
0.193802 0.075706 0.978115 60.543152 -0.003607 0.997066 -0.076458 -4.369152 -0.981034 0.011290 0.193506 60.843903
0.196901 0.073018 0.977700 61.313112 -0.006793 0.997300 -0.073114 -4.420802 -0.980400 0.007754 0.196865 61.004096
0.200084 0.073422 0.977024 62.066690 -0.008462 0.997280 -0.073212 -4.467621 -0.979742 0.006380 0.200161 61.159227
0.202193 0.075734 0.976413 62.809060 -0.010499 0.997116 -0.075166 -4.516372 -0.979290 0.004947 0.202405 61.315545
0.203463 0.079850 0.975821 63.538828 -0.014763 0.996806 -0.078489 -4.564529 -0.978971 0.001563 0.203992 61.477080
0.205434 0.084305 0.975033 64.258629 -0.016280 0.996439 -0.082726 -4.614787 -0.978536 0.001121 0.206075 61.634772
0.207446 0.089467 0.974147 64.964328 -0.016844 0.995988 -0.087886 -4.657586 -0.978101 0.001823 0.208121 61.789578
0.209041 0.091294 0.973636 65.666184 -0.016397 0.995820 -0.089854 -4.706379 -0.977769 0.002818 0.209664 61.943333
0.210171 0.090996 0.973421 66.360165 -0.018640 0.995851 -0.089068 -4.758759 -0.977487 0.000574 0.210995 62.098066
0.210826 0.088233 0.973533 67.046763 -0.018666 0.996100 -0.086236 -4.814707 -0.977345 0.000009 0.211651 62.247426
0.211287 0.085414 0.973685 67.724946 -0.018654 0.996345 -0.083354 -4.867829 -0.977246 -0.000552 0.212108 62.395421
0.211065 0.084432 0.973819 68.390350 -0.017923 0.996429 -0.082508 -4.913385 -0.977308 -0.000039 0.211825 62.534094
0.209521 0.083724 0.974213 69.045652 -0.017854 0.996489 -0.081798 -4.965400 -0.977641 -0.000255 0.210280 62.672132
0.207777 0.084410 0.974527 69.692465 -0.019130 0.996430 -0.082229 -5.018319 -0.977989 -0.001557 0.208649 62.808378
0.205368 0.087849 0.974734 70.341944 -0.020157 0.996132 -0.085530 -5.076711 -0.978477 -0.002083 0.206344 62.947927
0.203129 0.091322 0.974884 70.940183 -0.018428 0.995821 -0.089443 -5.130339 -0.978979 0.000204 0.203963 63.075222
0.201397 0.091740 0.975204 71.569760 -0.016085 0.995780 -0.090354 -5.182058 -0.979378 0.002511 0.202022 63.204022
0.199193 0.090780 0.975746 72.172060 -0.016840 0.995870 -0.089215 -5.231855 -0.979816 0.001340 0.199899 63.334496
0.196566 0.087993 0.976534 72.775881 -0.017120 0.996121 -0.086312 -5.285896 -0.980341 0.000248 0.197310 63.455618
0.194533 0.083561 0.977330 73.366433 -0.016858 0.996502 -0.081845 -5.342758 -0.980751 -0.000554 0.195262 63.574167
0.192695 0.082572 0.977778 73.939948 -0.013863 0.996583 -0.081428 -5.393054 -0.981161 0.002136 0.193181 63.686123
0.190984 0.084582 0.977942 74.507224 -0.009557 0.996394 -0.084312 -5.440828 -0.981547 0.006756 0.191104 63.793953
0.188627 0.086350 0.978245 75.070792 -0.005732 0.996206 -0.086830 -5.485365 -0.982032 0.010772 0.188407 63.901243
0.186967 0.088836 0.978341 75.629329 -0.006447 0.995992 -0.089206 -5.532216 -0.982345 0.010371 0.186790 64.009719
0.185698 0.091177 0.978367 76.186763 -0.006598 0.995779 -0.091547 -5.583135 -0.982585 0.010544 0.185515 64.117864
0.184537 0.089268 0.978763 76.752247 -0.004887 0.995938 -0.089913 -5.630170 -0.982813 0.011809 0.184224 64.224728
0.185397 0.087483 0.978762 77.316202 0.001401 0.996005 -0.089289 -5.676448 -0.982663 0.017925 0.184533 64.321168
0.187993 0.086472 0.978356 77.883687 0.006456 0.995986 -0.089271 -5.720800 -0.982149 0.023098 0.186680 64.417390
0.190002 0.085430 0.978060 78.454013 0.008831 0.996018 -0.088714 -5.768173 -0.981744 0.025493 0.188491 64.524746
0.193420 0.085069 0.977421 79.028349 0.005714 0.996119 -0.087827 -5.817062 -0.981099 0.022573 0.192184 64.643030
0.198954 0.085543 0.976268 79.598757 0.005154 0.996078 -0.088329 -5.862448 -0.979995 0.022605 0.197732 64.760834
0.205804 0.084671 0.974923 80.179996 0.006228 0.996116 -0.087826 -5.912287 -0.978573 0.024146 0.204478 64.886076
0.214080 0.083940 0.973203 80.779668 0.005761 0.996175 -0.087189 -5.961148 -0.976799 0.024272 0.212777 65.024289
0.222129 0.083231 0.971458 81.363114 0.005261 0.996233 -0.086557 -6.008758 -0.975003 0.024338 0.220854 65.158875
0.231005 0.082482 0.969450 81.950370 0.001416 0.996371 -0.085109 -6.059871 -0.972952 0.021033 0.230049 65.303659
0.240991 0.082493 0.967015 82.567328 -0.000151 0.996384 -0.084960 -6.107865 -0.970527 0.020329 0.240132 65.464018
0.250406 0.085728 0.964338 83.156592 -0.004511 0.996164 -0.087386 -6.150779 -0.968131 0.017531 0.249832 65.629966
0.260030 0.088671 0.961520 83.784076 -0.008289 0.995943 -0.089603 -6.192815 -0.965565 0.015330 0.259711 65.812178
0.270771 0.090630 0.958368 84.403675 -0.012523 0.995806 -0.090632 -6.239009 -0.962562 0.012539 0.270770 65.996640
0.281051 0.092557 0.955219 85.035084 -0.014400 0.995633 -0.092236 -6.285674 -0.959585 0.012168 0.281157 66.188686
0.290866 0.093264 0.952207 85.671490 -0.016952 0.995584 -0.092335 -6.324963 -0.956614 0.010715 0.291162 66.396470
0.301209 0.094234 0.948890 86.326840 -0.018475 0.995495 -0.092998 -6.371173 -0.953379 0.010481 0.301593 66.612808
0.311476 0.095000 0.945493 86.992988 -0.021826 0.995443 -0.092828 -6.414738 -0.950003 0.008278 0.312130 66.840740
0.322102 0.089733 0.942443 87.679548 -0.021587 0.995935 -0.087449 -6.458457 -0.946459 0.007823 0.322730 67.083559
0.332978 0.081818 0.939378 88.374532 -0.017967 0.996598 -0.080433 -6.498607 -0.942763 0.009905 0.333315 67.331097
0.344023 0.077579 0.935751 89.079940 -0.016564 0.996927 -0.076561 -6.545009 -0.938815 0.010839 0.344251 67.592437
0.354094 0.074590 0.932230 89.794010 -0.016506 0.997157 -0.073515 -6.585584 -0.935064 0.010644 0.354319 67.869236
0.363209 0.070477 0.929038 90.526118 -0.010063 0.997374 -0.071727 -6.605047 -0.931653 0.016703 0.362965 68.155411
0.372455 0.066719 0.925649 91.259454 -0.003811 0.997514 -0.070365 -6.624344 -0.928042 0.022680 0.371784 68.441899
0.379542 0.056992 0.923417 92.015733 0.005139 0.997955 -0.063704 -6.646336 -0.925160 0.028924 0.378474 68.744170
0.386860 0.052864 0.920622 92.764542 0.011536 0.998000 -0.062155 -6.684073 -0.922067 0.034665 0.385476 69.052148
0.394155 0.053122 0.917507 93.509673 0.012806 0.997914 -0.063279 -6.725361 -0.918955 0.036692 0.392652 69.375656
0.401800 0.059151 0.913815 94.249065 0.015517 0.997328 -0.071380 -6.763694 -0.915596 0.042860 0.399808 69.696226
0.409135 0.063720 0.910246 94.994329 0.019739 0.996707 -0.078645 -6.813377 -0.912260 0.050143 0.406530 70.031317
0.414427 0.065130 0.907749 95.727177 0.017054 0.996705 -0.079299 -6.870738 -0.909923 0.048344 0.411951 70.375832
0.418845 0.067324 0.905558 96.442816 0.009204 0.996882 -0.078371 -6.914272 -0.908011 0.041160 0.416919 70.734667
0.422745 0.070700 0.903486 97.150769 0.003058 0.996835 -0.079436 -6.975179 -0.906243 0.036344 0.421191 71.092856
0.427038 0.074055 0.901196 97.851016 0.002045 0.996559 -0.082860 -7.034880 -0.904231 0.037227 0.425417 71.440192
0.431186 0.078363 0.898853 98.550626 -0.001014 0.996263 -0.086369 -7.110019 -0.902262 0.036330 0.429654 71.793726
0.434556 0.081231 0.896974 99.219535 -0.004291 0.996100 -0.088129 -7.183014 -0.900635 0.034449 0.433210 72.135560
0.438558 0.079536 0.895177 99.898533 -0.005482 0.996294 -0.085835 -7.259679 -0.898686 0.032736 0.437369 72.483781
0.442854 0.075914 0.893374 100.581594 -0.004417 0.996582 -0.082495 -7.329268 -0.896583 0.032587 0.441676 72.828244
0.446200 0.073543 0.891906 101.230412 -0.004876 0.996803 -0.079753 -7.398532 -0.894920 0.031237 0.445132 73.164943
0.449813 0.072641 0.890164 101.895984 -0.006223 0.996918 -0.078208 -7.469536 -0.893101 0.029639 0.448878 73.512560
0.453134 0.074646 0.888311 102.509797 -0.007838 0.996783 -0.079762 -7.533159 -0.891408 0.029180 0.452262 73.839883
0.455917 0.074935 0.886862 103.132566 -0.006875 0.996716 -0.080683 -7.592121 -0.889996 0.030688 0.454935 74.167103
0.458036 0.073094 0.885923 103.751972 -0.004849 0.996804 -0.079736 -7.650212 -0.888920 0.032226 0.456927 74.491106
0.459786 0.072102 0.885098 104.360431 -0.002868 0.996814 -0.079713 -7.709739 -0.888025 0.034113 0.458527 74.811337
0.461582 0.071908 0.884178 104.958891 -0.004292 0.996879 -0.078833 -7.766662 -0.887087 0.032593 0.460450 75.133599
0.463594 0.071548 0.883154 105.548395 -0.003114 0.996860 -0.079125 -7.823540 -0.886042 0.033931 0.462361 75.453652
0.466223 0.073709 0.881591 106.123734 -0.003436 0.996666 -0.081513 -7.883340 -0.884660 0.034974 0.464922 75.769548
0.469330 0.073073 0.879994 106.685222 -0.001110 0.996618 -0.082165 -7.943074 -0.883022 0.037586 0.467824 76.078537
0.472436 0.072377 0.878388 107.245772 0.001234 0.996567 -0.082778 -8.002376 -0.881364 0.040191 0.470725 76.387101
0.475681 0.070687 0.876773 107.796115 0.004050 0.996579 -0.082544 -8.053690 -0.879609 0.042816 0.473768 76.691788
0.479124 0.069755 0.874971 108.342397 0.005530 0.996578 -0.082478 -8.096619 -0.877730 0.044356 0.477098 76.992831
0.482318 0.069352 0.873247 108.878056 0.006467 0.996552 -0.082717 -8.139292 -0.875973 0.045543 0.480206 77.290915
0.485726 0.068657 0.871411 109.408715 0.007160 0.996565 -0.082508 -8.181955 -0.874082 0.046316 0.483565 77.589405
0.489173 0.068146 0.869520 109.933438 0.008817 0.996506 -0.083058 -8.223750 -0.872142 0.048296 0.486863 77.885250
0.493061 0.069452 0.867218 110.454202 0.008413 0.996381 -0.084579 -8.265059 -0.869954 0.048998 0.490692 78.185104
0.497406 0.069600 0.864721 110.975798 0.010394 0.996227 -0.086164 -8.308372 -0.867455 0.051846 0.494806 78.486323
0.502143 0.073054 0.861694 111.490729 0.008009 0.995990 -0.089106 -8.363102 -0.864748 0.051645 0.499544 78.789646
0.507585 0.078897 0.857982 111.991390 0.004701 0.995530 -0.094326 -8.418748 -0.861589 0.051911 0.504945 79.093363
0.513373 0.085919 0.853854 112.500173 -0.000722 0.995018 -0.099689 -8.475876 -0.858165 0.050562 0.510877 79.409226
0.519413 0.092101 0.849546 112.998957 -0.005748 0.994529 -0.104304 -8.530283 -0.854504 0.049294 0.517100 79.725442
0.525818 0.096484 0.845107 113.504926 -0.008787 0.994109 -0.108028 -8.586122 -0.850552 0.049377 0.523568 80.046877
0.531177 0.096716 0.841723 114.015996 -0.013396 0.994298 -0.105793 -8.642339 -0.847155 0.044920 0.529443 80.380427
0.536489 0.095521 0.838484 114.537688 -0.019855 0.994727 -0.100616 -8.706456 -0.843674 0.037331 0.535557 80.723248
0.542238 0.093127 0.835048 115.069586 -0.025978 0.995222 -0.094121 -8.763095 -0.839823 0.029343 0.542066 81.071851
0.547962 0.090995 0.831539 115.607000 -0.032245 0.995625 -0.087702 -8.817849 -0.835882 0.021245 0.548498 81.432965
0.554093 0.089237 0.827658 116.152851 -0.034935 0.995854 -0.083983 -8.867411 -0.831722 0.017620 0.554913 81.796142
0.560510 0.092863 0.822925 116.693284 -0.039490 0.995560 -0.085446 -8.915374 -0.827206 0.015396 0.561688 82.167568
0.566451 0.096772 0.818394 117.242254 -0.043255 0.995204 -0.087740 -8.963221 -0.822959 0.014301 0.567920 82.553755
0.572556 0.100137 0.813727 117.797471 -0.046010 0.994873 -0.090055 -9.011645 -0.818574 0.014122 0.574228 82.950597
0.578872 0.102025 0.809011 118.372787 -0.048055 0.994686 -0.091056 -9.057118 -0.814002 0.013833 0.580698 83.358212
0.585120 0.102963 0.804384 118.955911 -0.051317 0.994620 -0.089985 -9.105368 -0.809322 0.011374 0.587256 83.782274
0.591244 0.104919 0.799639 119.543928 -0.057262 0.994461 -0.088142 -9.158005 -0.804458 0.006324 0.593976 84.222804
0.598412 0.102655 0.794585 120.141419 -0.057668 0.994704 -0.085079 -9.217043 -0.799111 0.005090 0.601162 84.676855
0.605971 0.100724 0.789084 120.745886 -0.057665 0.994904 -0.082713 -9.273702 -0.793394 0.004619 0.608691 85.140229
0.613490 0.100872 0.783233 121.352433 -0.058588 0.994889 -0.082240 -9.317811 -0.787526 0.004566 0.616265 85.619123
0.620942 0.103288 0.777021 121.955332 -0.063519 0.994651 -0.081457 -9.366338 -0.781278 0.001224 0.624181 86.114066
0.628784 0.103812 0.770619 122.570726 -0.063930 0.994595 -0.081821 -9.410224 -0.774948 0.002182 0.632022 86.621572
0.635525 0.104607 0.764961 123.193929 -0.065658 0.994512 -0.081449 -9.457628 -0.769284 0.001537 0.638906 87.143817
0.640722 0.103248 0.760799 123.827544 -0.065622 0.994655 -0.079720 -9.501459 -0.764964 0.001153 0.644072 87.677043
0.644429 0.101798 0.757858 124.468864 -0.064806 0.994804 -0.078519 -9.549903 -0.761913 0.001486 0.647677 88.219883
0.648274 0.099141 0.754925 125.135905 -0.060927 0.995062 -0.078358 -9.590647 -0.758965 0.004802 0.651113 88.781069
0.651785 0.095536 0.752362 125.778994 -0.055547 0.995383 -0.078275 -9.635230 -0.756367 0.009227 0.654083 89.322724
0.655783 0.088700 0.749721 126.458114 -0.047805 0.995960 -0.076017 -9.682937 -0.753435 0.014010 0.657374 89.894589
0.659462 0.083056 0.747136 127.136502 -0.042183 0.996400 -0.073532 -9.728697 -0.750554 0.016975 0.660591 90.476964
0.663056 0.077366 0.744561 127.808225 -0.036524 0.996804 -0.071050 -9.773963 -0.747679 0.019916 0.663762 91.053464
0.666368 0.076237 0.741715 128.482652 -0.036321 0.996897 -0.069835 -9.820354 -0.744738 0.019596 0.667069 91.650649
0.669398 0.077895 0.738809 129.151766 -0.037132 0.996753 -0.071448 -9.868055 -0.741976 0.020393 0.670116 92.251397
0.672633 0.082440 0.735370 129.835351 -0.042961 0.996449 -0.072413 -9.916275 -0.738728 0.017115 0.673786 92.882351
0.675217 0.085845 0.732607 130.495816 -0.048438 0.996221 -0.072090 -9.964397 -0.736027 0.013190 0.676824 93.500304
0.678132 0.082617 0.730282 131.175233 -0.049417 0.996538 -0.066850 -10.013730 -0.733277 0.009244 0.679867 94.131967
0.681613 0.079759 0.727353 131.857668 -0.052076 0.996808 -0.060505 -10.057800 -0.729858 0.003364 0.683591 94.774588
0.685118 0.074498 0.724613 132.541352 -0.051718 0.997221 -0.053626 -10.100870 -0.726594 -0.000735 0.687066 95.420616
0.689785 0.070187 0.720605 133.219722 -0.048969 0.997534 -0.050285 -10.142760 -0.722357 -0.000602 0.691520 96.067915
0.694555 0.067464 0.716270 133.901113 -0.043384 0.997709 -0.051903 -10.184200 -0.718131 0.004975 0.695891 96.716547
0.700079 0.064468 0.711150 134.570629 -0.032617 0.997764 -0.058341 -10.233420 -0.713320 0.017647 0.700616 97.365720
0.705587 0.066268 0.705518 135.251910 -0.026831 0.997402 -0.066850 -10.286910 -0.708115 0.028239 0.705532 98.035060
0.711277 0.066271 0.699781 135.905487 -0.024196 0.997264 -0.069850 -10.340700 -0.702496 0.032750 0.710934 98.699604
0.717097 0.062276 0.694186 136.574578 -0.021678 0.997511 -0.067094 -10.399630 -0.696636 0.033064 0.716662 99.386118
0.723108 0.055879 0.688471 137.243562 -0.017110 0.997865 -0.063020 -10.456000 -0.690523 0.033791 0.722520 100.081193
0.728491 0.053526 0.682961 137.905359 -0.012896 0.997838 -0.064449 -10.505230 -0.684934 0.038143 0.727606 100.780839
0.733119 0.054738 0.677895 138.563196 -0.010469 0.997546 -0.069226 -10.552480 -0.680020 0.043654 0.731892 101.486402
0.736750 0.057404 0.673724 139.214677 -0.011544 0.997312 -0.072352 -10.604320 -0.676067 0.045528 0.735432 102.200161
0.739941 0.053391 0.670550 139.875218 -0.009169 0.997553 -0.069310 -10.660040 -0.672610 0.045137 0.738619 102.920994
0.742389 0.048222 0.668231 140.536174 -0.005940 0.997841 -0.065408 -10.715510 -0.669942 0.044589 0.741073 103.642172
0.743809 0.044222 0.666928 141.210041 -0.002810 0.998007 -0.063041 -10.771390 -0.668387 0.045016 0.742450 104.379485
0.744409 0.039818 0.666536 141.856000 0.000608 0.998179 -0.060309 -10.819980 -0.667724 0.045299 0.743029 105.091028
0.744677 0.038869 0.666293 142.513307 0.000503 0.998270 -0.058797 -10.869780 -0.667425 0.044120 0.743369 105.819862
0.744500 0.039086 0.666477 143.170821 -0.000706 0.998330 -0.057759 -10.918320 -0.667622 0.042531 0.743285 106.550572
0.743973 0.041420 0.666925 143.833437 -0.002360 0.998233 -0.059364 -10.968690 -0.668206 0.042591 0.742756 107.284929
0.742583 0.045660 0.668196 144.507819 -0.006205 0.998100 -0.061308 -11.018070 -0.669725 0.041380 0.741455 108.030432
0.740668 0.049076 0.670077 145.155440 -0.009657 0.998003 -0.062420 -11.065290 -0.671802 0.039761 0.739663 108.740833
0.738630 0.052146 0.672091 145.812327 -0.014070 0.997979 -0.061968 -11.115070 -0.673964 0.036316 0.737871 109.459673
0.736199 0.053061 0.674682 146.486293 -0.015964 0.998006 -0.061070 -11.164100 -0.676577 0.034189 0.735578 110.187682
0.733858 0.053028 0.677229 147.153700 -0.016763 0.998058 -0.059984 -11.215340 -0.679096 0.032667 0.733323 110.901838
0.731386 0.051666 0.680004 147.817566 -0.017953 0.998239 -0.056535 -11.261710 -0.681728 0.029141 0.731026 111.606517
0.728761 0.047943 0.683088 148.490284 -0.014227 0.998391 -0.054894 -11.309400 -0.684621 0.030286 0.728270 112.306824
0.725827 0.052109 0.685901 149.152694 -0.015194 0.998098 -0.059748 -11.359650 -0.687710 0.032946 0.725237 112.993591
0.722304 0.062901 0.688709 149.808020 -0.020033 0.997340 -0.070078 -11.410700 -0.691286 0.036820 0.721643 113.680773
0.718931 0.068143 0.691733 150.474907 -0.022140 0.996923 -0.075196 -11.462600 -0.694729 0.038746 0.718227 114.367854
0.715198 0.066368 0.695764 151.156268 -0.024963 0.997272 -0.069468 -11.521410 -0.698476 0.032315 0.714903 115.060980
0.711569 0.064598 0.699640 151.818573 -0.027691 0.997569 -0.063943 -11.578540 -0.702071 0.026126 0.711628 115.734522
0.707998 0.064197 0.703291 152.504204 -0.029186 0.997669 -0.061687 -11.633570 -0.705611 0.023148 0.708221 116.420360
0.704757 0.063854 0.706569 153.164532 -0.028820 0.997696 -0.061417 -11.682640 -0.708863 0.022920 0.704973 117.070678
0.701735 0.062352 0.709705 153.842044 -0.026738 0.997766 -0.061222 -11.732210 -0.711936 0.023985 0.701834 117.726416
0.698885 0.061188 0.712612 154.532364 -0.022903 0.997737 -0.063208 -11.784160 -0.714867 0.027854 0.698705 118.384657
0.695487 0.060964 0.715948 155.215294 -0.019435 0.997626 -0.066070 -11.835000 -0.718276 0.032037 0.695020 119.021130
0.691605 0.061200 0.719679 155.897393 -0.016616 0.997488 -0.068857 -11.883520 -0.722085 0.035664 0.690884 119.638336
0.687607 0.061945 0.723436 156.593968 -0.016689 0.997439 -0.069544 -11.927830 -0.725891 0.035746 0.686880 120.258982
0.683402 0.063476 0.727278 157.292936 -0.018600 0.997403 -0.069575 -11.975780 -0.729805 0.034020 0.682808 120.882858
0.678238 0.063336 0.732107 158.000549 -0.018395 0.997430 -0.069248 -12.024090 -0.734612 0.033499 0.677660 121.504862
0.672580 0.066313 0.737047 158.705351 -0.020582 0.997268 -0.070944 -12.072040 -0.739738 0.032545 0.672107 122.117702
0.666178 0.072946 0.742217 159.415358 -0.025144 0.996836 -0.075402 -12.125010 -0.745369 0.031569 0.665904 122.735958
0.659925 0.079118 0.747155 160.131616 -0.027134 0.996301 -0.081535 -12.179330 -0.750842 0.033533 0.659630 123.343802
0.653459 0.080797 0.752638 160.865369 -0.026893 0.996137 -0.083587 -12.238310 -0.756484 0.034380 0.653107 123.958628
0.646945 0.076084 0.758732 161.605061 -0.028105 0.996713 -0.075984 -12.299000 -0.762019 0.027833 0.646956 124.559709
0.639751 0.071816 0.765219 162.358601 -0.034187 0.997298 -0.065015 -12.365030 -0.767821 0.015433 0.640478 125.170062
0.632432 0.066520 0.771754 163.121518 -0.033397 0.997721 -0.058630 -12.426460 -0.773896 0.011305 0.633212 125.766566
0.625165 0.068864 0.777449 163.890370 -0.037877 0.997603 -0.057907 -12.476430 -0.779573 0.006754 0.626275 126.364426
0.617211 0.069883 0.783688 164.671303 -0.035990 0.997513 -0.060605 -12.525780 -0.785974 0.009201 0.618191 126.958123
0.610859 0.070596 0.788586 165.475150 -0.030629 0.997378 -0.065561 -12.583740 -0.791147 0.015896 0.611419 127.545890
0.603826 0.078152 0.793276 166.245882 -0.029933 0.996703 -0.075408 -12.639330 -0.796554 0.021788 0.604175 128.107925
0.596378 0.079296 0.798778 167.031819 -0.025276 0.996470 -0.080050 -12.702160 -0.802306 0.027550 0.596277 128.668298
0.589179 0.074931 0.804521 167.858475 -0.022695 0.996832 -0.076222 -12.777620 -0.807684 0.026650 0.589013 129.245761
0.582274 0.068890 0.810068 168.659308 -0.018520 0.997269 -0.071498 -12.851930 -0.812781 0.026629 0.581960 129.786767
0.575727 0.068465 0.814770 169.456185 -0.017106 0.997278 -0.071714 -12.919400 -0.817463 0.027350 0.575332 130.316213
0.569104 0.068053 0.819444 170.257539 -0.015683 0.997286 -0.071931 -12.987260 -0.822116 0.028085 0.568627 130.848681
0.562443 0.067608 0.824067 171.060455 -0.014227 0.997295 -0.072110 -13.055270 -0.826713 0.028834 0.561884 131.382087
0.557381 0.061990 0.827939 171.864208 -0.009674 0.997626 -0.068183 -13.122260 -0.830200 0.029994 0.556658 131.893102
0.552393 0.058726 0.831513 172.654630 -0.009085 0.997880 -0.064441 -13.182890 -0.833534 0.028042 0.551755 132.401408
0.547945 0.057988 0.834502 173.437969 -0.010510 0.997993 -0.062447 -13.239540 -0.836449 0.025447 0.547454 132.906797
0.543340 0.060946 0.837297 174.206833 -0.011014 0.997793 -0.065481 -13.299780 -0.839440 0.026357 0.542812 133.402185
0.539512 0.064525 0.839502 174.993403 -0.010268 0.997489 -0.070069 -13.364290 -0.841915 0.029183 0.538821 133.896849
0.536535 0.069535 0.841008 175.740087 -0.010248 0.997063 -0.075900 -13.424310 -0.843816 0.032104 0.535672 134.367968
0.533003 0.072087 0.843037 176.481875 -0.013061 0.996946 -0.076989 -13.484590 -0.846013 0.030024 0.532316 134.836587
0.530281 0.067096 0.845163 177.228142 -0.012916 0.997387 -0.071077 -13.548990 -0.847724 0.026775 0.529762 135.308436
0.528067 0.058627 0.847177 177.976805 -0.009759 0.997967 -0.062978 -13.611810 -0.849147 0.024989 0.527566 135.766748
0.525547 0.053746 0.849065 178.715264 -0.005433 0.998194 -0.059823 -13.671210 -0.850747 0.026827 0.524890 136.215893
0.523021 0.052474 0.850703 179.443309 0.000477 0.998085 -0.061858 -13.728130 -0.852320 0.032759 0.521994 136.656184
0.520782 0.055615 0.851876 180.161355 0.001813 0.997801 -0.066250 -13.784100 -0.853688 0.036046 0.519536 137.091891
0.518672 0.062333 0.852698 180.865238 -0.000217 0.997348 -0.072776 -13.845080 -0.854974 0.037562 0.517310 137.523534
0.516397 0.070998 0.853401 181.561206 -0.002461 0.996676 -0.081428 -13.906270 -0.856346 0.039949 0.514855 137.951739
0.514268 0.072241 0.854582 182.269776 0.001884 0.996348 -0.085359 -13.963780 -0.857628 0.045507 0.512254 138.377761
0.511681 0.066173 0.856623 182.951478 0.000898 0.996988 -0.077552 -14.018250 -0.859175 0.040451 0.510081 138.785655
0.508031 0.058000 0.859384 183.642340 -0.007051 0.997977 -0.063186 -14.078650 -0.861310 0.026041 0.507412 139.215424
0.504541 0.055254 0.861618 184.323311 -0.015383 0.998367 -0.055016 -14.134000 -0.863251 0.014503 0.504567 139.631756
0.502327 0.057139 0.862788 184.994703 -0.016164 0.998260 -0.056700 -14.180890 -0.864527 0.014536 0.502376 140.029653
0.500070 0.060421 0.863874 185.662870 -0.012670 0.997967 -0.062466 -14.222930 -0.865892 0.020292 0.499819 140.410781
0.497566 0.061930 0.865212 186.326870 -0.011676 0.997836 -0.064708 -14.264650 -0.867348 0.022094 0.497212 140.788681
0.494923 0.061210 0.866778 186.978581 -0.012087 0.997904 -0.063568 -14.312610 -0.868853 0.020985 0.494626 141.168453
0.492130 0.060174 0.868440 187.621543 -0.012970 0.998004 -0.061802 -14.363220 -0.870425 0.019151 0.491928 141.542601
0.489601 0.059870 0.869889 188.251175 -0.012807 0.998026 -0.061481 -14.412580 -0.871853 0.018960 0.489401 141.910289
0.486670 0.060236 0.871507 188.888204 -0.011126 0.997966 -0.062764 -14.458520 -0.873515 0.020849 0.486350 142.265689
0.482803 0.062057 0.873528 189.511904 -0.010226 0.997817 -0.065235 -14.503120 -0.875669 0.022563 0.482383 142.612964
0.478460 0.064123 0.875765 190.127169 -0.010396 0.997674 -0.067370 -14.547450 -0.878048 0.023130 0.478014 142.949614
0.473685 0.066004 0.878217 190.736602 -0.010393 0.997537 -0.069366 -14.590960 -0.880633 0.023731 0.473205 143.281889
0.468502 0.068643 0.880791 191.340725 -0.010755 0.997346 -0.072005 -14.631030 -0.883397 0.024262 0.467997 143.606561
0.462663 0.071796 0.883622 191.946307 -0.009424 0.997057 -0.076078 -14.671510 -0.886484 0.026871 0.461978 143.924985
0.456269 0.074658 0.886704 192.552410 -0.007607 0.996765 -0.080010 -14.712370 -0.889809 0.029761 0.455361 144.238099
0.449633 0.077110 0.889879 193.169344 -0.009350 0.996618 -0.081635 -14.755100 -0.893165 0.028385 0.448833 144.553506
0.442702 0.079095 0.893173 193.787632 -0.013799 0.996585 -0.081413 -14.797630 -0.896563 0.023717 0.442282 144.869956
0.435959 0.080540 0.896356 194.418209 -0.017397 0.996556 -0.081081 -14.845010 -0.899799 0.019754 0.435858 145.182869
0.429537 0.081529 0.899361 195.057953 -0.017779 0.996487 -0.081843 -14.893660 -0.902874 0.019165 0.429477 145.488910
0.422527 0.084766 0.902378 195.705925 -0.018795 0.996222 -0.084781 -14.942590 -0.906156 0.018862 0.422524 145.793288
0.414805 0.090040 0.905444 196.356708 -0.021991 0.995793 -0.088950 -14.992920 -0.909644 0.016985 0.415040 146.099125
0.407056 0.093796 0.908575 197.016657 -0.023980 0.995468 -0.092023 -15.039080 -0.913088 0.015671 0.407460 146.402674
0.399725 0.096366 0.911555 197.685250 -0.025567 0.995244 -0.094002 -15.087950 -0.916278 0.014269 0.400288 146.703829
0.392229 0.099066 0.914518 198.368946 -0.025959 0.994980 -0.096648 -15.145790 -0.919501 0.014168 0.392832 146.998428
0.384792 0.100880 0.917474 199.066806 -0.027332 0.994819 -0.097922 -15.205510 -0.922599 0.012603 0.385555 147.293343
0.377743 0.101597 0.920320 199.773625 -0.023822 0.994699 -0.100031 -15.263830 -0.925604 0.015862 0.378161 147.578367
0.370768 0.100621 0.923259 200.496170 -0.021646 0.994780 -0.099723 -15.325260 -0.928473 0.016989 0.371010 147.864332
0.363303 0.098088 0.926493 201.230900 -0.020570 0.995044 -0.097279 -15.388220 -0.931444 0.016283 0.363520 148.151864
0.355882 0.095748 0.929613 201.978231 -0.021821 0.995318 -0.094162 -15.451990 -0.934276 0.013225 0.356305 148.439919
0.349265 0.091449 0.932551 202.742123 -0.021097 0.995741 -0.089744 -15.513670 -0.936786 0.011670 0.349707 148.725064
0.343638 0.087765 0.934992 203.537364 -0.017512 0.996049 -0.087060 -15.573050 -0.938939 0.013544 0.343817 149.008654
0.338236 0.082410 0.937446 204.322295 -0.016920 0.996530 -0.081499 -15.626840 -0.940909 0.011704 0.338457 149.287452
0.332692 0.076929 0.939893 205.126283 -0.016291 0.996987 -0.075835 -15.681960 -0.942895 0.009918 0.332943 149.572920
0.328043 0.076763 0.941539 205.944958 -0.011470 0.996943 -0.077283 -15.740330 -0.944593 0.014553 0.327921 149.850374
0.323051 0.084279 0.942621 206.764571 -0.009109 0.996258 -0.085953 -15.798460 -0.946338 0.019181 0.322610 150.124704
0.318693 0.096243 0.942959 207.576166 -0.003650 0.994949 -0.100315 -15.854280 -0.947851 0.028528 0.317435 150.388827
0.314810 0.102333 0.943622 208.415985 0.002327 0.994085 -0.108582 -15.924370 -0.949152 0.036378 0.312709 150.657227
0.310791 0.097635 0.945450 209.280277 0.008426 0.994388 -0.105458 -16.005320 -0.950441 0.040742 0.308224 150.928863
0.306251 0.089049 0.947777 210.164670 0.015227 0.995029 -0.098409 -16.088570 -0.951829 0.044570 0.303373 151.201858
0.301442 0.083716 0.949802 211.068538 0.017385 0.995490 -0.093261 -16.175980 -0.953326 0.044625 0.298627 151.481212
0.296692 0.090374 0.950687 211.942412 0.014150 0.994987 -0.099001 -16.261240 -0.954868 0.042825 0.293926 151.749000
0.292049 0.099733 0.951189 212.812642 0.010115 0.994170 -0.107346 -16.338690 -0.956350 0.040972 0.289337 152.013454
0.286847 0.103709 0.952346 213.731299 0.006314 0.993896 -0.110135 -16.426550 -0.957956 0.037605 0.284441 152.288649
0.281292 0.098636 0.954539 214.621942 0.003084 0.994605 -0.103685 -16.516090 -0.959617 0.032110 0.279471 152.550299
0.275699 0.095133 0.956525 215.535288 0.000518 0.995076 -0.099117 -16.609800 -0.961244 0.027822 0.274292 152.816017
0.270180 0.096810 0.957930 216.450615 -0.000600 0.994949 -0.100382 -16.698580 -0.962810 0.026546 0.268873 153.075071
0.265175 0.101131 0.958882 217.373441 -0.001567 0.994528 -0.104457 -16.784390 -0.964199 0.026197 0.263882 153.330378
0.260605 0.101388 0.960107 218.307413 0.001689 0.994421 -0.105470 -16.873900 -0.965444 0.029107 0.258980 153.576524
0.256668 0.100535 0.961256 219.250029 0.005486 0.994408 -0.105467 -16.963190 -0.966484 0.032344 0.254681 153.823507
0.252818 0.098925 0.962443 220.200561 0.007021 0.994545 -0.104068 -17.054430 -0.967488 0.033068 0.250744 154.070804
0.249383 0.098385 0.963394 221.157653 0.009512 0.994529 -0.104026 -17.143880 -0.968358 0.035106 0.247083 154.314980
0.246628 0.097263 0.964217 222.114955 0.009659 0.994655 -0.102804 -17.233760 -0.969062 0.034668 0.244370 154.558429
0.243790 0.096020 0.965063 223.080066 0.008512 0.994836 -0.101133 -17.322390 -0.969791 0.032869 0.241714 154.803234
0.241238 0.094166 0.965887 224.048095 0.008599 0.995035 -0.099155 -17.411090 -0.970428 0.032226 0.239230 155.044812
0.238437 0.094510 0.966548 225.013727 0.004125 0.995146 -0.098324 -17.500320 -0.971149 0.027431 0.236890 155.289307
0.236701 0.096943 0.966734 225.977173 0.002825 0.994937 -0.100463 -17.589120 -0.971579 0.026511 0.235228 155.528075
0.234888 0.097963 0.967073 226.940411 0.002216 0.994852 -0.101315 -17.677680 -0.972020 0.025941 0.233462 155.764448
0.232884 0.098669 0.967486 227.904692 0.002614 0.994773 -0.102081 -17.768620 -0.972501 0.026302 0.231409 155.995823
0.231554 0.095963 0.968077 228.876678 0.002583 0.995059 -0.099255 -17.858860 -0.972819 0.025483 0.230162 156.229180
0.230469 0.093800 0.968548 229.840960 0.005177 0.995211 -0.097614 -17.946230 -0.973066 0.027511 0.228880 156.454205
0.228869 0.089459 0.969338 230.804304 0.005953 0.995621 -0.093290 -18.034130 -0.973439 0.027122 0.227334 156.680063
0.227195 0.093339 0.969366 231.772125 0.005126 0.995268 -0.097035 -18.120380 -0.973836 0.027015 0.225641 156.907798
0.225258 0.097694 0.969389 232.744009 0.004753 0.994838 -0.101363 -18.208470 -0.974287 0.027441 0.223631 157.131058
0.223406 0.102027 0.969371 233.686004 0.004420 0.994390 -0.105679 -18.293630 -0.974715 0.027894 0.221701 157.347437
0.220632 0.102490 0.969957 234.639454 0.003209 0.994382 -0.105800 -18.386350 -0.975352 0.026455 0.219064 157.566423
0.217726 0.098810 0.970995 235.623939 0.001781 0.994820 -0.101634 -18.480800 -0.976008 0.023858 0.216423 157.790418
0.214683 0.092658 0.972278 236.555416 0.002291 0.995439 -0.095371 -18.567520 -0.976681 0.022702 0.213492 157.995758
0.210999 0.088854 0.973439 237.530323 0.003055 0.995795 -0.091557 -18.655080 -0.977482 0.022292 0.209840 158.206317
0.207011 0.089633 0.974224 238.469403 0.001723 0.995759 -0.091980 -18.736610 -0.978337 0.020719 0.205979 158.407912
0.202816 0.091327 0.974949 239.420461 0.001865 0.995603 -0.093649 -18.816520 -0.979215 0.020812 0.201754 158.608365
0.198995 0.091427 0.975726 240.377353 0.001895 0.995601 -0.093676 -18.893760 -0.979999 0.020490 0.197947 158.804342
0.194676 0.090857 0.976650 241.336328 0.001972 0.995662 -0.093019 -18.969920 -0.980866 0.020034 0.193652 158.997508
0.190683 0.089707 0.977544 242.305614 0.002739 0.995763 -0.091913 -19.041120 -0.981648 0.020204 0.189630 159.188075
0.186724 0.089355 0.978340 243.269901 0.001846 0.995821 -0.091304 -19.114940 -0.982411 0.018855 0.185779 159.374684
0.182591 0.090180 0.979044 244.222733 0.000283 0.995780 -0.091774 -19.187010 -0.983189 0.017034 0.181795 159.557854
0.178555 0.090991 0.979714 245.179523 -0.002092 0.995748 -0.092098 -19.261180 -0.983928 0.014395 0.177986 159.738527
0.174361 0.090537 0.980511 246.147355 -0.004316 0.995825 -0.091184 -19.333660 -0.984672 0.011667 0.174024 159.910559
0.170574 0.091583 0.981079 247.096023 -0.008782 0.995773 -0.091428 -19.410110 -0.985306 0.006980 0.170657 160.081546
0.166742 0.096161 0.981300 248.043755 -0.013474 0.995362 -0.095249 -19.495550 -0.985909 0.002660 0.167264 160.250034
0.163344 0.101760 0.981307 248.986801 -0.016092 0.994809 -0.100482 -19.579300 -0.986438 0.000622 0.164133 160.412690
0.159832 0.103468 0.981707 249.938284 -0.017622 0.994632 -0.101961 -19.664440 -0.986987 -0.001003 0.160797 160.570350
0.156437 0.100839 0.982527 250.891227 -0.019122 0.994897 -0.099064 -19.752570 -0.987503 -0.003290 0.157567 160.723220
0.153123 0.097028 0.983432 251.844899 -0.018637 0.995274 -0.095295 -19.839990 -0.988031 -0.003736 0.154208 160.871301
0.150090 0.094102 0.984184 252.795448 -0.018096 0.995555 -0.092430 -19.923780 -0.988507 -0.003937 0.151126 161.014591
0.146829 0.093065 0.984774 253.738916 -0.016716 0.995655 -0.091601 -20.004340 -0.989021 -0.003012 0.147746 161.153506
0.143384 0.093186 0.985270 254.683322 -0.016051 0.995645 -0.091831 -20.083880 -0.989537 -0.002647 0.144255 161.288778
0.139189 0.095085 0.985690 255.619085 -0.016701 0.995463 -0.093669 -20.163990 -0.990125 -0.003425 0.140146 161.420090
0.134407 0.097562 0.986112 256.550162 -0.017016 0.995222 -0.096144 -20.245320 -0.990780 -0.003857 0.135425 161.542966
0.129585 0.093411 0.987159 257.492492 -0.007631 0.995617 -0.093210 -20.323500 -0.991539 0.004545 0.129730 161.651057
0.125378 0.087898 0.988208 258.430342 -0.007046 0.996121 -0.087708 -20.403790 -0.992084 0.004034 0.125511 161.763731
0.119862 0.088842 0.988807 259.363297 -0.007117 0.996039 -0.088629 -20.482040 -0.992765 0.003586 0.120020 161.874321
0.115880 0.101685 0.988044 260.285008 -0.003982 0.994785 -0.101912 -20.557490 -0.993255 0.007875 0.115681 161.973140
0.110499 0.115181 0.987179 261.200991 -0.002011 0.993286 -0.115669 -20.634600 -0.993874 0.010796 0.109989 162.067064
0.104739 0.118020 0.987472 262.129263 -0.004263 0.992977 -0.118226 -20.719720 -0.994491 0.008174 0.104507 162.161513
0.099172 0.111811 0.988769 263.061285 -0.008700 0.993726 -0.111499 -20.806150 -0.995032 0.002455 0.099523 162.254298
0.094065 0.105053 0.990008 263.990913 -0.010834 0.994466 -0.104497 -20.894490 -0.995507 -0.000896 0.094682 162.342396
0.088760 0.101312 0.990887 264.916482 -0.012434 0.994849 -0.100604 -20.982170 -0.995976 -0.003391 0.089562 162.421538
0.082398 0.100963 0.991472 265.832573 -0.016178 0.994860 -0.099964 -21.065160 -0.996468 -0.007804 0.083608 162.499532
0.075162 0.099071 0.992238 266.748977 -0.020126 0.995000 -0.097823 -21.144940 -0.996968 -0.012618 0.076780 162.572529
0.067754 0.094752 0.993192 267.666113 -0.023627 0.995353 -0.093347 -21.223810 -0.997422 -0.017142 0.069678 162.639798
0.060451 0.090804 0.994032 268.579501 -0.025440 0.995670 -0.089406 -21.302320 -0.997847 -0.019884 0.062499 162.697903
0.053932 0.092984 0.994206 269.486332 -0.021066 0.995539 -0.091966 -21.375500 -0.998322 -0.015984 0.055651 162.740279
0.047577 0.096905 0.994156 270.391705 -0.018943 0.995191 -0.096100 -21.442050 -0.998688 -0.014260 0.049184 162.780887
0.040878 0.098963 0.994251 271.294476 -0.016495 0.995014 -0.098361 -21.511160 -0.999028 -0.012379 0.042306 162.816703
0.034437 0.097442 0.994645 272.202455 -0.016524 0.995155 -0.096920 -21.584180 -0.999270 -0.013098 0.035881 162.848669
0.028168 0.094177 0.995157 273.111372 -0.017361 0.995448 -0.093714 -21.653470 -0.999452 -0.014637 0.029675 162.877719
0.022208 0.093328 0.995388 274.015919 -0.014540 0.995558 -0.093020 -21.726360 -0.999648 -0.012407 0.023466 162.895417
0.017109 0.095466 0.995286 274.917445 -0.012392 0.995375 -0.095262 -21.796630 -0.999777 -0.010704 0.018213 162.909054
0.012392 0.099192 0.994991 275.812724 -0.012739 0.995002 -0.099034 -21.867070 -0.999842 -0.011448 0.013594 162.921752
0.008943 0.100632 0.994884 276.712274 -0.010003 0.994883 -0.100542 -21.941150 -0.999910 -0.009052 0.009904 162.927058
0.006660 0.099441 0.995021 277.613076 -0.004772 0.995035 -0.099411 -22.017100 -0.999966 -0.004086 0.007102 162.925700
0.004848 0.096898 0.995282 278.513773 -0.002861 0.995291 -0.096885 -22.093280 -0.999984 -0.002378 0.005102 162.925801
0.002996 0.095262 0.995448 279.410619 -0.000816 0.995452 -0.095260 -22.167490 -0.999995 -0.000526 0.003060 162.919445
0.001307 0.094124 0.995560 280.308297 0.001142 0.995560 -0.094125 -22.242400 -0.999999 0.001260 0.001194 162.915693
0.000388 0.095923 0.995389 281.200664 0.003445 0.995383 -0.095924 -22.316940 -0.999994 0.003467 0.000056 162.910484
-0.000148 0.097357 0.995250 282.089906 0.005270 0.995236 -0.097355 -22.392310 -0.999986 0.005231 -0.000660 162.907982
0.000413 0.098964 0.995091 282.975608 0.008805 0.995052 -0.098963 -22.469370 -0.999961 0.008803 -0.000460 162.901210
0.001493 0.099884 0.994998 283.854851 0.010656 0.994941 -0.099894 -22.552750 -0.999942 0.010752 0.000421 162.897458
0.002919 0.100076 0.994975 284.738468 0.012017 0.994904 -0.100104 -22.637290 -0.999924 0.012249 0.001701 162.896103
0.004793 0.099804 0.994996 285.575635 0.013972 0.994903 -0.099862 -22.717430 -0.999891 0.014381 0.003374 162.895778
0.007216 0.098611 0.995100 286.424985 0.014849 0.995005 -0.098710 -22.798010 -0.999864 0.015489 0.005715 162.898790
0.009871 0.096343 0.995299 287.263712 0.015639 0.995211 -0.096490 -22.877830 -0.999829 0.016518 0.008317 162.905446
0.012981 0.093285 0.995555 288.100979 0.015611 0.995498 -0.093484 -22.954770 -0.999794 0.016756 0.011466 162.915643
0.016360 0.090385 0.995772 288.916165 0.014764 0.995775 -0.090628 -23.029610 -0.999757 0.016184 0.014956 162.930730
0.019894 0.088281 0.995897 289.723642 0.012985 0.995987 -0.088548 -23.101660 -0.999718 0.014694 0.018668 162.950085
0.023604 0.088723 0.995776 290.517579 0.008346 0.996002 -0.088941 -23.172050 -0.999687 0.010410 0.022769 162.976625
0.027345 0.090002 0.995566 291.300683 0.005629 0.995909 -0.090188 -23.238430 -0.999610 0.008070 0.026727 163.004724
0.031481 0.090160 0.995429 292.073789 0.005682 0.995891 -0.090381 -23.301680 -0.999488 0.008502 0.030839 163.031675
0.035103 0.087341 0.995560 292.843977 0.004615 0.996149 -0.087555 -23.367310 -0.999373 0.007668 0.034565 163.063106
0.038261 0.084104 0.995722 293.591667 0.002804 0.996439 -0.084272 -23.431890 -0.999264 0.006016 0.037889 163.100363
0.041963 0.082117 0.995739 294.334461 -0.000738 0.996619 -0.082158 -23.495970 -0.999119 0.002713 0.041881 163.142202
0.045984 0.083637 0.995435 295.049657 0.001451 0.996482 -0.083792 -23.551640 -0.998941 0.005297 0.045700 163.177680
0.049815 0.084905 0.995143 295.751311 0.000956 0.996375 -0.085058 -23.610500 -0.998758 0.005189 0.049553 163.220030
0.053150 0.086964 0.994793 296.441925 0.000354 0.996199 -0.087105 -23.669600 -0.998587 0.004982 0.052917 163.264252
0.056193 0.089426 0.994407 297.121187 -0.000655 0.995984 -0.089531 -23.726800 -0.998420 0.004380 0.056026 163.306805
0.059220 0.089882 0.994190 297.787013 -0.004210 0.995952 -0.089790 -23.781280 -0.998236 0.001132 0.059359 163.354042
0.062387 0.090370 0.993952 298.439611 -0.006357 0.995908 -0.090149 -23.834460 -0.998032 -0.000694 0.062706 163.401588
0.065867 0.091518 0.993623 299.080544 -0.007837 0.995802 -0.091199 -23.890170 -0.997798 -0.001780 0.066307 163.449235
0.068832 0.089599 0.993596 299.707000 -0.009042 0.995974 -0.089187 -23.943440 -0.997587 -0.002845 0.069365 163.497504
0.072408 0.091717 0.993149 300.331581 -0.009506 0.995781 -0.091267 -23.995820 -0.997330 -0.002832 0.072974 163.544524
0.074988 0.094375 0.992708 300.918876 -0.012717 0.995521 -0.093681 -24.046260 -0.997103 -0.005599 0.075852 163.595595
0.077488 0.094194 0.992533 301.517314 -0.014414 0.995529 -0.093353 -24.101690 -0.996889 -0.007072 0.078499 163.647815
0.080790 0.093400 0.992345 302.101068 -0.015669 0.995596 -0.092430 -24.151170 -0.996608 -0.008082 0.081898 163.697116
0.083714 0.093632 0.992081 302.674304 -0.016861 0.995566 -0.092539 -24.196690 -0.996347 -0.008980 0.084921 163.744956
0.086633 0.093657 0.991828 303.235145 -0.017100 0.995564 -0.092517 -24.240040 -0.996094 -0.008946 0.087850 163.793418
0.089649 0.095298 0.991404 303.786091 -0.018064 0.995404 -0.094049 -24.281940 -0.995810 -0.009478 0.090958 163.844170
0.092157 0.095917 0.991114 304.328288 -0.018911 0.995339 -0.094567 -24.321930 -0.995565 -0.010027 0.093542 163.894919
0.094660 0.097014 0.990771 304.860175 -0.017861 0.995246 -0.095745 -24.361160 -0.995349 -0.008633 0.095943 163.944207
0.096800 0.098702 0.990398 305.379877 -0.018989 0.995073 -0.097312 -24.404940 -0.995123 -0.009387 0.098197 163.994535
0.098343 0.099894 0.990126 305.894266 -0.019922 0.994947 -0.098401 -24.447670 -0.994953 -0.010048 0.099837 164.046006
0.099768 0.101426 0.989828 306.398969 -0.020653 0.994788 -0.099852 -24.491480 -0.994796 -0.010481 0.101343 164.094768
0.100750 0.102657 0.989601 306.906276 -0.021203 0.994658 -0.101023 -24.537460 -0.994686 -0.010804 0.102388 164.146760
0.100872 0.103189 0.989534 307.411291 -0.020397 0.994612 -0.101639 -24.584960 -0.994690 -0.009931 0.102433 164.198751
0.100296 0.103696 0.989539 307.924013 -0.020908 0.994554 -0.102103 -24.633070 -0.994738 -0.010448 0.101918 164.251162
0.099266 0.102998 0.989716 308.441838 -0.022468 0.994607 -0.101254 -24.678240 -0.994807 -0.012186 0.101045 164.305554
0.097809 0.101817 0.989983 308.964558 -0.023055 0.994718 -0.100026 -24.723330 -0.994938 -0.013040 0.099639 164.358803
0.095934 0.102523 0.990094 309.493217 -0.021246 0.994666 -0.100938 -24.770550 -0.995161 -0.011352 0.097600 164.406742
0.094052 0.105897 0.989919 310.025208 -0.018405 0.994342 -0.104622 -24.821690 -0.995397 -0.008379 0.095469 164.452600
0.092600 0.109159 0.989702 310.567096 -0.013218 0.994020 -0.108399 -24.874880 -0.995616 -0.003044 0.093489 164.493150
0.090362 0.114379 0.989319 311.116481 -0.010393 0.993437 -0.113906 -24.923740 -0.995855 0.000010 0.090958 164.536931
0.087875 0.118002 0.989117 311.682424 -0.011306 0.993013 -0.117463 -24.969560 -0.996067 -0.000861 0.088595 164.586238
0.085752 0.118116 0.989290 312.260346 -0.011110 0.992999 -0.117596 -25.020540 -0.996255 -0.000907 0.086464 164.632113
0.084268 0.115152 0.989767 312.850142 -0.006535 0.993343 -0.115011 -25.085000 -0.996422 0.003224 0.084459 164.670805
0.083431 0.108899 0.990545 313.454627 0.002473 0.993985 -0.109485 -25.150460 -0.996510 0.011584 0.082660 164.702317
0.081399 0.108777 0.990728 314.064314 0.003792 0.993985 -0.109446 -25.213210 -0.996674 0.012666 0.080497 164.745808
0.078271 0.112428 0.990572 314.679206 -0.000602 0.993626 -0.112727 -25.274830 -0.996932 0.008227 0.077840 164.801799
0.076164 0.114087 0.990547 315.304305 -0.003335 0.993456 -0.114165 -25.338680 -0.997090 0.005392 0.076046 164.855711
0.075220 0.112031 0.990854 315.949821 0.001847 0.993651 -0.112488 -25.402690 -0.997165 0.010291 0.074535 164.896091
0.074266 0.111138 0.991026 316.604816 0.006831 0.993690 -0.111949 -25.467220 -0.997215 0.015084 0.073039 164.934391
0.072501 0.110475 0.991231 317.273973 0.007490 0.993758 -0.111304 -25.532040 -0.997340 0.015494 0.071221 164.978321
0.069838 0.112136 0.991236 317.952605 0.003890 0.993624 -0.112680 -25.598150 -0.997551 0.011725 0.068957 165.029962
0.067724 0.113193 0.991262 318.642382 0.001301 0.993532 -0.113542 -25.662210 -0.997703 0.008979 0.067139 165.079211
0.066294 0.117568 0.990850 319.341014 0.001257 0.993023 -0.117910 -25.724670 -0.997799 0.009062 0.065684 165.122319
0.064524 0.119095 0.990784 320.052249 0.002361 0.992832 -0.119495 -25.795030 -0.997913 0.010049 0.063781 165.161370
0.062569 0.118096 0.991029 320.780769 -0.001239 0.992983 -0.118251 -25.868210 -0.998040 0.006171 0.062276 165.211884
0.060627 0.117020 0.991277 321.508560 -0.004908 0.993127 -0.116938 -25.941260 -0.998148 0.002224 0.060785 165.262607
0.058471 0.118827 0.991192 322.247184 -0.005444 0.992914 -0.118712 -26.016850 -0.998274 0.001546 0.058704 165.309064
0.057132 0.122918 0.990771 322.994455 -0.002094 0.992404 -0.123000 -26.096060 -0.998364 0.004953 0.056956 165.347713
0.055652 0.129198 0.990056 323.747038 -0.000502 0.991596 -0.129370 -26.174800 -0.998450 0.006702 0.055249 165.386782
0.054302 0.133264 0.989592 324.513158 -0.000498 0.991058 -0.133434 -26.254480 -0.998524 0.006753 0.053883 165.429292
0.053918 0.130413 0.989992 325.292613 0.003793 0.991401 -0.130806 -26.340910 -0.998538 0.010808 0.052960 165.463580
0.053320 0.124082 0.990838 326.082275 0.008683 0.992155 -0.124714 -26.431750 -0.998540 0.015253 0.051824 165.495997
0.052226 0.121498 0.991217 326.879435 0.011681 0.992429 -0.122262 -26.520530 -0.998567 0.017964 0.050411 165.529772
0.051136 0.122707 0.991125 327.682322 0.013947 0.992239 -0.123564 -26.607890 -0.998594 0.020142 0.049028 165.565424
0.050445 0.124640 0.990919 328.491875 0.014636 0.991983 -0.125519 -26.693810 -0.998620 0.020835 0.048216 165.603058
0.049971 0.125529 0.990831 329.311426 0.015866 0.991845 -0.126458 -26.780250 -0.998625 0.022040 0.047572 165.640384
0.050096 0.124579 0.990944 330.141079 0.016271 0.991956 -0.125529 -26.870720 -0.998612 0.022412 0.047666 165.679172
0.050965 0.122763 0.991127 330.980730 0.016864 0.992169 -0.123759 -26.963180 -0.998558 0.023022 0.048495 165.719110
0.052017 0.121830 0.991187 331.823714 0.017410 0.992269 -0.122877 -27.055490 -0.998494 0.023649 0.049494 165.761029
0.053289 0.120401 0.991294 332.682630 0.017324 0.992444 -0.121472 -27.145480 -0.998429 0.023646 0.050801 165.806807
0.054545 0.118973 0.991398 333.540610 0.017214 0.992617 -0.120066 -27.235380 -0.998363 0.023615 0.052094 165.852482
0.056578 0.117571 0.991451 334.412545 0.018306 0.992753 -0.118770 -27.326550 -0.998230 0.024869 0.054016 165.900246
0.058679 0.116130 0.991499 335.291666 0.019716 0.992882 -0.117459 -27.418100 -0.998082 0.026441 0.055972 165.948846
0.060601 0.115784 0.991424 336.177972 0.020234 0.992903 -0.117193 -27.508580 -0.997957 0.027163 0.057828 166.001303
0.063270 0.116195 0.991209 337.069901 0.021432 0.992812 -0.117750 -27.599010 -0.997766 0.028694 0.060325 166.054596
0.066254 0.115011 0.991152 337.971516 0.022849 0.992899 -0.116742 -27.689360 -0.997541 0.030382 0.063156 166.110393
0.069177 0.113979 0.991072 338.886148 0.024375 0.992962 -0.115898 -27.782070 -0.997307 0.032175 0.065912 166.171091
0.072098 0.112957 0.990981 339.800780 0.025887 0.993020 -0.115072 -27.874800 -0.997062 0.033950 0.068670 166.231789
0.075137 0.113485 0.990695 340.723117 0.026319 0.992931 -0.115737 -27.967910 -0.996826 0.034770 0.071619 166.295512
0.078171 0.114275 0.990369 341.654308 0.027335 0.992789 -0.116712 -28.062830 -0.996565 0.036195 0.074483 166.359238
0.081092 0.115344 0.990010 342.586434 0.026641 0.992676 -0.117837 -28.157860 -0.996351 0.035931 0.077425 166.428590
0.083747 0.116491 0.989655 343.523348 0.023762 0.992628 -0.118852 -28.257750 -0.996204 0.033470 0.080361 166.506797
0.086189 0.117664 0.989306 344.461615 0.022097 0.992531 -0.119972 -28.358610 -0.996034 0.032201 0.082945 166.584589
0.088196 0.118185 0.989067 345.407172 0.019699 0.992535 -0.120356 -28.459920 -0.995908 0.030098 0.085209 166.665510
0.089819 0.116521 0.989118 346.354292 0.019255 0.992744 -0.118697 -28.562500 -0.995772 0.029707 0.086924 166.747265
0.091637 0.114029 0.989242 347.303492 0.019451 0.993027 -0.116267 -28.666390 -0.995602 0.029896 0.088780 166.832251
0.092896 0.111232 0.989443 348.254566 0.019348 0.993351 -0.113488 -28.771890 -0.995488 0.029686 0.090126 166.921612
0.094039 0.111673 0.989286 349.207307 0.020845 0.993250 -0.114102 -28.873480 -0.995350 0.031351 0.091076 167.008997
0.094934 0.112765 0.989076 350.157756 0.022060 0.993081 -0.115339 -28.972120 -0.995239 0.032768 0.091790 167.098465
0.095588 0.112898 0.988998 351.112163 0.021786 0.993072 -0.115469 -29.071080 -0.995182 0.032584 0.092466 167.187414
0.095566 0.110710 0.989247 352.062298 0.018953 0.993413 -0.113007 -29.173120 -0.995243 0.029549 0.092838 167.281258
0.095557 0.108742 0.989466 353.010247 0.016086 0.993717 -0.110763 -29.275160 -0.995294 0.026501 0.093208 167.370312
0.095780 0.110165 0.989287 353.955801 0.014461 0.993598 -0.112045 -29.375090 -0.995297 0.025037 0.093574 167.457387
0.095841 0.111774 0.989101 354.895315 0.014249 0.993419 -0.113642 -29.476930 -0.995295 0.024985 0.093617 167.542274
0.096091 0.111988 0.989053 355.836599 0.013865 0.993404 -0.113828 -29.577820 -0.995276 0.024651 0.093905 167.629455
0.096044 0.112703 0.988976 356.777885 0.012374 0.993357 -0.114404 -29.680200 -0.995300 0.023226 0.094011 167.710283
0.096185 0.113105 0.988916 357.719691 0.012839 0.993299 -0.114855 -29.780180 -0.995281 0.023744 0.094088 167.791529
0.096515 0.112823 0.988916 358.660143 0.012382 0.993342 -0.114537 -29.877560 -0.995255 0.023300 0.094475 167.872984
0.096761 0.111727 0.989017 359.601533 0.013493 0.993441 -0.113546 -29.977690 -0.995216 0.024332 0.094619 167.954857
0.097047 0.111995 0.988958 360.534484 0.012355 0.993437 -0.113715 -30.077090 -0.995203 0.023254 0.095027 168.041102
0.097094 0.115449 0.988556 361.464624 0.012280 0.993035 -0.117178 -30.177530 -0.995200 0.023516 0.095000 168.125369
0.098338 0.115903 0.988380 362.394763 0.015700 0.992890 -0.117994 -30.275740 -0.995029 0.027121 0.095819 168.212970
0.099586 0.112752 0.988620 363.328443 0.018343 0.993182 -0.115120 -30.375480 -0.994860 0.029598 0.096839 168.299844
0.101541 0.110541 0.988671 364.265040 0.020648 0.993359 -0.113186 -30.474130 -0.994617 0.031907 0.098584 168.386095
0.104567 0.113631 0.988005 365.193722 0.024767 0.992846 -0.116809 -30.569530 -0.994209 0.036685 0.101004 168.470574
0.107622 0.116696 0.987319 366.123028 0.028886 0.992301 -0.120433 -30.665010 -0.993772 0.041481 0.103423 168.555158
0.110700 0.119868 0.986599 367.052334 0.033066 0.991706 -0.124199 -30.760350 -0.993304 0.046372 0.105819 168.639640
0.113934 0.118299 0.986420 367.985388 0.034972 0.991792 -0.122982 -30.860500 -0.992873 0.048509 0.108862 168.729435
0.117272 0.118963 0.985949 368.916984 0.036318 0.991621 -0.123967 -30.960970 -0.992436 0.050345 0.111969 168.818919
0.120475 0.119829 0.985457 369.850975 0.036789 0.991467 -0.125057 -31.055690 -0.992034 0.051320 0.115039 168.906217
0.123934 0.121033 0.984881 370.783818 0.036888 0.991285 -0.126462 -31.149820 -0.991605 0.052003 0.118390 169.001848
0.127762 0.116083 0.984988 371.721242 0.036133 0.991923 -0.121587 -31.244240 -0.991147 0.051124 0.122536 169.102273
0.131873 0.112538 0.984858 372.655746 0.033526 0.992460 -0.117896 -31.342680 -0.990700 0.048565 0.127106 169.213737
0.136595 0.111537 0.984328 373.594001 0.031753 0.992638 -0.116885 -31.432320 -0.990118 0.047221 0.132048 169.320309
0.141344 0.110550 0.983769 374.533505 0.029977 0.992811 -0.115873 -31.522030 -0.989507 0.045868 0.137014 169.427091
0.146697 0.109517 0.983100 375.478737 0.028158 0.992987 -0.114820 -31.609850 -0.988781 0.044526 0.142585 169.536063
0.152901 0.109595 0.982146 376.418028 0.026817 0.993005 -0.114982 -31.699580 -0.987878 0.043919 0.148892 169.656595
0.159965 0.110639 0.980903 377.354606 0.024788 0.992935 -0.116039 -31.791760 -0.986811 0.042877 0.156093 169.789208
0.168530 0.111679 0.979349 378.288160 0.022526 0.992865 -0.117097 -31.884560 -0.985439 0.041795 0.164812 169.934007
0.177076 0.112747 0.977718 379.221714 0.020265 0.992788 -0.118155 -31.977360 -0.983989 0.040736 0.173514 170.078807
0.186425 0.113178 0.975928 380.152764 0.018500 0.992762 -0.118664 -32.072640 -0.982295 0.040177 0.182982 170.235272
0.195621 0.113034 0.974144 381.081518 0.016788 0.992804 -0.118571 -32.168640 -0.980536 0.039548 0.192315 170.404340
0.204851 0.113150 0.972231 382.004643 0.014880 0.992821 -0.118681 -32.265540 -0.978680 0.038779 0.201697 170.586737
0.213539 0.112808 0.970399 382.927032 0.012732 0.992905 -0.118225 -32.365480 -0.976851 0.037601 0.210588 170.786633
0.221737 0.112531 0.968591 383.836608 0.011251 0.992957 -0.117938 -32.466960 -0.975042 0.037048 0.218909 170.993608
0.228552 0.112258 0.967038 384.748991 0.009226 0.993035 -0.117456 -32.563850 -0.973488 0.035767 0.225925 171.214124
0.234361 0.112499 0.965618 385.656894 0.007947 0.993027 -0.117621 -32.658240 -0.972117 0.035240 0.231833 171.438805
0.239417 0.113244 0.964290 386.564274 0.006457 0.992967 -0.118215 -32.752530 -0.970895 0.034529 0.237002 171.668695
0.243993 0.112858 0.963187 387.473529 0.005688 0.993022 -0.117795 -32.848710 -0.969760 0.034220 0.241649 171.898379
0.248559 0.113018 0.962001 388.380699 0.004562 0.993022 -0.117842 -32.949650 -0.968606 0.033679 0.246309 172.131291
0.252970 0.112693 0.960888 389.294430 0.004462 0.993046 -0.117639 -33.049040 -0.967464 0.034047 0.250708 172.364415
0.257450 0.113013 0.959660 390.208575 0.004281 0.992994 -0.118087 -33.147330 -0.966282 0.034510 0.255162 172.603581
0.261651 0.112760 0.958553 391.124905 0.003889 0.993021 -0.117876 -33.247110 -0.965155 0.034571 0.259387 172.849519
0.266183 0.111187 0.957488 392.038525 0.003667 0.993201 -0.116353 -33.348440 -0.963916 0.034482 0.263965 173.100248
0.270584 0.109716 0.956424 392.954433 0.002308 0.993408 -0.114612 -33.451860 -0.962693 0.033219 0.268547 173.358789
0.275236 0.107242 0.955376 393.863570 0.002690 0.993669 -0.112315 -33.552040 -0.961373 0.033484 0.273205 173.621287
0.279790 0.105183 0.954282 394.764995 0.002531 0.993896 -0.110292 -33.651470 -0.960058 0.033274 0.277816 173.895032
0.284076 0.104504 0.953090 395.652984 0.001743 0.993984 -0.109508 -33.750680 -0.958800 0.032770 0.282185 174.170960
0.288369 0.103939 0.951861 396.541597 0.000918 0.994060 -0.108825 -33.850060 -0.957519 0.032256 0.286561 174.447202
0.292953 0.107431 0.950072 397.420628 -0.001216 0.993708 -0.111990 -33.949470 -0.956126 0.031653 0.291241 174.723024
0.297275 0.110713 0.948351 398.288718 -0.003855 0.993385 -0.114762 -34.051660 -0.954784 0.030460 0.295735 175.011654
0.301334 0.110938 0.947043 399.162017 -0.005334 0.993389 -0.114670 -34.150420 -0.953504 0.029502 0.299934 175.296955
0.304501 0.106869 0.946498 400.034689 -0.007518 0.993925 -0.109805 -34.248550 -0.952482 0.026319 0.303455 175.586630
0.306700 0.104267 0.946078 400.897881 -0.010926 0.994302 -0.106040 -34.348930 -0.951744 0.022186 0.306092 175.880365
0.308023 0.105855 0.945472 401.754511 -0.015522 0.994218 -0.106256 -34.449090 -0.951252 0.018053 0.307885 176.175660
0.308789 0.110955 0.944637 402.601144 -0.017709 0.993671 -0.110926 -34.544040 -0.950966 0.017524 0.308799 176.467100
0.309537 0.116098 0.943773 403.448297 -0.019898 0.993092 -0.115639 -34.639000 -0.950679 0.017015 0.309709 176.758644
0.309930 0.116412 0.943605 404.293365 -0.021753 0.993084 -0.115371 -34.737780 -0.950510 0.015231 0.310319 177.054772
0.309990 0.112350 0.944078 405.131872 -0.024637 0.993609 -0.110155 -34.836510 -0.950421 0.010888 0.310777 177.348502
0.310078 0.108262 0.944527 405.971837 -0.027542 0.994101 -0.104902 -34.935370 -0.950312 0.006514 0.311230 177.642651
0.310044 0.106496 0.944739 406.796806 -0.028759 0.994302 -0.102645 -35.031210 -0.950287 0.004655 0.311341 177.929817
0.309715 0.106180 0.944882 407.619068 -0.028168 0.994334 -0.102504 -35.121430 -0.950412 0.005131 0.310951 178.214484
0.309196 0.107273 0.944929 408.438311 -0.027896 0.994213 -0.103741 -35.210560 -0.950589 0.005717 0.310399 178.495922
0.308780 0.108219 0.944957 409.258284 -0.028077 0.994110 -0.104674 -35.298190 -0.950719 0.005789 0.309999 178.773507
0.308694 0.103843 0.945476 410.092319 -0.021768 0.994533 -0.102123 -35.378080 -0.950912 0.010944 0.309267 179.043704
0.308788 0.102651 0.945575 410.925209 -0.020646 0.994648 -0.101236 -35.459460 -0.950907 0.011738 0.309255 179.312131
0.308055 0.104496 0.945612 411.746432 -0.021252 0.994457 -0.102971 -35.543020 -0.951131 0.011625 0.308568 179.588157
0.307997 0.109706 0.945041 412.564637 -0.019309 0.993846 -0.109078 -35.622990 -0.951191 0.015348 0.308219 179.854185
0.308196 0.114651 0.944389 413.386069 -0.017095 0.993218 -0.115000 -35.709920 -0.951169 0.019298 0.308066 180.122819
0.307120 0.112350 0.945016 414.220412 -0.019394 0.993540 -0.111815 -35.799940 -0.951473 0.016013 0.307315 180.401770
0.306989 0.109016 0.945449 415.059442 -0.018896 0.993920 -0.108469 -35.891060 -0.951526 0.015433 0.307182 180.681348
0.306659 0.109377 0.945514 415.900552 -0.019624 0.993891 -0.108609 -35.987380 -0.951617 0.014751 0.306932 180.964157
0.306599 0.110790 0.945369 416.745412 -0.019740 0.993729 -0.110056 -36.081620 -0.951634 0.015082 0.306863 181.247384
0.307032 0.113879 0.944861 417.616516 -0.017664 0.993326 -0.113980 -36.172910 -0.951535 0.018306 0.306994 181.531248
0.307175 0.114893 0.944692 418.465127 -0.017077 0.993191 -0.115239 -36.261430 -0.951500 0.019266 0.307046 181.808230
0.307244 0.113232 0.944870 419.369865 -0.017041 0.993391 -0.113505 -36.359920 -0.951478 0.018772 0.307143 182.108772
0.307634 0.110263 0.945094 420.217536 -0.016128 0.993724 -0.110687 -36.456500 -0.951368 0.018809 0.307481 182.391588
0.308123 0.109915 0.944976 421.099051 -0.013447 0.993707 -0.111199 -36.559870 -0.951252 0.021555 0.307662 182.685042
0.309051 0.109993 0.944663 421.986294 -0.008982 0.993583 -0.112750 -36.658180 -0.951003 0.026361 0.308056 182.975374
0.309997 0.109825 0.944373 422.882493 -0.004999 0.993480 -0.113895 -36.761270 -0.950724 0.030586 0.308525 183.269772
0.311226 0.107120 0.944279 423.770465 -0.002457 0.993714 -0.111919 -36.860620 -0.950333 0.032512 0.309533 183.562085
0.313037 0.106451 0.943756 424.664061 0.003685 0.993555 -0.113291 -36.960600 -0.949734 0.038942 0.310627 183.851798
0.314575 0.104633 0.943448 425.554217 0.007761 0.993589 -0.112782 -37.057160 -0.949201 0.042801 0.311747 184.149114
0.314756 0.102019 0.943674 426.445932 0.005658 0.993988 -0.109345 -37.148670 -0.949156 0.039756 0.312287 184.454658
0.314792 0.095852 0.944308 427.340456 0.002725 0.994792 -0.101885 -37.237270 -0.949157 0.034646 0.312891 184.766663
0.315727 0.093755 0.944207 428.232485 0.003743 0.994976 -0.100048 -37.323400 -0.948843 0.035122 0.313790 185.065128
0.316208 0.093452 0.944076 429.123577 0.003874 0.995001 -0.099791 -37.406750 -0.948682 0.035212 0.314265 185.361198
0.316601 0.096922 0.943594 430.009465 0.004489 0.994602 -0.103668 -37.491690 -0.948548 0.037057 0.314457 185.649039
0.317579 0.098404 0.943112 430.901604 0.005871 0.994378 -0.105730 -37.572700 -0.948214 0.039115 0.315215 185.931468
0.318483 0.096796 0.942973 431.794261 0.007815 0.994471 -0.104722 -37.661880 -0.947896 0.040721 0.315966 186.217232
0.319169 0.093448 0.943079 432.672964 0.009578 0.994758 -0.101810 -37.749120 -0.947650 0.041527 0.316601 186.500178
0.319273 0.092317 0.943156 433.548645 0.009134 0.994898 -0.100473 -37.832620 -0.947619 0.040693 0.316801 186.783021
0.318915 0.092992 0.943210 434.407246 0.007689 0.994888 -0.100687 -37.916640 -0.947752 0.039363 0.316570 187.066795
0.318600 0.093399 0.943276 435.260326 0.007158 0.994868 -0.100925 -38.000970 -0.947862 0.038907 0.316297 187.350464
0.318170 0.090851 0.943670 436.103619 0.008750 0.995074 -0.098749 -38.082220 -0.947993 0.039676 0.315808 187.626422
0.317294 0.088154 0.944221 436.949309 0.009535 0.995323 -0.096130 -38.158270 -0.948279 0.039505 0.314969 187.896967
0.316263 0.086410 0.944728 437.773546 0.009263 0.995514 -0.094157 -38.233070 -0.948626 0.038530 0.314044 188.161464
0.315155 0.086089 0.945127 438.590598 0.010346 0.995506 -0.094128 -38.305960 -0.948984 0.039443 0.312848 188.421064
0.314118 0.087730 0.945322 439.396509 0.012267 0.995263 -0.096441 -38.374840 -0.949305 0.041890 0.311554 188.672850
0.312752 0.092384 0.945331 440.192109 0.011662 0.994810 -0.101078 -38.444270 -0.949763 0.042637 0.310052 188.924111
0.311386 0.097330 0.945286 440.973232 0.010365 0.994334 -0.105795 -38.522230 -0.950227 0.042741 0.308613 189.177138
0.309993 0.102384 0.945210 441.755603 0.009030 0.993823 -0.110611 -38.600180 -0.950696 0.042824 0.307153 189.430479
0.309103 0.103059 0.945428 442.531832 0.009262 0.993738 -0.111353 -38.681800 -0.950983 0.043176 0.306213 189.679341
0.307550 0.098986 0.946369 443.305768 0.008423 0.994252 -0.106732 -38.765380 -0.951495 0.040797 0.304949 189.928306
0.306427 0.094197 0.947222 444.077727 0.008217 0.994793 -0.101586 -38.845760 -0.951859 0.038912 0.304057 190.174459
0.305802 0.092775 0.947564 444.844065 0.010000 0.994873 -0.100634 -38.918600 -0.952043 0.040250 0.303306 190.411759
0.305276 0.093257 0.947686 445.599364 0.011779 0.994747 -0.101682 -38.989300 -0.952191 0.042204 0.302574 190.645097
0.305092 0.095459 0.947526 446.351433 0.011860 0.994505 -0.104011 -39.060820 -0.952249 0.042970 0.302284 190.881246
0.304957 0.096581 0.947456 447.107251 0.011994 0.994376 -0.105225 -39.132240 -0.952291 0.043453 0.302083 191.117503
0.305046 0.096572 0.947429 447.859945 0.013810 0.994292 -0.105795 -39.201760 -0.952238 0.045356 0.301971 191.353342
0.305275 0.097485 0.947261 448.607223 0.014980 0.994131 -0.107136 -39.266610 -0.952147 0.046896 0.302023 191.589388
0.305158 0.097623 0.947285 449.374494 0.015418 0.994095 -0.107414 -39.329090 -0.952177 0.047384 0.301851 191.832005
0.305327 0.100274 0.946953 450.113438 0.014516 0.993834 -0.109919 -39.385520 -0.952137 0.047307 0.301989 192.068987
0.305447 0.099946 0.946949 450.869044 0.015395 0.993828 -0.109859 -39.445660 -0.952085 0.048134 0.302023 192.312643
0.305858 0.098616 0.946956 451.631108 0.015215 0.993988 -0.108428 -39.515410 -0.951956 0.047571 0.302518 192.553385
0.306841 0.096875 0.946818 452.395462 0.016264 0.994127 -0.106986 -39.586070 -0.951622 0.048227 0.303463 192.794338
0.308276 0.094965 0.946545 453.159088 0.016414 0.994326 -0.105104 -39.655600 -0.951156 0.047937 0.304968 193.035187
0.309889 0.092971 0.946216 453.905841 0.016983 0.994507 -0.103278 -39.726780 -0.950621 0.048074 0.306608 193.274468
0.311510 0.091660 0.945812 454.633535 0.016867 0.994647 -0.101948 -39.801890 -0.950093 0.047710 0.308296 193.512388
0.313371 0.092539 0.945111 455.364143 0.015238 0.994622 -0.102439 -39.879980 -0.949509 0.046503 0.310276 193.756247
0.315204 0.093892 0.944368 456.084647 0.013727 0.994539 -0.103462 -39.961840 -0.948925 0.045575 0.312194 194.003123
0.317240 0.094675 0.943608 456.783074 0.013316 0.994461 -0.104254 -40.036980 -0.948252 0.045638 0.314222 194.240305
0.319037 0.094543 0.943015 457.470774 0.012072 0.994526 -0.103791 -40.115210 -0.947665 0.044498 0.316150 194.478108
0.320223 0.093483 0.942718 458.156079 0.010740 0.994697 -0.102285 -40.193350 -0.947281 0.042879 0.317521 194.713620
0.321263 0.092106 0.942500 458.835864 0.009453 0.994897 -0.100448 -40.266880 -0.946943 0.041180 0.318753 194.947047
0.322372 0.092085 0.942124 459.490658 0.009157 0.994907 -0.100377 -40.333010 -0.946569 0.040986 0.319887 195.168071
0.323484 0.092063 0.941744 460.147847 0.008866 0.994917 -0.100307 -40.399400 -0.946192 0.040797 0.321024 195.389930
0.324577 0.091907 0.941383 460.808680 0.009260 0.994911 -0.100326 -40.469100 -0.945814 0.041280 0.322074 195.614811
0.325829 0.091438 0.940997 461.420257 0.009864 0.994929 -0.100094 -40.531700 -0.945377 0.041895 0.323275 195.822801
0.327123 0.090748 0.940614 462.042975 0.011277 0.994932 -0.099910 -40.589930 -0.944914 0.043290 0.324442 196.035274
0.328286 0.091076 0.940177 462.669442 0.010972 0.994906 -0.100208 -40.651050 -0.944515 0.043213 0.325614 196.249625
0.329329 0.091567 0.939765 463.252066 0.010062 0.994890 -0.100464 -40.712690 -0.944161 0.042541 0.326725 196.451877
0.330375 0.091812 0.939373 463.854164 0.009320 0.994892 -0.100516 -40.776810 -0.943804 0.041963 0.327832 196.661948
0.331369 0.091913 0.939014 464.409504 0.009118 0.994885 -0.100599 -40.836150 -0.943457 0.041897 0.328836 196.855858
0.332289 0.091996 0.938680 464.974945 0.008942 0.994880 -0.100669 -40.893610 -0.943135 0.041845 0.329765 197.052585
0.332948 0.091558 0.938489 465.527264 0.007738 0.994976 -0.099814 -40.947220 -0.942913 0.040495 0.330567 197.246391
0.333504 0.090664 0.938379 466.070107 0.006514 0.995120 -0.098461 -41.002850 -0.942726 0.038950 0.331286 197.438006
0.334220 0.089785 0.938209 466.604202 0.005910 0.995233 -0.097348 -41.056800 -0.942477 0.038080 0.332096 197.625556
0.334954 0.089349 0.937988 467.124551 0.006882 0.995235 -0.097260 -41.110970 -0.942209 0.039033 0.332743 197.808936
0.335635 0.090447 0.937640 467.636465 0.007376 0.995097 -0.098630 -41.165070 -0.941963 0.040019 0.333322 197.989396
0.336080 0.093530 0.937178 468.124634 0.006061 0.994822 -0.101456 -41.222410 -0.941814 0.039778 0.333773 198.165577
0.336630 0.096480 0.936681 468.607596 0.004601 0.994557 -0.104095 -41.278400 -0.941626 0.039351 0.334353 198.340923
0.337583 0.098408 0.936137 469.085143 0.004366 0.994346 -0.106101 -41.333990 -0.941286 0.039905 0.335245 198.513975
0.338413 0.098967 0.935779 469.545822 0.006089 0.994203 -0.107348 -41.384820 -0.940978 0.042026 0.335848 198.675774
0.339000 0.098781 0.935586 470.000253 0.007172 0.994172 -0.107566 -41.431160 -0.940759 0.043174 0.336316 198.834133
0.338319 0.097305 0.935987 470.441249 0.006980 0.994353 -0.105896 -41.477780 -0.941006 0.042360 0.335729 198.990716
0.337116 0.096163 0.936539 470.871102 0.005380 0.994557 -0.104057 -41.523200 -0.941448 0.040118 0.334764 199.145109
0.335811 0.095380 0.937088 471.294709 0.005171 0.994658 -0.103093 -41.570270 -0.941915 0.039466 0.333524 199.293458
0.334553 0.094791 0.937597 471.689471 0.005306 0.994723 -0.102460 -41.616120 -0.942362 0.039253 0.332284 199.430756
0.333411 0.094354 0.938048 472.077150 0.005763 0.994757 -0.102106 -41.662740 -0.942764 0.039450 0.331119 199.567738
0.332468 0.094032 0.938415 472.454520 0.005425 0.994810 -0.101605 -41.703890 -0.943099 0.038871 0.330232 199.699926
0.331514 0.093183 0.938837 472.814603 0.005914 0.994886 -0.100834 -41.747070 -0.943432 0.038980 0.329267 199.827733
0.330559 0.092334 0.939258 473.174790 0.006401 0.994961 -0.100063 -41.790230 -0.943764 0.039088 0.328302 199.955644
0.329567 0.091558 0.939682 473.517378 0.007027 0.995021 -0.099415 -41.834600 -0.944106 0.039367 0.327283 200.077404
0.328443 0.091341 0.940097 473.846218 0.006354 0.995077 -0.098903 -41.878960 -0.944502 0.038457 0.326246 200.200303
0.327378 0.091529 0.940450 474.165374 0.004758 0.995125 -0.098507 -41.915100 -0.944882 0.036723 0.325347 200.318513
0.326362 0.091686 0.940788 474.477138 0.003667 0.995154 -0.098257 -41.949520 -0.945238 0.035518 0.324444 200.427970
0.325198 0.091682 0.941191 474.781720 0.004178 0.995140 -0.098381 -41.976170 -0.945637 0.035925 0.323235 200.529822
0.324273 0.092275 0.941452 475.073595 0.005260 0.995040 -0.099339 -42.007040 -0.945949 0.037165 0.322180 200.630940
0.323716 0.093468 0.941526 475.364118 0.005989 0.994886 -0.100825 -42.033550 -0.946135 0.038277 0.321501 200.727996
0.323389 0.093896 0.941596 475.650265 0.006140 0.994835 -0.101314 -42.060070 -0.946246 0.038545 0.321142 200.829112
0.323583 0.093473 0.941572 475.930995 0.005498 0.994906 -0.100657 -42.089840 -0.946184 0.037747 0.321421 200.931685
0.323873 0.093086 0.941510 476.211413 0.004812 0.994973 -0.100027 -42.119600 -0.946088 0.036926 0.321797 201.033841
0.324834 0.092950 0.941192 476.487874 0.003825 0.995022 -0.099586 -42.148740 -0.945763 0.035949 0.322862 201.133495
0.326031 0.092993 0.940774 476.761523 0.002494 0.995062 -0.099224 -42.178330 -0.945356 0.034696 0.324189 201.232108
0.327828 0.093317 0.940118 477.034339 0.001084 0.995072 -0.099150 -42.201070 -0.944737 0.033523 0.326111 201.332178
0.330644 0.093442 0.939118 477.307883 0.000716 0.995061 -0.099261 -42.222980 -0.943755 0.033492 0.328944 201.431937
0.334960 0.093458 0.937586 477.579759 0.000910 0.995036 -0.099510 -42.245870 -0.942232 0.034185 0.333212 201.536486
0.340733 0.093211 0.935528 477.853195 0.001051 0.995035 -0.099522 -42.273150 -0.940160 0.034894 0.338943 201.645203
0.348187 0.093942 0.932706 478.123920 -0.000043 0.994968 -0.100197 -42.302070 -0.937425 0.034847 0.346439 201.761313
0.357668 0.094850 0.929019 478.406723 -0.002034 0.994905 -0.100794 -42.329820 -0.933847 0.034161 0.356038 201.885031
0.368031 0.095784 0.924867 478.687026 -0.003341 0.994810 -0.101698 -42.357960 -0.929808 0.034338 0.366440 202.010103
0.379808 0.095875 0.920084 478.970347 -0.003472 0.994755 -0.102223 -42.388220 -0.925059 0.035631 0.378149 202.139238
0.394022 0.096099 0.914063 479.261266 -0.005525 0.994748 -0.102200 -42.416410 -0.919084 0.035219 0.392484 202.279834
0.409868 0.097686 0.906899 479.555094 -0.008865 0.994628 -0.103129 -42.445190 -0.912102 0.034230 0.408533 202.433970
0.427176 0.099414 0.898687 479.851420 -0.012822 0.994503 -0.103919 -42.469970 -0.904078 0.032869 0.426102 202.594670
0.445741 0.100979 0.889448 480.136706 -0.014309 0.994294 -0.105712 -42.494640 -0.895047 0.034393 0.444643 202.753490
0.464490 0.103296 0.879533 480.427925 -0.016347 0.994005 -0.108107 -42.521560 -0.885428 0.035837 0.463394 202.920437
0.483739 0.104287 0.868977 480.715079 -0.017861 0.993845 -0.109330 -42.552140 -0.875030 0.037367 0.482624 203.093215
0.502765 0.107039 0.857770 480.982131 -0.023956 0.993648 -0.109953 -42.580290 -0.864091 0.034731 0.502136 203.270358
0.516703 0.111339 0.848894 481.248347 -0.028777 0.993206 -0.112750 -42.600700 -0.855681 0.033829 0.516397 203.450835
0.520958 0.116495 0.845595 481.509566 -0.036050 0.992762 -0.114560 -42.620200 -0.852821 0.029197 0.521387 203.627664
0.520035 0.118234 0.845922 481.765790 -0.038519 0.992612 -0.115057 -42.641800 -0.853276 0.027250 0.520747 203.793139
0.515465 0.119365 0.848556 482.019520 -0.039581 0.992510 -0.115571 -42.661930 -0.855996 0.025986 0.516329 203.944553
0.506135 0.119734 0.854102 482.264925 -0.038989 0.992480 -0.116029 -42.683350 -0.861572 0.025426 0.506997 204.081382
0.493157 0.119143 0.861743 482.514813 -0.035621 0.992512 -0.116837 -42.694520 -0.869211 0.026923 0.493708 204.207695
0.479076 0.118128 0.869788 482.734092 -0.031104 0.992565 -0.117671 -42.700110 -0.877222 0.029319 0.479188 204.309415
0.461144 0.116745 0.879612 483.011375 -0.025746 0.992650 -0.118251 -42.719460 -0.886952 0.031884 0.460760 204.427929
0.441320 0.116253 0.889788 483.270020 -0.022602 0.992698 -0.118488 -42.737060 -0.897065 0.032180 0.440725 204.533729
0.420692 0.116455 0.899698 483.533562 -0.020792 0.992704 -0.118771 -42.750470 -0.906965 0.031260 0.420044 204.635157
0.399892 0.116489 0.909129 483.793045 -0.019720 0.992754 -0.118530 -42.763450 -0.916350 0.029471 0.399292 204.729814
0.379927 0.115662 0.917757 484.070753 -0.017551 0.992875 -0.117863 -42.784460 -0.924850 0.028672 0.379250 204.827708
0.361743 0.114525 0.925216 484.350752 -0.012691 0.992939 -0.117946 -42.811900 -0.932191 0.030925 0.360642 204.925082
0.345569 0.113132 0.931549 484.624611 -0.006932 0.992987 -0.118022 -42.838620 -0.938368 0.034327 0.343930 205.012768
0.330554 0.112350 0.937076 484.908364 -0.003203 0.993017 -0.117927 -42.873170 -0.943782 0.035980 0.328605 205.099418
0.316737 0.112431 0.941826 485.193055 -0.003066 0.993066 -0.117516 -42.903910 -0.948508 0.034334 0.314885 205.185651
0.306973 0.110562 0.945274 485.465774 -0.001744 0.993293 -0.115612 -42.934320 -0.951716 0.033841 0.305107 205.259694
0.297703 0.107426 0.948595 485.740159 0.000090 0.993645 -0.112556 -42.971070 -0.954658 0.033594 0.295802 205.333426
0.291465 0.106319 0.950654 485.989759 0.001581 0.993749 -0.111624 -43.003290 -0.956580 0.034038 0.289475 205.401939
0.289499 0.106408 0.951245 486.238109 0.002845 0.993702 -0.112023 -43.033190 -0.957174 0.035137 0.287372 205.471493
0.292306 0.106844 0.950337 486.486665 0.002919 0.993635 -0.112610 -43.054710 -0.956320 0.035691 0.290134 205.544381
0.298950 0.105860 0.948379 486.713872 0.004104 0.993676 -0.112210 -43.076180 -0.954260 0.037437 0.296625 205.614239
0.308827 0.104276 0.945385 486.930247 0.005629 0.993754 -0.111450 -43.098560 -0.951102 0.039740 0.306311 205.684196
0.321037 0.103514 0.941392 487.143598 0.003646 0.993866 -0.110527 -43.123850 -0.947060 0.038915 0.318691 205.761131
0.334314 0.105640 0.936522 487.332993 -0.002450 0.993792 -0.111226 -43.151320 -0.942458 0.034890 0.332498 205.842429
0.347359 0.107932 0.931500 487.501874 -0.007736 0.993650 -0.112249 -43.183290 -0.937700 0.031785 0.345988 205.915802
0.361194 0.107887 0.926228 487.671065 -0.011591 0.993727 -0.111229 -43.203450 -0.932419 0.029439 0.360179 205.994487
0.375786 0.105880 0.920638 487.839112 -0.013727 0.993978 -0.108711 -43.223710 -0.926605 0.028214 0.374977 206.068798
0.391074 0.104465 0.914412 487.981965 -0.008489 0.993905 -0.109916 -43.241390 -0.920320 0.035223 0.389577 206.119455
0.406071 0.102789 0.908042 488.122528 -0.003286 0.993812 -0.111028 -43.259100 -0.913836 0.042102 0.403896 206.168966
0.422247 0.105512 0.900319 488.248196 0.000638 0.993168 -0.116692 -43.273290 -0.906481 0.049847 0.419295 206.220866
0.437477 0.107925 0.892729 488.360734 -0.002493 0.992913 -0.118814 -43.284740 -0.899226 0.049753 0.434646 206.288069
0.450598 0.109646 0.885968 488.467231 -0.011403 0.993055 -0.117099 -43.291850 -0.892654 0.042661 0.448719 206.356729
0.464250 0.109771 0.878875 488.580809 -0.017997 0.993254 -0.114551 -43.295790 -0.885521 0.037364 0.463094 206.426016
0.476599 0.109103 0.872324 488.679710 -0.020747 0.993389 -0.112910 -43.298330 -0.878876 0.035714 0.475711 206.479362
0.488447 0.108032 0.865880 488.770801 -0.021291 0.993487 -0.111943 -43.306840 -0.872334 0.036242 0.487566 206.528851
0.500343 0.107461 0.859133 488.860535 -0.022257 0.993536 -0.111311 -43.313150 -0.865541 0.036572 0.499501 206.583755
0.511424 0.107176 0.852618 488.946732 -0.023134 0.993549 -0.111015 -43.316320 -0.859017 0.037051 0.510605 206.632200
0.521863 0.105831 0.846439 489.028034 -0.023134 0.993665 -0.109976 -43.313510 -0.852715 0.037811 0.521005 206.677623
0.531214 0.103698 0.840867 489.105590 -0.022778 0.993871 -0.108177 -43.322290 -0.846931 0.038312 0.530320 206.717420
0.538455 0.104196 0.836187 489.171063 -0.025380 0.993881 -0.107503 -43.335600 -0.842272 0.036663 0.537805 206.760128
0.545483 0.108381 0.831085 489.219244 -0.032489 0.993593 -0.108250 -43.344180 -0.837492 0.032048 0.545509 206.808660
0.553927 0.115275 0.824546 489.260445 -0.042485 0.992992 -0.110282 -43.349350 -0.831481 0.026057 0.554942 206.861980
0.559429 0.119975 0.820150 489.298422 -0.048933 0.992524 -0.111813 -43.351960 -0.827433 0.022419 0.561117 206.906341
0.564263 0.119006 0.816973 489.342338 -0.048974 0.992639 -0.110770 -43.357450 -0.824142 0.022492 0.565937 206.943831
0.570902 0.113892 0.813080 489.392091 -0.044449 0.993167 -0.107907 -43.360130 -0.819814 0.025464 0.572063 206.972264
0.576097 0.108994 0.810082 489.439343 -0.039975 0.993641 -0.105262 -43.365640 -0.816403 0.028258 0.576790 207.002986
0.579875 0.107313 0.807607 489.477012 -0.039623 0.993829 -0.103608 -43.374790 -0.813741 0.028080 0.580549 207.036412
0.584795 0.109014 0.803823 489.504785 -0.043940 0.993731 -0.102801 -43.386900 -0.809990 0.024797 0.585919 207.072124
0.588909 0.112141 0.800381 489.529747 -0.049381 0.993469 -0.102861 -43.389800 -0.806689 0.021053 0.590601 207.107835
0.591666 0.114851 0.797960 489.555752 -0.053333 0.993208 -0.103408 -43.391870 -0.804417 0.018626 0.593773 207.139693
