-0.373816 6.688332
-0.400047 7.153272
-0.427250 7.634829
-0.455439 8.133217
-0.484629 8.648640
-0.514834 9.181294
-0.546070 9.731366
-0.578349 10.299033
-0.611686 10.884462
-0.646094 11.487811
-0.681586 12.109228
-0.718175 12.748850
-0.755874 13.406802
-0.794695 14.083200
-0.834649 14.778149
-0.875749 15.491741
-0.918005 16.224057
-0.961427 16.975168
-1.006027 17.745129
-1.051811 18.533985
-1.098788 19.341767
-1.146966 20.168493
-1.196350 21.014168
-1.246945 21.878785
-1.298754 22.762324
-1.351779 23.664752
-1.399128 24.461590
-1.447195 25.268249
-1.495954 26.084276
-1.545378 26.909213
-1.595439 27.742592
-1.646107 28.583940
-1.697346 29.432775
-1.749121 30.288611
-1.801395 31.150951
-1.854124 32.019293
-1.907264 32.893127
-1.960770 33.771935
-2.014588 34.655193
-2.068667 35.542367
-2.122949 36.432916
-2.177373 37.326293
-2.231873 38.221939
-2.286382 39.119291
-2.340827 40.017779
-2.395133 40.916822
-2.449220 41.815837
-2.503004 42.714230
-2.556397 43.611404
-2.609309 44.506755
-2.661644 45.399677
-2.713302 46.289554
-2.764297 47.177883
-2.814531 48.064219
-2.863903 48.948123
-2.912306 49.829158
-2.959632 50.706895
-3.005767 51.580908
-3.050591 52.450779
-3.093984 53.316093
-3.135816 54.176447
-3.175957 55.031441
-3.214269 55.880687
-3.250612 56.723804
-3.284838 57.560422
-3.316798 58.390179
-3.346333 59.212726
-3.373283 60.027722
-3.397483 60.834841
-3.418762 61.633768
-3.436945 62.424202
-3.451854 63.205856
-3.463302 63.978453
-3.471103 64.741733
-3.475064 65.495449
-3.474990 66.239367
-3.470681 66.973268
-3.461935 67.696947
-3.448548 68.410213
-3.430313 69.112883
-3.407019 69.804782
-3.378457 70.485743
-3.344415 71.155607
-3.304682 71.814226
-3.259044 72.461458
-3.207292 73.097176
-3.149214 73.721257
-3.084601 74.333595
-3.013247 74.934089
-2.934944 75.522654
-2.849491 76.099215
-2.756688 76.663710
-2.656338 77.216089
-2.548247 77.756315
-2.432224 78.284361
-2.308082 78.800215
-2.175639 79.303876
-2.034715 79.795355
-1.885135 80.274677
-1.726727 80.741875
-1.559326 81.196994
-1.382768 81.640088
-1.196897 82.071226
-1.001560 82.490484
-0.796610 82.897948
-0.581908 83.293717
-0.357319 83.677895
-0.122716 84.050596
0.122020 84.411943
0.377000 84.762067
0.642331 85.101105
0.918105 85.429203
1.204411 85.746513
1.501326 86.053192
1.808916 86.349402
2.127240 86.635312
2.456341 86.911096
2.796255 87.176932
3.147003 87.433003
3.508596 87.679495
3.881033 87.916600
4.264296 88.144512
4.658359 88.363429
5.063178 88.573552
5.478699 88.775087
5.904855 88.968239
6.341563 89.153219
6.788730 89.330238
7.246248 89.499513
7.713996 89.661260
8.191844 89.815699
8.679646 89.963051
9.177246 90.103538
9.684477 90.237387
10.201158 90.364822
10.727102 90.486071
11.262106 90.601362
11.805960 90.710923
12.358442 90.814983
12.919322 90.913770
13.488358 91.007512
14.065299 91.096437
14.649885 91.180771
15.241844 91.260740
15.840898 91.336569
16.446755 91.408484
17.059118 91.476708
17.677680 91.541463
18.302125 91.602973
18.932127 91.661461
19.567354 91.717149
20.207465 91.770263
20.852111 91.821026
21.500938 91.869664
22.153583 91.916401
22.809681 91.961465
23.468858 92.005086
24.130738 92.047494
24.794941 92.088922
25.461082 92.129605
26.128774 92.169781
26.797630 92.209690
27.467259 92.249575
28.137271 92.289681
28.807276 92.330256
29.476885 92.371552
30.145712 92.413823
30.813375 92.457325
31.479493 92.502318
32.143693 92.549064
32.805605 92.597825
33.464867 92.648868
34.121122 92.702459
34.774021 92.758868
35.423220 92.818366
36.068385 92.881225
36.709188 92.947719
37.345312 93.018121
37.976446 93.092706
38.602289 93.171749
39.222550 93.255523
39.836948 93.344301
40.445210 93.438356
41.047078 93.537957
41.642303 93.643372
42.230647 93.754866
42.811887 93.872699
43.385811 93.997131
43.952220 94.128415
44.510930 94.266803
45.061769 94.412540
45.604582 94.565867
46.139229 94.727023
46.665584 94.896236
47.183539 95.073734
47.692999 95.259735
48.193887 95.454453
48.686139 95.658097
49.169709 95.870866
49.644565 96.092954
50.110689 96.324546
50.568080 96.565820
51.016749 96.816945
51.456724 97.078080
51.888042 97.349379
52.310756 97.630982
52.724930 97.923021
53.130641 98.225616
53.527976 98.538879
53.917033 98.862909
54.297921 99.197793
54.670760 99.543608
55.035677 99.900418
55.392807 100.268278
55.742296 100.647229
56.084295 101.037302
56.418961 101.438513
56.746459 101.850868
57.066956 102.274362
57.380626 102.708976
57.687648 103.154679
57.988201 103.611431
58.282472 104.079178
58.570647 104.557857
58.852918 105.047392
59.129477 105.547697
59.400520 106.058675
59.666243 106.580219
59.926843 107.112213
60.182519 107.654530
60.433470 108.207035
60.679893 108.769587
60.921985 109.342033
61.159942 109.924216
61.393955 110.515972
61.624213 111.117130
61.850901 111.727515
62.074197 112.346946
62.294277 112.975237
62.511309 113.612198
62.725454 114.257636
62.936867 114.911353
63.145694 115.573151
63.352074 116.242827
63.556134 116.920179
63.757995 117.605004
63.957767 118.297093
64.155552 118.996239
64.351443 119.702232
64.545525 120.414865
64.737870 121.133928
64.928546 121.859215
65.117607 122.590517
65.305105 123.327628
65.491078 124.070344
65.675561 124.818462
65.858581 125.571779
66.040155 126.330099
66.220296 127.093226
66.399010 127.860968
66.576297 128.633138
66.752148 129.409550
66.926554 130.190025
67.099495 130.974386
67.270950 131.762459
67.440891 132.554078
67.609287 133.349078
67.776102 134.147300
67.941297 134.948593
68.104830 135.752806
68.266653 136.559799
68.426719 137.369434
68.584973 138.181576
68.741362 138.996100
68.895827 139.812882
69.048309 140.631806
69.198746 141.452759
69.347076 142.275630
69.493235 143.100316
69.637158 143.926717
69.778778 144.754735
69.918029 145.584279
70.054845 146.415261
70.189159 147.247596
70.320906 148.081203
70.450022 148.916006
70.576443 149.751929
70.700107 150.588900
70.820956 151.426853
70.938932 152.265722
71.053978 153.105445
71.166043 153.945963
71.275078 154.787216
71.381039 155.629147
71.483884 156.471697
71.583579 157.314810
71.680092 158.158432
71.773395 159.002508
71.863466 159.846986
71.950287 160.691811
72.033847 161.536929
72.114137 162.382287
72.191157 163.227829
72.264907 164.073504
72.335397 164.919256
72.402635 165.765032
72.466638 166.610776
72.527424 167.456434
72.585017 168.301947
72.639445 169.147260
72.690738 169.992313
72.738932 170.837047
72.784064 171.681400
72.826178 172.525310
72.865319 173.368715
72.901538 174.211549
72.934886 175.053748
72.965418 175.895246
72.993192 176.735974
73.018270 177.575865
73.040716 178.414846
73.060597 179.252848
73.077980 180.089798
73.092938 180.925623
73.105544 181.760249
73.115872 182.593602
73.123999 183.425613
73.130001 184.256213
73.133956 185.085333
73.135944 185.912906
73.136043 186.738867
73.134334 187.563151
73.130897 188.385692
73.125813 189.206427
73.119163 190.025291
73.111027 190.842220
73.101486 191.657152
73.090620 192.470022
73.078507 193.280769
73.065228 194.089328
73.050859 194.895635
73.035476 195.699628
73.019152 196.501245
73.001955 197.300428
72.983951 198.097118
72.965202 198.891258
72.945765 199.682794
72.925692 200.471670
72.905031 201.257831
72.883827 202.041225
72.862115 202.821798
72.839930 203.599500
72.817297 204.374276
72.794239 205.146076
72.770770 205.914844
72.746902 206.680528
72.722641 207.443070
72.697985 208.202415
72.672931 208.958504
72.647467 209.711278
72.621575 210.460676
72.595232 211.206637
72.568409 211.949097
72.541067 212.687990
72.513163 213.423250
72.484647 214.154806
72.455462 214.882584
72.425545 215.606510
72.394825 216.326504
72.363225 217.042485
72.330662 217.754368
72.297044 218.462064
72.262275 219.165483
72.226249 219.864530
72.188856 220.559108
72.149976 221.249112
72.109486 221.934434
72.067252 222.614959
72.023136 223.290565
71.976992 223.961129
71.928668 224.626520
71.878002 225.286603
71.824828 225.941243
71.768970 226.590298
71.710246 227.233625
71.648467 227.871081
71.583438 228.502516
71.514955 229.127781
71.442812 229.746724
71.366793 230.359192
71.286679 230.965030
71.202248 231.564083
71.113273 232.156190
71.019526 232.741191
70.920779 233.318924
70.816802 233.889226
70.707363 234.451934
70.592233 235.006884
70.471182 235.553917
70.343980 236.092869
70.210400 236.623585
70.070214 237.145905
69.923198 237.659678
69.769128 238.164753
69.607785 238.660985
69.438947 239.148234
69.262400 239.626365
69.077927 240.095250
68.885318 240.554768
68.684364 241.004805
68.474861 241.445253
68.256612 241.876012
68.029421 242.296991
67.793103 242.708105
67.547475 243.109282
67.292360 243.500456
67.027591 243.881571
66.753003 244.252584
66.468441 244.613459
66.173757 244.964170
65.868809 245.304705
65.553464 245.635058
65.227597 245.955236
64.891092 246.265254
64.543842 246.565139
64.185750 246.854926
63.816727 247.134662
63.436699 247.404404
63.045598 247.664220
62.643370 247.914188
62.229973 248.154398
61.805376 248.384946
61.369564 248.605939
60.922533 248.817492
60.464295 249.019727
59.994876 249.212773
59.514314 249.396768
59.022664 249.571856
58.519994 249.738189
58.006388 249.895925
57.481941 250.045229
56.946762 250.186273
56.400971 250.319234
55.844704 250.444296
55.278104 250.561647
54.701326 250.671484
54.114539 250.774003
53.517918 250.869407
52.911652 250.957901
52.295938 251.039694
51.670984 251.114994
51.037008 251.184016
50.394236 251.246975
49.742907 251.304086
49.083266 251.355565
48.415571 251.401628
47.740087 251.442492
47.057092 251.478370
46.366868 251.509474
45.669711 251.536014
44.965921 251.558196
44.255808 251.576225
43.539689 251.590301
42.817889 251.600622
42.090740 251.607379
41.358582 251.610761
40.621761 251.610951
39.880631 251.608127
39.135551 251.602463
38.386887 251.594127
37.635012 251.583282
36.880303 251.570087
36.123142 251.554693
35.363916 251.537251
34.603018 251.517904
33.840842 251.496793
33.077787 251.474053
32.314252 251.449816
31.550639 251.424209
30.787352 251.397353
30.024795 251.369366
29.263370 251.340361
28.503480 251.310445
27.745523 251.279724
26.989895 251.248298
26.236987 251.216263
25.487188 251.183714
24.740879 251.150738
23.998438 251.117422
23.260234 251.083845
22.526633 251.050086
21.797991 251.016218
21.074659 250.982310
20.356981 250.948430
19.645290 250.914640
18.939913 250.880998
18.241168 250.847562
17.549364 250.814385
16.864798 250.781518
16.187761 250.749009
15.518530 250.716905
14.857374 250.685248
14.204549 250.654079
13.560300 250.623437
12.924861 250.593357
12.298451 250.563876
11.681280 250.535025
11.073541 250.506840
10.475416 250.479351
9.887073 250.452592
9.308666 250.426596
8.740334 250.401396
8.182202 250.377027
7.634378 250.353524
7.096957 250.330923
6.570017 250.309264
6.053619 250.288588
5.547810 250.268937
5.052620 250.250356
4.568064 250.232896
4.094140 250.216606
3.630833 250.201542
3.178108 250.187761
2.735920 250.175322
2.304204 250.164290
1.882882 250.154732
1.471863 250.146718
1.071040 250.140320
0.680295 250.135616
0.299494 250.132688
-0.071507 250.131619
-0.432866 250.132498
-0.784750 250.135421
-1.127336 250.140484
-1.460815 250.147791
-1.785382 250.157448
-2.101244 250.169571
-2.408614 250.184276
-2.707714 250.201688
-2.998771 250.221937
-3.282016 250.245160
-3.557688 250.271499
-3.826028 250.301101
-4.087277 250.334123
-4.341683 250.370724
-4.589491 250.411073
-4.830949 250.455345
-5.066301 250.503720
-5.295792 250.556385
-5.519666 250.613534
-5.738162 250.675367
-5.951518 250.742091
-6.159967 250.813919
-6.363738 250.891068
-6.563056 250.973764
-6.758140 251.062237
-6.949203 251.156722
-7.136451 251.257460
-7.320084 251.364696
-7.500294 251.478676
-7.677264 251.599654
-7.851170 251.727882
-8.022180 251.863619
-8.190452 252.007123
-8.356135 252.158655
-8.519368 252.318476
-8.680281 252.486845
-8.838994 252.664024
-8.995620 252.850270
-9.150261 253.045841
-9.303009 253.250991
-9.453952 253.465972
-9.603164 253.691031
-9.750714 253.926413
-9.896661 254.172356
-10.041057 254.429095
-10.183948 254.696858
-10.325371 254.975868
-10.465357 255.266339
-10.603931 255.568483
-10.741110 255.882501
-10.876908 256.208587
-11.011331 256.546927
-11.144380 256.897700
-11.276051 257.261074
-11.406336 257.637208
-11.535220 258.026252
-11.662687 258.428344
-11.788714 258.843612
-11.913276 259.272173
-12.036347 259.714132
-12.157895 260.169583
-12.277890 260.638608
-12.396299 261.121276
-12.513090 261.617644
-12.628230 262.127756
-12.741686 262.651643
-12.853428 263.189324
-12.963428 263.740802
-13.071657 264.306071
-13.178091 264.885111
-13.282709 265.477886
-13.385490 266.084351
-13.486418 266.704445
-13.585479 267.338095
-13.682665 267.985216
-13.777970 268.645710
-13.871393 269.319466
-13.962939 270.006362
-14.052614 270.706263
-14.140433 271.419024
-14.226411 272.144490
-14.310571 272.882494
-14.392938 273.632859
-14.473541 274.395397
-14.552414 275.169914
-14.629595 275.956206
-14.705125 276.754062
-14.779048 277.563262
-14.851409 278.383582
-14.922258 279.214790
-14.991645 280.056647
-15.059622 280.908911
-15.126243 281.771335
-15.191563 282.643667
-15.255639 283.525653
-15.318525 284.417035
-15.380279 285.317555
-15.440957 286.226949
-15.500615 287.144954
-15.559310 288.071303
-15.617097 289.005732
-15.674032 289.947972
-15.730169 290.897755
-15.785562 291.854813
-15.840266 292.818876
-15.894331 293.789678
-15.947810 294.766950
-16.000755 295.750425
-16.053213 296.739839
-16.105234 297.734924
-16.156864 298.735418
-16.208150 299.741056
-16.259136 300.751575
-16.309865 301.766715
-16.360379 302.786215
-16.410716 303.809815
-16.460914 304.837258
-16.511008 305.868285
-16.561031 306.902639
-16.611013 307.940064
-16.660984 308.980303
-16.710968 310.023100
-16.760990 311.068201
-16.811073 312.115349
-16.861237 313.164292
-16.911497 314.214776
-16.961871 315.266547
-17.012371 316.319354
-17.063009 317.372944
-17.113796 318.427066
-17.164741 319.481469
-17.215852 320.535904
-17.267138 321.590120
-17.318605 322.643867
-17.370261 323.696895
-17.422114 324.748953
-17.474171 325.799789
-17.526442 326.849154
-17.578939 327.896795
-17.631674 328.942461
-17.684662 329.985899
-17.737921 331.026856
-17.791472 332.065077
-17.845338 333.100305
-17.899545 334.132281
-17.954125 335.160747
-18.009111 336.185438
-18.064541 337.206090
-18.120457 338.222436
-18.176906 339.234204
-18.233938 340.241122
-18.291609 341.242914
-18.349980 342.239301
-18.409117 343.230003
-18.469089 344.214738
-18.529974 345.193221
-18.591853 346.165167
-18.654812 347.130288
-18.718945 348.088298
-18.784350 349.038910
-18.851133 349.981838
-18.919403 350.916798
-18.989277 351.843506
-19.060878 352.761683
-19.134334 353.671052
-19.209780 354.571337
-19.287358 355.462270
-19.367216 356.343584
-19.449510 357.215020
-19.534402 358.076324
-19.622060 358.927248
-19.712662 359.767552
-19.806388 360.597003
-19.903430 361.415374
-20.003982 362.222447
-20.108246 363.018012
-20.216431 363.801863
-20.328750 364.573806
-20.445422 365.333651
-20.566670 366.081218
-20.692722 366.816334
-20.823809 367.538833
-20.960165 368.248560
-21.102029 368.945368
-21.249641 369.629117
-21.403243 370.299678
-21.563079 370.956929
-21.729391 371.600758
-21.902424 372.231060
-22.082419 372.847740
-22.269619 373.450714
-22.464262 374.039905
-22.666585 374.615246
-22.876823 375.176683
-23.095204 375.724172
-23.321957 376.257678
-23.557303 376.777182
-23.801459 377.282675
-24.054639 377.774161
-24.317049 378.251658
-24.588889 378.715199
-24.870354 379.164832
-25.161633 379.600617
-25.462906 380.022628
-25.774347 380.430953
-26.096122 380.825694
-26.428390 381.206963
-26.771301 381.574887
-27.124997 381.929603
-27.489611 382.271258
-27.865268 382.600011
-28.252080 382.916030
-28.650152 383.219490
-29.059578 383.510579
-29.480441 383.789488
-29.912813 384.056420
-30.356757 384.311584
-30.812320 384.555193
-31.279539 384.787469
-31.758439 385.008636
-32.249030 385.218924
-32.751309 385.418567
-33.265259 385.607802
-33.790851 385.786868
-34.328037 385.956009
-34.876758 386.115471
-35.436940 386.265502
-36.008494 386.406355
-36.591315 386.538282
-37.185288 386.661540
-37.790280 386.776384
-38.406148 386.883074
-39.032732 386.981868
-39.669863 387.073027
-40.317356 387.156812
-40.975018 387.233482
-41.642642 387.303300
-42.320014 387.366527
-43.006908 387.423424
-43.703089 387.474253
-44.408315 387.519272
-45.122334 387.558740
-45.844890 387.592913
-46.575716 387.622046
-47.314544 387.646390
-48.061097 387.666193
-48.815094 387.681698
-49.576250 387.693144
-50.344278 387.700765
-51.118884 387.704786
-51.899773 387.705425
-52.686648 387.702895
-53.479209 387.697398
-54.277157 387.689130
-55.080187 387.678279
-55.887998 387.665026
-56.700285 387.649542
-57.516744 387.631991
-58.337072 387.612532
-59.160964 387.591313
-59.988123 387.568476
-60.818247 387.544157
-61.651042 387.518485
-62.486214 387.491579
-63.323473 387.463554
-64.162533 387.434517
-65.003112 387.404567
-65.844935 387.373798
-66.687730 387.342296
-67.531236 387.310143
-68.375195 387.277414
-69.219360 387.244177
-70.063495 387.210499
-70.907373 387.176437
-71.750779 387.142046
-72.593508 387.107375
-73.435371 387.072468
-74.276189 387.037367
-75.115800 387.002106
-75.954054 386.966718
-76.790817 386.931230
-77.625969 386.895666
-78.459406 386.860047
-79.291037 386.824391
-80.120786 386.788712
-80.948591 386.753020
-81.774406 386.717325
-82.598195 386.681632
-83.419939 386.645942
-84.239630 386.610257
-85.057274 386.574573
-85.872890 386.538885
-86.686509 386.503188
-87.498172 386.467473
-88.307934 386.431730
-89.115859 386.395947
-89.922024 386.360111
-90.726512 386.324210
-91.529421 386.288230
-92.330854 386.252155
-93.130925 386.215972
-93.929755 386.179668
-94.727475 386.143228
-95.524221 386.106641
-96.320137 386.069894
-97.115373 386.032977
-97.910086 385.995879
-98.704438 385.958590
-99.498598 385.921102
-100.292735 385.883408
-101.087024 385.845501
-101.881642 385.807376
-102.676769 385.769029
-103.472589 385.730457
-104.269285 385.691659
-105.067042 385.652635
-105.866044 385.613388
-106.666476 385.573921
-107.468519 385.534240
-108.272355 385.494351
-109.078161 385.454260
-109.886108 385.413975
-110.696362 385.373505
-111.509082 385.332859
-112.324421 385.292047
-113.142521 385.251080
-113.963517 385.209968
-114.787532 385.168722
-115.614678 385.127353
-116.445054 385.085870
-117.278748 385.044286
-118.115835 385.002610
-118.956376 384.960852
-119.800421 384.919022
-120.648005 384.877127
-121.499151 384.835177
-122.353868 384.793177
-123.212151 384.751134
-124.073984 384.709053
-124.939337 384.666940
-125.808164 384.624796
-126.680411 384.582622
-127.556008 384.540419
-128.434872 384.498183
-129.316909 384.455909
-130.202009 384.413590
-131.090053 384.371214
-131.980909 384.328770
-132.874430 384.286239
-133.770459 384.243605
-134.668827 384.200842
-135.569353 384.157926
-136.471843 384.114825
-137.376093 384.071505
-138.281887 384.027925
-139.188999 383.984042
-140.097189 383.939809
-141.006209 383.895171
-141.915800 383.850072
-142.825694 383.804449
-143.735612 383.758233
-144.645266 383.711350
-145.554360 383.663723
-146.462587 383.615267
-147.369633 383.565891
-148.275179 383.515500
-149.178898 383.463991
-150.080455 383.411257
-150.979513 383.357184
-151.875729 383.301654
-152.768754 383.244541
-153.658241 383.185717
-154.543839 383.125044
-155.425195 383.062382
-156.301959 382.997581
-157.173778 382.930489
-158.040302 382.860945
-158.901184 382.788784
-159.756078 382.713835
-160.604645 382.635919
-161.446546 382.554854
-162.281449 382.470450
-163.109026 382.382512
-163.928952 382.290838
-164.740911 382.195219
-165.544587 382.095444
-166.339675 381.991293
-167.125873 381.882540
-167.902886 381.768957
-168.670424 381.650307
-169.428204 381.526353
-170.175948 381.396852
-170.913386 381.261558
-171.640255 381.120223
-172.356299 380.972598
-173.061269 380.818433
-173.754926 380.657477
-174.437039 380.489479
-175.107384 380.314188
-175.765749 380.131356
-176.411931 379.940734
-177.045736 379.742079
-177.666985 379.535150
-178.275507 379.319711
-178.871144 379.095527
-179.453751 378.862370
-180.023195 378.620017
-180.579359 378.368248
-181.122137 378.106851
-181.651440 377.835620
-182.167193 377.554354
-182.669336 377.262860
-183.157825 376.960953
-183.632630 376.648454
-184.093734 376.325191
-184.541138 375.991003
-184.974853 375.645735
-185.394907 375.289240
-185.801340 374.921379
-186.194207 374.542026
-186.573575 374.151059
-186.939525 373.748369
-187.292147 373.333856
-187.631548 372.907431
-187.957841 372.469015
-188.271153 372.018541
-188.571622 371.555952
-188.859395 371.081205
-189.134626 370.594267
-189.397483 370.095116
-189.648140 369.583746
-189.886781 369.060158
-190.113598 368.524371
-190.328791 367.976414
-190.532568 367.416330
-190.725144 366.844177
-190.906742 366.260023
-191.077590 365.663951
-191.237923 365.056056
-191.387984 364.436446
-191.528021 363.805239
-191.658287 363.162565
-191.779042 362.508565
-191.890551 361.843389
-191.993080 361.167195
-192.086905 360.480152
-192.172300 359.782434
-192.249545 359.074223
-192.318921 358.355709
-192.380711 357.627087
-192.435199 356.888556
-192.482670 356.140321
-192.523408 355.382589
-192.557695 354.615573
-192.585814 353.839487
-192.608043 353.054548
-192.624658 352.260978
-192.635932 351.458998
-192.642129 350.648833
-192.643511 349.830706
-192.640332 349.004846
-192.632840 348.171477
-192.621278 347.330827
-192.605880 346.483123
-192.586875 345.628590
-192.564486 344.767453
-192.538928 343.899938
-192.510410 343.026268
-192.479133 342.146665
-192.445290 341.261348
-192.409067 340.370534
-192.370643 339.474436
-192.330188 338.573266
-192.287866 337.667231
-192.243833 336.756533
-192.198236 335.841370
-192.151217 334.921938
-192.102909 333.998424
-192.053437 333.071013
-192.002921 332.139882
-191.951471 331.205204
-191.899191 330.267145
-191.846178 329.325867
-191.792522 328.381523
-191.738308 327.434260
-191.683614 326.484219
-191.628513 325.531534
-191.573073 324.576334
-191.517353 323.618740
-191.461411 322.658869
-191.405297 321.696832
-191.349055 320.732733
-191.292727 319.766674
-191.236347 318.798752
-191.179947 317.829060
-191.123554 316.857687
-191.067188 315.884720
-191.010869 314.910242
-190.954611 313.934335
-190.898427 312.957078
-190.842323 311.978550
-190.786307 310.998828
-190.730380 310.017990
-190.674543 309.036111
-190.618795 308.053268
-190.563133 307.069536
-190.507552 306.084992
-190.452048 305.099713
-190.396616 304.113777
-190.341251 303.127264
-190.285947 302.140253
-190.230700 301.152827
-190.175503 300.165072
-190.120351 299.177076
-190.065239 298.188929
-190.010160 297.200725
-189.955107 296.212560
-189.900074 295.224534
-189.845053 294.236751
-189.790037 293.249320
-189.735016 292.262352
-189.679984 291.275967
-189.624931 290.290287
-189.569847 289.305437
-189.514723 288.321551
-189.459547 287.338766
-189.404307 286.357224
-189.348989 285.377073
-189.293579 284.398468
-189.238060 283.421568
-189.182412 282.446539
-189.126615 281.473553
-189.070645 280.502788
-189.014475 279.534427
-188.958073 278.568663
-188.901403 277.605691
-188.844425 276.645714
-188.787095 275.688942
-188.729362 274.735589
-188.671173 273.785874
-188.612466 272.840024
-188.553179 271.898268
-188.493240 270.960841
-188.432574 270.027981
-188.371099 269.099933
-188.308729 268.176942
-188.245370 267.259260
-188.180922 266.347138
-188.115280 265.440831
-188.048330 264.540596
-187.979955 263.646690
-187.910028 262.759371
-187.838416 261.878899
-187.764977 261.005530
-187.689565 260.139522
-187.612023 259.281131
-187.532189 258.430611
-187.449890 257.588212
-187.364947 256.754183
-187.277175 255.928769
-187.186378 255.112212
-187.092355 254.304747
-186.994895 253.506605
-186.893782 252.718011
-186.788790 251.939185
-186.679690 251.170339
-186.566244 250.411682
-186.448211 249.663416
-186.325344 248.925736
-186.197389 248.198828
-186.064091 247.482873
-185.925190 246.778041
-185.780423 246.084497
-185.629522 245.402398
-185.472220 244.731894
-185.308246 244.073124
-185.137330 243.426223
-184.959202 242.791316
-184.773590 242.168518
-184.580226 241.557937
-184.378843 240.959672
-184.169177 240.373812
-183.950968 239.800435
-183.723964 239.239613
-183.487914 238.691403
-183.242577 238.155854
-182.987719 237.633002
-182.723112 237.122875
-182.448538 236.625488
-182.163789 236.140841
-181.868666 235.668928
-181.562977 235.209728
-181.246545 234.763209
-180.919201 234.329326
-180.580787 233.908025
-180.231159 233.499239
-179.870184 233.102889
-179.497742 232.718888
-179.113726 232.347137
-178.718045 231.987526
-178.310618 231.639939
-177.891382 231.304248
-177.460287 230.980318
-177.017299 230.668007
-176.562402 230.367164
-176.095592 230.077631
-175.616882 229.799246
-175.126303 229.531839
-174.623900 229.275235
-174.109735 229.029254
-173.583886 228.793713
-173.046448 228.568423
-172.497533 228.353193
-171.937269 228.147828
-171.365801 227.952131
-170.783292 227.765903
-170.189916 227.588941
-169.585866 227.421039
-168.971348 227.261990
-168.346582 227.111587
-167.711803 226.969621
-167.067258 226.835882
-166.413209 226.710162
-165.749929 226.592250
-165.077704 226.481937
-164.396831 226.379013
-163.707618 226.283269
-163.010385 226.194497
-162.305459 226.112491
-161.593180 226.037043
-160.873893 225.967952
-160.147954 225.905019
-159.415724 225.848045
-158.677571 225.796838
-157.933867 225.751211
-157.184992 225.710982
-156.431329 225.675972
-155.673263 225.646013
-154.911184 225.620941
-154.145485 225.600602
-153.376560 225.584850
-152.604804 225.573547
-151.830616 225.566564
-151.054392 225.563783
-150.276530 225.565094
-149.497425 225.570399
-148.717472 225.579606
-147.937062 225.592637
-147.156582 225.609420
-146.376417 225.629895
-145.596945 225.654011
-144.818542 225.681727
-144.041576 225.713010
-143.266410 225.747836
-142.493400 225.786191
-141.722895 225.828070
-140.955239 225.873476
-140.190768 225.922419
-139.429810 225.974917
-138.672685 226.030998
-137.919706 226.090694
-137.171175 226.154044
-136.427387 226.221095
-135.688626 226.291899
-134.955166 226.366514
-134.227272 226.445002
-133.505198 226.527429
-132.789188 226.613867
-132.079477 226.704388
-131.376291 226.799069
-130.679844 226.897986
-129.990340 227.001218
-129.307974 227.108844
-128.632929 227.220942
-127.965380 227.337590
-127.305488 227.458866
-126.653403 227.584845
-126.009266 227.715598
-125.373201 227.851197
-124.745326 227.991707
-124.125740 228.137191
-123.514534 228.287703
-122.911784 228.443297
-122.317554 228.604017
-121.731891 228.769899
-121.154833 228.940975
-120.586400 229.117266
-120.026599 229.298786
-119.475421 229.485541
-118.932842 229.677525
-118.398822 229.874722
-117.873305 230.077107
-117.356220 230.284641
-116.847479 230.497278
-116.346979 230.714955
-115.854601 230.937601
-115.370213 231.165131
-114.893666 231.397449
-114.424801 231.634447
-113.963443 231.876007
-113.509404 232.121996
-113.062484 232.372271
-112.622470 232.626677
-112.189139 232.885049
-111.762253 233.147209
-111.341564 233.412969
-110.926813 233.682128
-110.517729 233.954477
-110.114033 234.229797
-109.715437 234.507860
-109.321640 234.788433
-108.932337 235.071273
-108.547209 235.356129
-108.165934 235.642745
-107.788180 235.930858
-107.413609 236.220202
-107.041878 236.510508
-106.672636 236.801505
-106.305526 237.092919
-105.940187 237.384478
-105.576251 237.675909
-105.213344 237.966941
-104.851088 238.257303
-104.489101 238.546726
-104.126999 238.834946
-103.764393 239.121701
-103.400895 239.406735
-103.036114 239.689797
-102.669662 239.970643
-102.301149 240.249034
-101.930190 240.524740
-101.556401 240.797538
-101.179400 241.067214
-100.798813 241.333562
-100.414269 241.596388
-100.025404 241.855504
-99.631864 242.110737
-99.233300 242.361919
-98.829376 242.608896
-98.419766 242.851524
-98.004158 243.089672
-97.582249 243.323218
-97.153755 243.552054
-96.718401 243.776084
-96.275931 243.995226
-95.826102 244.209408
-95.368689 244.418574
-94.903482 244.622677
-94.430285 244.821684
-93.948922 245.015574
-93.459232 245.204336
-92.961071 245.387975
-92.454314 245.566505
-91.938847 245.739949
-91.414578 245.908346
-90.881429 246.071742
-90.339339 246.230197
-89.788263 246.383778
-89.228170 246.532563
-88.659047 246.676636
-88.080895 246.816090
-87.493732 246.951024
-86.897594 247.081546
-86.292530 247.207771
-85.678607 247.329816
-85.055903 247.447808
-84.424516 247.561873
-83.784557 247.672141
-83.136152 247.778744
-82.479443 247.881817
-81.814587 247.981492
-81.141757 248.077905
-80.461140 248.171192
-79.772939 248.261488
-79.077371 248.348930
-78.374664 248.433649
-77.665062 248.515778
-76.948819 248.595446
-76.226201 248.672781
-75.497486 248.747905
-74.762963 248.820940
-74.022930 248.892003
-73.277698 248.961208
-72.527584 249.028664
-71.772916 249.094479
-71.014029 249.158753
-70.251266 249.221585
-69.484977 249.283067
-68.715518 249.343289
-67.943247 249.402335
-67.168527 249.460284
-66.391727 249.517212
-65.613216 249.573185
-64.833365 249.628268
-64.052548 249.682519
-63.271136 249.735987
-62.489502 249.788719
-61.708016 249.840753
-60.927045 249.892122
-60.146955 249.942855
-59.368105 249.992970
-58.590852 250.042482
-57.815548 250.091399
-57.042540 250.139724
-56.272173 250.187450
-55.504785 250.234566
-54.740710 250.281055
-53.980277 250.326892
-53.223808 250.372047
-52.471623 250.416484
-51.724032 250.460159
-50.981340 250.503023
-50.243843 250.545020
-49.511832 250.586087
-48.785589 250.626155
-48.065387 250.665149
-47.351492 250.702987
-46.644162 250.739583
-45.943642 250.774843
-45.250173 250.808672
-44.563983 250.840965
-43.885291 250.871616
-43.214307 250.900509
-42.551230 250.927525
-41.896248 250.952541
-41.249540 250.975427
-40.611274 250.996049
-39.981610 251.014267
-39.360695 251.029937
-38.748667 251.042911
-38.145652 251.053035
-37.551765 251.060149
-36.967111 251.064088
-36.391781 251.064681
-35.825854 251.061750
-35.269397 251.055114
-34.722466 251.044582
-34.185102 251.029961
-33.657339 251.011049
-33.139197 250.987638
-32.630685 250.959516
-32.131802 250.926461
-31.642534 250.888250
-31.162860 250.844648
-30.692745 250.795419
-30.232148 250.740319
-29.781019 250.679099
-29.339299 250.611505
-28.906925 250.537278
-28.483828 250.456155
-28.069932 250.367869
-27.665159 250.272150
-27.269424 250.168725
-26.882639 250.057316
-26.504711 249.937645
-26.135543 249.809433
-25.775033 249.672397
-25.423077 249.526256
-25.079567 249.370727
-24.744391 249.205529
-24.417432 249.030380
-24.098573 248.845001
-23.787692 248.649116
-23.484665 248.442450
-23.189364 248.224731
-22.901660 247.995693
-22.621419 247.755072
-22.348507 247.502608
-22.082788 247.238048
-21.824121 246.961142
-21.572365 246.671647
-21.327376 246.369325
-21.089011 246.053946
-20.857121 245.725283
-20.631560 245.383121
-20.412179 245.027248
-20.198827 244.657461
-19.991353 244.273565
-19.789605 243.875372
-19.593432 243.462705
-19.402682 243.035392
-19.217206 242.593275
-19.036853 242.136203
-18.861477 241.664036
-18.690933 241.176646
-18.525080 240.673915
-18.363779 240.155739
-18.206892 239.622022
-18.054288 239.072683
-17.905835 238.507653
-17.761405 237.926876
-17.620875 237.330309
-17.484125 236.717922
-17.351036 236.089699
-17.221496 235.445638
-17.095393 234.785750
-16.972619 234.110060
-16.853067 233.418607
-16.736631 232.711441
-16.623207 231.988629
-16.512691 231.250246
-16.404978 230.496382
-16.299966 229.727140
-16.197552 228.942631
-16.097635 228.142979
-16.000111 227.328320
-15.904879 226.498799
-15.811839 225.654570
-15.720888 224.795798
-15.631929 223.922656
-15.544861 223.035327
-15.459590 222.134000
-15.376017 221.218872
-15.294051 220.290148
-15.213598 219.348042
-15.134569 218.392770
-15.056877 217.424558
-14.980437 216.443638
-14.905165 215.450246
-14.830983 214.444624
-14.757813 213.427019
-14.685581 212.397685
-14.614217 211.356878
-14.543651 210.304862
-14.473819 209.241902
-14.404659 208.168270
-14.336113 207.084242
-14.268127 205.990098
-14.200647 204.886121
-14.133626 203.772599
-14.067017 202.649824
-14.000777 201.518091
-13.934866 200.377699
-13.869245 199.228949
-13.803878 198.072146
-13.738733 196.907598
-13.673776 195.735616
-13.608980 194.556512
-13.544316 193.370601
-13.479759 192.178202
-13.415284 190.979634
-13.350867 189.775219
-13.286486 188.565281
-13.222117 187.350145
-13.157738 186.130142
-13.093326 184.905599
-13.028857 183.676851
-12.964311 182.444230
-12.899663 181.208071
-12.834893 179.968714
-12.769976 178.726497
-12.704891 177.481764
-12.639614 176.234859
-12.574119 174.986130
-12.508380 173.735927
-12.442372 172.484606
-12.376066 171.232521
-12.309432 169.980035
-12.242437 168.727512
-12.175048 167.475318
-12.107226 166.223828
-12.038931 164.973417
-11.970121 163.724465
-11.900750 162.477356
-11.830768 161.232479
-11.760124 159.990224
-11.688761 158.750986
-11.616622 157.515163
-11.543642 156.283156
-11.469755 155.055367
-11.394892 153.832201
-11.318978 152.614064
-11.241935 151.401365
-11.163678 150.194510
-11.084120 148.993910
-11.003167 147.799973
-10.920722 146.613105
-10.836681 145.433715
-10.750934 144.262205
-10.663367 143.098979
-10.573859 141.944435
-10.482284 140.798968
-10.388510 139.662968
-10.292398 138.536823
-10.193803 137.420912
-10.092572 136.315611
-9.988546 135.221290
-9.881561 134.138310
-9.771443 133.067028
-9.658013 132.007791
-9.541089 130.960941
-9.420479 129.926810
-9.295990 128.905723
-9.167423 127.897993
-9.034575 126.903925
-8.897241 125.923815
-8.755212 124.957948
-8.608277 124.006599
-8.456223 123.070031
-8.298835 122.148499
-8.135899 121.242241
-7.967201 120.351489
-7.792525 119.476457
-7.611658 118.617350
-7.424389 117.774355
-7.230508 116.947648
-7.029806 116.137387
-6.822081 115.343718
-6.607132 114.566766
-6.384763 113.806644
-6.154783 113.063443
-5.917005 112.337239
-5.671247 111.628089
-5.417332 110.936031
-5.155087 110.261086
-4.884344 109.603256
-4.604942 108.962523
-4.316720 108.338853
-4.019527 107.732195
-3.713215 107.142477
-3.397641 106.569614
-3.072668 106.013501
-2.738164 105.474021
-2.394005 104.951038
-2.040073 104.444401
-1.676255 103.953946
-1.302447 103.479495
-0.918551 103.020856
-0.524480 102.577824
-0.120151 102.150184
0.294507 101.737706
0.719558 101.340153
1.155056 100.957273
1.601044 100.588808
2.057555 100.234486
2.524612 99.894029
3.002223 99.567149
3.490388 99.253547
3.989092 98.952917
4.498309 98.664945
5.018002 98.389308
5.548122 98.125674
6.088609 97.873704
6.639391 97.633052
7.200386 97.403364
7.771503 97.184279
8.352639 96.975430
8.943685 96.776444
9.544521 96.586943
10.155021 96.406541
10.775052 96.234850
11.404475 96.071478
12.043144 95.916029
12.690908 95.768104
13.347612 95.627305
14.013096 95.493229
14.687197 95.365476
15.369748 95.243647
16.060580 95.127342
16.759524 95.016165
17.466405 94.909724
18.181052 94.807630
18.903288 94.709497
19.632937 94.614948
20.369822 94.523609
21.113764 94.435112
21.864582 94.349097
22.622094 94.265208
23.386116 94.183096
24.156464 94.102420
24.932949 94.022843
25.715383 93.944035
26.503574 93.865671
27.297330 93.787431
28.096459 93.709001
28.900765 93.630072
29.710054 93.550340
30.524129 93.469503
31.342793 93.387268
32.165851 93.303343
32.993106 93.217443
33.824363 93.129286
34.659429 93.038597
35.498112 92.945108
36.340222 92.848555
37.185571 92.748680
38.033978 92.645232
38.885263 92.537969
39.739251 92.426655
40.595771 92.311063
41.454657 92.190973
42.315748 92.066177
43.178884 91.936475
44.043913 91.801676
44.910685 91.661602
45.779054 91.516083
46.648878 91.364959
47.520018 91.208083
48.392338 91.045317
49.265702 90.876533
50.139977 90.701612
51.015033 90.520448
51.890739 90.332942
52.766965 90.139004
53.643583 89.938554
54.520465 89.731522
55.397483 89.517847
56.274510 89.297474
57.151418 89.070360
58.028079 88.836468
58.904363 88.595770
59.780141 88.348245
60.655281 88.093879
61.529651 87.832664
62.403120 87.564601
63.275554 87.289695
64.146820 87.007957
65.016785 86.719406
65.885317 86.424066
66.752286 86.121967
67.617560 85.813147
68.481013 85.497647
69.342519 85.175520
70.201953 84.846823
71.059197 84.511622
71.914130 84.169988
72.766640 83.822003
73.616615 83.467753
74.463947 83.107335
75.308532 82.740851
76.150271 82.368410
76.989067 81.990129
77.824828 81.606130
78.657466 81.216541
79.486897 80.821494
80.313041 80.421129
81.135822 80.015587
81.955168 79.605013
82.771010 79.189555
83.583283 78.769364
84.391927 78.344590
85.196886 77.915386
85.998110 77.481903
86.795553 77.044292
87.589175 76.602702
88.378942 76.157279
89.164825 75.708167
89.946802 75.255508
90.724860 74.799441
91.498990 74.340101
92.269193 73.877620
93.035478 73.412128
93.797859 72.943754
94.556361 72.472619
95.311013 71.998846
96.061855 71.522550
96.808933 71.043843
97.552303 70.562835
98.292025 70.079629
99.028170 69.594324
99.760817 69.107017
100.490051 68.617797
101.215965 68.126753
101.938661 67.633967
102.658248 67.139519
103.374839 66.643485
104.088556 66.145939
104.799526 65.646949
105.507880 65.146581
106.213756 64.644896
106.917292 64.141953
107.618631 63.637806
108.317919 63.132505
109.015304 62.626094
109.710933 62.118614
110.404955 61.610104
111.097518 61.100597
111.788771 60.590123
112.478858 60.078708
113.167923 59.566375
113.856109 59.053143
114.543551 58.539029
115.230386 58.024047
115.916743 57.508209
116.602748 56.991524
117.288523 56.474002
117.974186 55.955652
118.659847 55.436481
119.345615 54.916499
120.031590 54.395718
120.717868 53.874150
121.404539 53.351812
122.091687 52.828722
122.779388 52.304905
123.467713 51.780388
124.156727 51.255206
124.846483 50.729401
125.537032 50.203019
126.228414 49.676114
126.920662 49.148747
127.613800 48.620984
128.307846 48.092897
129.002807 47.564565
129.698684 47.036073
130.395471 46.507511
131.093153 45.978976
131.791709 45.450573
132.491107 44.922412
133.191312 44.394611
133.892279 43.867291
134.593957 43.340582
135.296289 42.814621
135.999209 42.289549
136.702650 41.765513
137.406533 41.242666
138.110780 40.721165
138.815304 40.201172
139.520017 39.682854
140.224826 39.166384
140.929636 38.651939
141.634351 38.139698
142.338876 37.629848
143.043113 37.122578
143.746967 36.618083
144.450344 36.116561
145.153151 35.618213
145.855300 35.123241
146.556708 34.631850
147.257295 34.144247
147.956988 33.660642
148.655719 33.181241
149.353430 32.706256
150.050064 32.235895
150.745578 31.770366
151.439931 31.309875
152.133090 30.854626
152.825032 30.404820
153.515737 29.960652
154.205196 29.522311
154.893406 29.089981
155.580370 28.663838
156.266100 28.244054
156.950615 27.830788
157.633940 27.424193
158.316107 27.024411
158.997155 26.631574
159.677129 26.245802
160.356081 25.867204
161.034069 25.495879
161.711158 25.131911
162.387418 24.775375
163.062926 24.426336
163.737765 24.084846
164.412024 23.750947
165.085795 23.424671
165.759176 23.106037
166.432272 22.795057
167.105190 22.491730
167.778042 22.196046
168.450945 21.907984
169.124019 21.627513
169.797390 21.354593
170.471185 21.089173
171.145534 20.831193
171.820570 20.580585
172.496430 20.337271
173.173251 20.101165
173.851173 19.872173
174.530338 19.650193
175.210885 19.435114
175.892954 19.226818
176.576685 19.025178
177.262216 18.830062
177.949682 18.641327
178.639218 18.458825
179.330953 18.282401
180.025014 18.111894
180.721523 17.947136
181.420596 17.787955
182.122344 17.634176
182.826874 17.485614
183.534284 17.342085
184.244667 17.203400
184.958108 17.069366
185.674689 16.939788
186.394483 16.814471
187.117558 16.693217
187.843977 16.575833
188.573794 16.462122
189.307059 16.351894
190.043815 16.244958
190.784097 16.141128
191.527936 16.040220
192.275357 15.942055
193.026379 15.846460
193.781015 15.753266
194.539275 15.662310
195.301160 15.573436
196.066669 15.486492
196.835795 15.401336
197.608525 15.317829
198.384842 15.235839
199.164726 15.155241
199.948148 15.075914
200.735077 14.997743
201.525477 14.920619
202.319308 14.844440
203.116526 14.769105
203.917079 14.694522
204.720913 14.620604
205.527969 14.547267
206.338181 14.474432
207.151478 14.402027
207.967785 14.329982
208.787023 14.258232
209.609105 14.186717
210.433939 14.115379
211.261432 14.044164
212.091481 13.973022
212.923984 13.901907
213.758832 13.830775
214.595912 13.759589
215.435108 13.688311
216.276301 13.616911
217.119367 13.545360
217.964179 13.473635
218.810607 13.401715
219.658516 13.329583
220.507766 13.257224
221.358211 13.184628
222.209703 13.111787
223.062090 13.038697
223.915215 12.965354
224.768915 12.891763
225.623026 12.817927
226.477377 12.743853
227.331794 12.669551
228.186099 12.595032
229.040111 12.520308
229.893644 12.445392
230.746510 12.370301
231.598518 12.295049
232.449473 12.219655
233.299177 12.144136
234.147428 12.068512
234.994023 11.992802
235.838753 11.917025
236.681409 11.841203
237.521779 11.765357
238.359648 11.689510
239.194798 11.613685
240.027012 11.537909
240.856069 11.462210
241.681745 11.386620
242.503818 11.311175
243.322062 11.235912
244.136252 11.160875
244.946161 11.086109
245.751562 11.011662
246.552229 10.937586
247.347939 10.863939
248.138472 10.790781
248.923608 10.718177
249.703135 10.646198
250.476840 10.574918
251.244516 10.504416
252.005957 10.434776
252.760964 10.366087
253.509337 10.298444
254.250881 10.231951
254.985402 10.166714
255.712710 10.102849
256.432618 10.040479
257.144941 9.979733
257.849495 9.920747
258.546102 9.863663
259.234587 9.808632
259.914784 9.755812
260.586535 9.705368
261.249690 9.657473
261.904106 9.612307
262.549650 9.570057
263.186197 9.530916
263.813633 9.495085
264.431852 9.462770
265.040757 9.434184
265.640263 9.409546
266.230292 9.389084
266.810776 9.373029
267.381655 9.361619
267.942879 9.355098
268.494408 9.353717
269.036208 9.357730
269.568256 9.367398
270.090537 9.382986
270.603046 9.404765
271.105783 9.433010
271.598761 9.468000
272.081996 9.510018
272.555514 9.559349
273.019347 9.616282
273.473534 9.681107
273.918122 9.754110
274.353167 9.835574
274.778730 9.925781
275.194880 10.025008
275.601694 10.133530
275.999254 10.251619
276.387649 10.379545
276.766973 10.517572
277.137325 10.665963
277.498805 10.824978
277.851519 10.994869
278.195571 11.175887
278.531074 11.368281
278.858140 11.572292
279.176885 11.788162
279.487430 12.016124
279.789897 12.256407
280.084417 12.509228
280.371123 12.774796
280.650155 13.053309
280.921657 13.344954
281.185779 13.649909
281.442677 13.968338
281.692512 14.300394
281.935445 14.646218
282.171640 15.005936
282.401262 15.379663
282.624475 15.767499
282.841443 16.169531
283.052330 16.585832
283.257298 17.016461
283.456508 17.461463
283.650120 17.920870
283.838290 18.394698
284.021174 18.882951
284.198924 19.385617
284.371694 19.902672
284.539632 20.434077
284.702887 20.979779
284.861604 21.539712
285.015928 22.113797
285.165999 22.701941
285.311958 23.304035
285.453941 23.919958
285.592083 24.549579
285.726518 25.192750
285.857379 25.849314
285.984796 26.519101
286.108898 27.201929
286.229816 27.897607
286.347674 28.605936
286.462596 29.326715
286.574706 30.059733
286.684121 30.804775
286.790962 31.561619
286.895344 32.330037
286.997381 33.109796
287.097186 33.900655
287.194871 34.702368
287.290547 35.514684
287.384323 36.337344
287.476309 37.170084
287.566614 38.012632
287.655346 38.864711
287.742610 39.726037
287.828511 40.596320
287.913153 41.475267
287.996632 42.362587
288.079044 43.257984
288.160480 44.161165
288.241026 45.071837
288.320767 45.989706
288.399781 46.914480
288.478146 47.845871
288.555936 48.783589
288.633222 49.727350
288.710073 50.676870
288.786556 51.631869
288.862736 52.592072
288.938677 53.557206
289.014441 54.527000
289.090089 55.501192
289.165681 56.479519
289.241274 57.461725
289.316925 58.447558
289.392691 59.436770
289.468625 60.429117
289.544781 61.424358
289.621210 62.422257
289.697962 63.422582
289.775088 64.425102
289.852635 65.429595
289.930653 66.435839
290.009188 67.443619
290.088285 68.452719
290.167991 69.462931
290.248348 70.474045
290.329397 71.485858
290.411178 72.498168
290.493730 73.510777
290.577088 74.523488
290.661288 75.536106
290.746361 76.548435
290.832337 77.560285
290.919242 78.571463
291.007099 79.581782
291.095928 80.591053
291.185746 81.599093
291.276565 82.605717
291.368394 83.610746
291.461237 84.614001
291.555087 85.615306
291.649935 86.614486
291.745762 87.611371
291.842544 88.605789
291.940251 89.597575
292.038849 90.586562
292.138296 91.572583
292.238549 92.555472
292.339558 93.535066
292.441269 94.511198
292.543623 95.483706
292.646555 96.452424
292.749995 97.417190
292.853868 98.377840
292.958096 99.334213
293.062591 100.286146
293.167262 101.233478
293.272007 102.176047
293.376718 103.113692
293.481280 104.046250
293.585568 104.973560
293.689452 105.895461
293.792792 106.811795
293.895441 107.722402
293.997243 108.627127
294.098036 109.525816
294.197649 110.418318
294.295900 111.304485
294.392604 112.184176
294.487562 113.057253
294.580570 113.923581
294.671412 114.783034
294.759866 115.635489
294.845699 116.480830
294.928669 117.318951
295.008528 118.149749
295.085017 118.973132
295.157871 119.789013
295.226814 120.597312
295.291564 121.397956
295.351830 122.190878
295.407318 122.976021
295.457726 123.753332
295.502745 124.522764
295.542064 125.284280
295.575366 126.037847
295.602332 126.783440
295.622640 127.521041
295.635965 128.250637
295.641989 128.972223
295.640398 129.685803
295.630887 130.391388
295.613155 131.089000
295.586907 131.778664
295.551854 132.460418
295.507713 133.134306
295.454204 133.800381
295.391054 134.458704
295.317995 135.109343
295.234763 135.752376
295.141100 136.387888
295.036752 137.015972
294.921470 137.636729
294.795012 138.250266
294.657137 138.856697
294.507611 139.456144
294.346217 140.048739
294.172744 140.634622
293.986996 141.213942
293.788787 141.786859
293.577946 142.353537
293.354311 142.914150
293.117736 143.468878
292.868086 144.017906
292.605239 144.561425
292.329088 145.099631
292.039538 145.632722
291.736508 146.160902
291.419934 146.684374
291.089762 147.203343
290.745958 147.718014
290.388500 148.228594
290.017382 148.735287
289.632615 149.238296
289.234226 149.737820
288.822257 150.234059
288.396767 150.727208
287.957831 151.217459
287.505539 151.705001
287.040000 152.190023
286.561337 152.672708
286.069688 153.153237
285.565205 153.631789
285.048057 154.108540
284.518426 154.583659
283.976508 155.057315
283.422510 155.529672
282.856652 156.000890
282.279164 156.471123
281.690280 156.940521
281.090237 157.409228
280.479274 157.877379
279.857636 158.345104
279.225568 158.812525
278.583320 159.279756
277.931145 159.746906
277.269300 160.214071
276.598045 160.681345
275.917646 161.148810
275.228375 161.616542
274.530506 162.084608
273.824321 162.553067
273.110106 163.021971
272.388156 163.491364
271.658772 163.961284
270.922257 164.431758
270.178917 164.902803
269.429055 165.374426
268.672978 165.846624
267.910991 166.319384
267.143401 166.792684
266.370516 167.266492
265.592643 167.740768
264.810091 168.215464
264.023169 168.690524
263.232189 169.165884
262.437460 169.641473
261.639295 170.117215
260.838005 170.593025
260.033903 171.068815
259.227300 171.544490
258.418506 172.019953
257.607831 172.495099
256.795583 172.969823
255.982067 173.444016
255.167590 173.917565
254.352452 174.390354
253.536954 174.862265
252.721392 175.333176
251.906060 175.802964
251.091248 176.271502
250.277243 176.738660
249.464331 177.204310
248.652789 177.668320
247.842894 178.130556
247.034918 178.590888
246.229127 179.049181
245.425786 179.505303
244.625154 179.959125
243.827490 180.410516
243.033050 180.859351
242.242086 181.305507
241.454852 181.748864
240.671595 182.189308
239.892562 182.626727
239.117992 183.061014
238.348125 183.492070
237.583190 183.919798
236.823413 184.344108
236.069013 184.764916
235.320200 185.182143
234.577175 185.595717
233.840130 186.005570
233.109247 186.411643
232.384697 186.813882
231.666639 187.212238
230.955227 187.606674
230.250600 187.997157
229.552888 188.383664
228.862209 188.766178
228.178671 189.144690
227.502365 189.519198
226.833374 189.889709
226.171763 190.256238
225.517583 190.618805
224.870872 190.977441
224.231647 191.332184
223.599913 191.683081
222.975655 192.030186
222.358841 192.373563
221.749426 192.713281
221.147344 193.049420
220.552515 193.382064
219.964843 193.711306
219.384214 194.037244
218.810499 194.359983
218.243551 194.679636
217.683210 194.996320
217.129299 195.310163
216.581629 195.621296
216.039992 195.929857
215.504170 196.235991
214.973930 196.539845
214.449028 196.841572
213.929208 197.141328
213.414204 197.439272
212.903740 197.735566
212.397531 198.030374
211.895284 198.323860
211.396698 198.616189
210.901467 198.907524
210.409279 199.198030
209.919817 199.487869
209.432759 199.777201
208.947782 200.066183
208.464558 200.354972
207.982760 200.643717
207.502060 200.932568
207.022131 201.221668
206.542650 201.511156
206.063296 201.801166
205.583756 202.091828
205.103719 202.383265
204.622881 202.675593
204.140945 202.968924
203.657620 203.263361
203.172622 203.559001
202.685676 203.855932
202.196515 204.154237
201.704882 204.453989
201.210527 204.755252
200.713213 205.058084
200.212713 205.362532
199.708810 205.668633
199.201301 205.976418
198.689996 206.285905
198.174719 206.597101
197.655311 206.910003
197.131628 207.224595
196.603543 207.540852
196.070943 207.858736
195.533730 208.178199
194.991823 208.499182
194.445157 208.821616
193.893680 209.145423
193.337358 209.470513
192.776170 209.796785
192.210109 210.124128
191.639185 210.452422
191.063419 210.781534
190.482846 211.111323
189.897515 211.441638
189.307483 211.772320
188.712822 212.103202
188.113610 212.434109
187.509935 212.764858
186.901894 213.095262
186.289590 213.425125
185.673130 213.754248
185.052627 214.082428
184.428197 214.409458
183.799958 214.735126
183.168030 215.059218
182.532532 215.381519
181.893582 215.701811
181.251300 216.019875
180.605799 216.335493
179.957193 216.648444
179.305588 216.958511
178.651087 217.265473
177.993784 217.569116
177.333768 217.869223
176.671121 218.165583
176.005918 218.457987
175.338228 218.746231
174.668112 219.030114
173.995625 219.309441
173.320814 219.584024
172.643719 219.853678
171.964373 220.118227
171.282801 220.377503
170.599022 220.631343
169.913046 220.879595
169.224878 221.122113
168.534516 221.358762
167.841948 221.589414
167.147155 221.813953
166.450107 222.032273
165.750767 222.244278
165.049089 222.449883
164.345020 222.649012
163.638499 222.841600
162.929457 223.027593
162.217820 223.206945
161.503505 223.379622
160.786425 223.545598
160.066489 223.704860
159.343600 223.857402
158.617656 224.003231
157.888553 224.142363
157.156183 224.274822
156.420438 224.400643
155.681208 224.519868
154.938382 224.632552
154.191850 224.738754
153.441505 224.838544
152.687241 224.931998
151.928955 225.019201
151.166551 225.100244
150.399937 225.175225
149.629026 225.244249
148.853743 225.307428
148.074017 225.364879
147.289790 225.416728
146.501012 225.463102
145.707645 225.504139
144.909660 225.539976
144.107040 225.570760
143.299780 225.596640
142.487889 225.617773
141.671388 225.634317
140.850309 225.646438
140.024698 225.654301
139.194612 225.658080
138.360120 225.657948
137.521305 225.654084
136.678260 225.646668
135.831093 225.635883
134.979923 225.621915
134.124882 225.604951
133.266114 225.585182
132.403775 225.562798
131.538032 225.537991
130.669065 225.510956
129.797063 225.481886
128.922232 225.450978
128.044785 225.418430
127.164950 225.384439
126.282965 225.349206
125.399080 225.312931
124.513555 225.275817
123.626664 225.238068
122.738687 225.199891
121.849918 225.161492
120.960660 225.123083
120.071223 225.084876
119.181927 225.047086
118.293100 225.009929
117.405078 224.973625
116.518202 224.938398
115.632819 224.904471
114.749281 224.872073
113.867944 224.841435
112.989168 224.812791
112.113314 224.786380
111.240746 224.762441
110.371827 224.741220
109.506919 224.722965
108.646384 224.707927
107.790582 224.696364
106.939868 224.688533
106.094594 224.684696
105.255108 224.685119
104.421748 224.690069
103.594850 224.699818
102.774742 224.714637
101.961745 224.734804
101.156175 224.760595
100.358340 224.792290
99.568538 224.830168
98.787064 224.874510
98.014201 224.925598
97.250229 224.983714
96.495417 225.049139
95.750026 225.122154
95.014311 225.203039
94.288517 225.292072
93.572878 225.389527
92.867621 225.495677
92.172960 225.610791
91.489100 225.735134
90.816235 225.868969
90.154549 226.012553
89.504213 226.166141
88.865388 226.329979
88.238220 226.504310
87.622845 226.689369
87.019383 226.885387
86.427944 227.092586
85.848620 227.311180
85.281493 227.541376
84.726627 227.783375
84.184074 228.037366
83.653867 228.303531
83.136026 228.582042
82.630556 228.873062
82.137448 229.176742
81.656674 229.493226
81.188197 229.822643
80.731963 230.165116
80.287903 230.520754
79.855939 230.889657
79.435976 231.271913
79.027908 231.667600
78.631618 232.076782
78.246978 232.499514
77.873848 232.935837
77.512081 233.385782
77.161519 233.849367
76.821995 234.326598
76.493335 234.817469
76.175357 235.321962
75.867873 235.840048
75.570688 236.371683
75.283604 236.916816
75.006415 237.475378
74.738911 238.047295
74.480878 238.632477
74.232094 239.230824
73.992336 239.842229
73.761373 240.466571
73.538971 241.103720
73.324892 241.753536
73.118893 242.415867
72.920728 243.090556
72.730148 243.777434
72.546900 244.476327
72.370729 245.187051
72.201379 245.909418
72.038593 246.643232
71.882111 247.388290
71.731676 248.144382
71.587028 248.911296
71.447909 249.688809
71.314060 250.476699
71.185227 251.274737
71.061154 252.082691
70.941591 252.900326
70.826289 253.727405
70.715006 254.563688
70.607500 255.408933
70.503539 256.262897
70.402892 257.125334
70.305338 257.996002
70.210661 258.874654
70.118652 259.761046
70.029108 260.654934
69.941834 261.556074
69.856643 262.464225
69.773355 263.379143
69.691798 264.300590
69.611807 265.228327
69.533225 266.162116
69.455901 267.101723
69.379695 268.046916
69.304469 268.997462
69.230097 269.953135
69.156455 270.913709
69.083430 271.878961
69.010912 272.848671
68.938800 273.822622
68.866997 274.800602
68.795413 275.782401
68.723963 276.767815
68.652565 277.756642
68.581145 278.748685
68.509632 279.743751
68.437959 280.741654
68.366066 281.742206
68.293897 282.745229
68.221402 283.750546
68.148536 284.757984
68.075259 285.767377
68.001534 286.778562
67.927333 287.791381
67.852628 288.805680
67.777401 289.821310
67.701635 290.838124
67.625320 291.855980
67.548450 292.874740
67.471025 293.894271
67.393048 294.914443
67.314527 295.935130
67.235476 296.956209
67.155911 297.977562
67.075856 298.999071
66.995337 300.020623
66.914384 301.042108
66.833031 302.063416
66.751313 303.084443
66.669271 304.105085
66.586945 305.125239
66.504380 306.144805
66.421620 307.163684
66.338713 308.181776
66.255705 309.198985
66.172645 310.215215
66.089581 311.230371
66.006560 312.244357
65.923629 313.257080
65.840831 314.268448
65.758212 315.278367
65.675814 316.286746
65.593677 317.293495
65.511842 318.298523
65.430349 319.301742
65.349232 320.303062
65.268530 321.302398
65.188276 322.299662
65.108505 323.294770
65.029250 324.287637
64.950541 325.278184
64.872409 326.266327
64.794884 327.251987
64.717996 328.235086
64.641773 329.215547
64.566244 330.193294
64.491437 331.168254
64.417379 332.140355
64.344096 333.109530
64.271613 334.075714
64.199953 335.038845
64.129141 335.998862
64.059197 336.955711
63.990143 337.909340
63.921998 338.859701
63.854780 339.806751
63.788502 340.750452
63.723178 341.690772
63.658816 342.627682
63.595423 343.561160
63.533001 344.491191
63.471551 345.417764
63.411068 346.340878
63.351544 347.260539
63.292969 348.176758
63.235325 349.089557
63.178594 349.998963
63.122755 350.905010
63.067781 351.807742
63.013645 352.707209
62.960315 353.603469
62.907757 354.496588
62.855937 355.386641
62.804817 356.273711
62.754359 357.157888
62.704525 358.039272
62.655275 358.917967
62.606573 359.794087
62.558381 360.667754
62.510665 361.539094
62.463391 362.408243
62.416529 363.275340
62.370048 364.140531
62.323920 365.003968
62.278119 365.865807
62.232621 366.726207
62.187401 367.585333
62.142437 368.443352
62.097708 369.300433
62.053192 370.156749
62.008871 371.012472
61.964725 371.867776
61.920734 372.722835
61.876879 373.577824
61.833139 374.432916
61.789495 375.288286
61.745923 376.144101
61.702402 377.000532
61.658910 377.857740
61.615421 378.715886
61.571911 379.575124
61.528354 380.435603
61.484722 381.297466
61.440988 382.160847
61.397123 383.025871
61.353101 383.892657
61.308893 384.761311
61.264475 385.631930
61.219820 386.504601
61.174908 387.379399
61.129719 388.256388
61.084239 389.135615
61.038459 390.017115
60.992374 390.900909
60.945985 391.787002
60.899296 392.675386
60.852315 393.566038
60.805056 394.458921
60.757537 395.353982
60.709780 396.251157
60.661812 397.150363
60.613661 398.051507
60.565361 398.954477
60.516948 399.859148
60.468460 400.765381
60.419937 401.673021
60.371422 402.581899
60.322963 403.491831
60.274608 404.402617
60.226408 405.314044
60.178417 406.225883
60.130691 407.137890
60.083287 408.049812
60.036267 408.961378
59.989696 409.872311
59.943640 410.782318
59.898171 411.691099
59.853365 412.598341
59.809301 413.503725
59.766064 414.406923
59.723743 415.307597
59.682434 416.205406
59.642239 417.100002
59.603265 417.991030
59.565629 418.878133
59.529455 419.760949
59.494873 420.639114
59.462023 421.512263
59.431054 422.380028
59.402123 423.242042
59.375398 424.097938
59.351053 424.947352
59.329276 425.789923
59.310261 426.625293
59.294213 427.453108
59.281346 428.273024
59.271880 429.084698
59.266046 429.887799
59.264078 430.681999
59.266221 431.466981
59.272716 432.242437
59.283808 433.008072
59.299740 433.763602
59.320755 434.508757
59.347097 435.243275
59.379012 435.966909
59.416744 436.679422
59.460539 437.380592
59.510644 438.070204
59.567305 438.748060
59.630772 439.413971
59.701294 440.067761
59.779124 440.709269
59.864514 441.338343
59.957722 441.954846
60.059004 442.558652
60.168618 443.149653
60.286817 443.727755
60.413854 444.292882
60.549979 444.844975
60.695438 445.383991
60.850476 445.909907
61.015332 446.422714
61.190244 446.922421
61.375441 447.409051
61.571152 447.882645
61.777595 448.343259
61.994985 448.790963
62.223530 449.225843
62.463429 449.647999
62.714875 450.057545
62.978051 450.454606
63.253131 450.839320
63.540280 451.211839
63.839650 451.572324
64.151384 451.920948
64.475613 452.257892
64.812457 452.583350
65.162020 452.897524
65.524396 453.200622
65.899664 453.492863
66.287888 453.774473
66.689118 454.045682
67.103387 454.306727
67.530716 454.557851
67.971109 454.799299
68.424554 455.031322
68.891028 455.254174
69.370490 455.468112
69.862888 455.673397
70.368159 455.870290
70.886233 456.059049
71.417034 456.239937
71.960471 456.413214
72.516450 456.579139
73.084862 456.737975
73.665593 456.889982
74.258516 457.035422
74.863495 457.174557
75.480384 457.307650
76.109024 457.434963
76.749249 457.556757
77.400879 457.673294
78.063721 457.784836
78.737574 457.891644
79.422223 457.993980
80.117447 458.092100
80.823015 458.186256
81.538693 458.276698
82.264235 458.363667
82.999393 458.447401
83.743911 458.528130
84.497528 458.606080
85.259977 458.681471
86.030989 458.754517
86.810288 458.825429
87.597596 458.894408
88.392631 458.961654
89.195109 459.027357
90.004743 459.091706
90.821242 459.154882
91.644318 459.217065
92.473679 459.278425
93.309034 459.339132
94.150091 459.399351
94.996558 459.459242
95.848145 459.518961
96.704562 459.578664
97.565523 459.638499
98.430743 459.698616
99.299938 459.759158
100.172831 459.820268
101.049148 459.882085
101.928616 459.944748
102.810971 460.008393
103.695949 460.073153
104.583293 460.139160
105.472750 460.206545
106.364073 460.275437
107.257018 460.345962
108.151346 460.418246
109.046820 460.492414
109.943207 460.568588
110.840278 460.646889
111.737807 460.727437
112.635574 460.810348
113.533362 460.895736
114.430957 460.983711
115.328153 461.074382
116.224745 461.167852
117.120533 461.264223
118.015322 461.363592
118.908924 461.466051
119.801154 461.571690
120.691832 461.680593
121.580782 461.792840
122.467834 461.908507
123.352820 462.027666
124.235574 462.150384
125.115936 462.276726
125.993749 462.406750
126.868859 462.540511
127.741115 462.678060
128.610371 462.819441
129.476482 462.964692
130.339307 463.113847
131.198708 463.266933
132.054551 463.423972
132.906704 463.584978
133.755040 463.749959
134.599431 463.918916
135.439755 464.091844
136.275890 464.268729
137.107719 464.449551
137.935126 464.634281
138.758000 464.822883
139.576230 465.015312
140.389709 465.211513
141.198331 465.411421
142.001994 465.614963
142.800597 465.822055
143.594041 466.032601
144.382229 466.246498
145.165068 466.463629
145.942465 466.683866
146.714332 466.907070
147.480582 467.133091
148.241130 467.361764
148.995894 467.592914
149.744794 467.826354
150.487755 468.061885
151.224703 468.299295
151.955570 468.538362
152.680291 468.778851
153.398804 469.020516
154.111055 469.263098
154.816992 469.506330
155.516570 469.749933
156.209750 469.993618
156.896498 470.237084
157.576789 470.480025
158.250604 470.722120
158.917933 470.963044
159.578771 471.202461
160.233121 471.440030
160.880996 471.675400
161.522418 471.908217
162.157417 472.138120
162.786031 472.364742
163.408308 472.587712
164.024302 472.806655
164.634077 473.021191
165.237704 473.230940
165.835265 473.435517
166.426844 473.634536
167.012539 473.827610
167.592450 474.014350
168.166687 474.194370
168.735367 474.367282
169.298616 474.532698
169.856564 474.690234
170.409350 474.839505
170.957120 474.980131
171.500025 475.111735
172.038223 475.233940
172.571875 475.346378
173.101151 475.448682
173.626225 475.540493
174.147277 475.621460
174.664491 475.691239
175.178057 475.749492
175.688168 475.795894
176.195024 475.830127
176.698824 475.851886
177.199776 475.860879
177.698088 475.856825
178.193971 475.839460
178.687642 475.808532
179.179317 475.763806
179.669217 475.705061
180.157562 475.632093
180.644573 475.544714
181.130473 475.442754
181.615483 475.326058
182.099825 475.194491
182.583718 475.047935
183.067380 474.886289
183.551025 474.709471
184.034863 474.517415
184.519101 474.310075
185.003939 474.087422
185.489573 473.849445
185.976192 473.596150
186.463978 473.327563
186.953107 473.043723
187.443747 472.744690
187.936059 472.430535
188.430195 472.101349
188.926299 471.757234
189.424508 471.398310
189.924949 471.024709
190.427743 470.636578
190.933001 470.234079
191.440830 469.817383
191.951324 469.386678
192.464575 468.942162
192.980662 468.484044
193.499659 468.012547
194.021630 467.527905
194.546630 467.030361
195.074703 466.520174
195.605886 465.997608
196.140204 465.462941
196.677675 464.916460
197.218308 464.358459
197.762104 463.789242
198.309054 463.209121
198.859142 462.618414
199.412345 462.017446
199.968630 461.406547
200.527959 460.786053
201.090283 460.156300
201.655550 459.517632
202.223698 458.870390
202.794659 458.214920
203.368353 457.551564
203.944692 456.880667
204.523580 456.202571
205.104910 455.517618
205.688564 454.826147
206.274415 454.128495
206.862328 453.424997
207.452154 452.715984
208.043737 452.001785
208.636909 451.282726
209.231491 450.559127
209.827298 449.831306
210.424130 449.099577
211.021782 448.364250
211.620037 447.625630
212.218672 446.884016
212.817454 446.139704
213.416140 445.392983
214.014482 444.644139
214.612219 443.893452
215.209086 443.141197
215.804807 442.387645
216.399097 441.633063
216.991663 440.877714
217.582205 440.121859
218.170411 439.365752
218.755962 438.609645
219.338527 437.853790
219.917770 437.098431
220.493340 436.343814
221.064882 435.590177
221.632029 434.837757
222.194406 434.086786
222.751630 433.337494
223.303315 432.590101
223.849072 431.844825
224.388505 431.101876
224.921216 430.361461
225.446803 429.623781
225.964856 428.889032
226.474962 428.157408
226.976705 427.429096
227.469659 426.704281
227.953395 425.983144
228.427479 425.265862
228.891468 424.552610
229.344915 423.843560
229.787367 423.138881
230.218362 422.438743
230.637440 421.743309
231.044141 421.052744
231.438004 420.367209
231.818575 419.686861
232.185400 419.011859
232.538032 418.342355
232.876031 417.678504
233.198963 417.020455
233.506400 416.368352
233.797926 415.722340
234.073133 415.082560
234.331622 414.449145
234.573009 413.822229
234.796917 413.201942
235.002984 412.588406
235.190859 411.981742
235.360204 411.382068
235.510696 410.789496
235.642024 410.204135
235.753891 409.626087
235.846015 409.055454
235.918129 408.492328
235.969982 407.936800
236.001339 407.388953
236.011984 406.848866
236.001716 406.316610
235.970353 405.792252
235.917732 405.275852
235.843710 404.767461
235.748162 404.267126
235.630983 403.774886
235.492091 403.290772
235.331420 402.814811
235.148929 402.347021
234.944594 401.887419
234.718407 401.436013
234.470379 400.992811
234.200537 400.557813
233.908924 400.131019
233.595603 399.712418
233.260655 399.301999
232.904180 398.899743
232.526299 398.505624
232.127150 398.119614
231.706893 397.741677
231.265711 397.371772
230.803807 397.009854
230.321403 396.655870
229.818749 396.309764
229.296112 395.971471
228.753779 395.640924
228.192053 395.318051
227.611252 395.002775
227.011708 394.695015
226.393767 394.394686
225.757785 394.101698
225.104134 393.815958
224.433193 393.537369
223.745354 393.265830
223.041018 393.001238
222.320595 392.743487
221.584505 392.492467
220.833173 392.248068
220.067034 392.010173
219.286529 391.778667
218.492106 391.553430
217.684221 391.334341
216.863332 391.121275
216.029909 390.914105
215.184424 390.712702
214.327355 390.516935
213.459186 390.326668
212.580404 390.141767
211.691502 389.962091
210.792973 389.787499
209.885318 389.617845
208.969037 389.452984
208.044634 389.292764
207.112615 389.137037
206.173487 388.985646
205.227759 388.838438
204.275940 388.695253
203.318543 388.555932
202.356076 388.420313
201.389052 388.288231
200.417984 388.159518
199.443385 388.034004
198.465769 387.911514
197.485652 387.791872
196.503546 387.674900
195.519964 387.560416
194.535418 387.448237
193.550416 387.338177
192.565466 387.230048
191.581070 387.123660
190.597729 387.018818
189.615938 386.915325
188.636186 386.812982
187.658958 386.711583
186.684732 386.610924
185.713982 386.510790
184.747174 386.410968
183.784772 386.311235
182.827234 386.211368
181.875009 386.111135
180.928544 386.010300
179.988279 385.908624
179.054647 385.805861
178.128075 385.701760
177.208982 385.596065
176.297782 385.488515
175.394880 385.378844
174.500675 385.266781
173.615557 385.152050
172.739910 385.034370
171.874105 384.913456
171.018508 384.789020
170.173471 384.660769
169.339339 384.528409
168.516442 384.391641
167.705103 384.250167
166.905630 384.103687
166.118322 383.951899
165.343463 383.794504
164.581326 383.631203
163.832172 383.461697
163.096245 383.285691
162.373778 383.102890
161.664989 382.913002
160.970081 382.715740
160.289240 382.510819
159.622638 382.297957
158.970430 382.076877
158.332756 381.847304
157.709740 381.608971
157.101487 381.361614
156.508087 381.104972
155.929614 380.838794
155.366124 380.562832
154.817658 380.276843
154.284242 379.980592
153.765882 379.673849
153.262571 379.356392
152.774285 379.028002
152.300984 378.688471
151.842614 378.337598
151.399106 377.975188
150.970375 377.601057
150.556323 377.215029
150.156839 376.816936
149.771799 376.406622
149.401065 375.983940
149.044489 375.548754
148.701908 375.100938
148.373151 374.640380
148.058033 374.166977
147.756361 373.680641
147.467929 373.181293
147.192525 372.668869
146.929924 372.143318
146.679895 371.604599
146.442197 371.052688
146.216579 370.487572
146.002786 369.909251
145.800553 369.317739
145.609611 368.713064
145.429685 368.095265
145.260496 367.464393
145.101760 366.820513
144.953191 366.163701
144.814499 365.494042
144.685394 364.811632
144.565583 364.116579
144.454770 363.408997
144.352661 362.689010
144.258963 361.956750
144.173382 361.212356
144.095626 360.455974
144.025406 359.687759
143.962433 358.907868
143.906426 358.116465
143.857105 357.313722
143.814196 356.499814
143.777430 355.674918
143.746543 354.839220
143.721278 353.992906
143.701384 353.136166
143.686614 352.269196
143.676729 351.392192
143.671496 350.505353
143.670687 349.608882
143.674083 348.702985
143.681470 347.787867
143.692643 346.863740
143.707403 345.930812
143.725557 344.989299
143.746920 344.039414
143.771315 343.081373
143.798570 342.115393
143.828521 341.141691
143.861009 340.160486
143.895883 339.171996
143.932996 338.176440
143.972211 337.174034
144.013394 336.164997
144.056418 335.149546
144.101162 334.127897
144.147511 333.100265
144.195355 332.066865
144.244590 331.027908
144.295118 329.983606
144.346848 328.934167
144.399691 327.879800
144.453566 326.820710
144.508398 325.757099
144.564114 324.689169
144.620648 323.617121
144.677936 322.541151
144.735919 321.461457
144.794541 320.378233
144.853752 319.291671
144.913501 318.201964
144.973745 317.109302
145.034440 316.013876
145.095548 314.915876
145.157031 313.815490
145.218854 312.712911
145.280986 311.608327
145.343397 310.501930
145.406060 309.393912
145.468948 308.284468
145.532035 307.173792
145.595299 306.062082
145.658715 304.949537
145.722260 303.836358
145.785912 302.722751
145.849649 301.608923
145.913448 300.495085
145.977289 299.381448
146.041150 298.268227
146.105010 297.155641
146.168845 296.043910
146.232634 294.933258
146.296350 293.823913
146.359968 292.716103
146.423459 291.610060
146.486795 290.506017
146.549943 289.404212
146.612869 288.304883
146.675537 287.208270
146.737907 286.114616
146.799939 285.024165
146.861588 283.937166
146.922807 282.853867
146.983546 281.774520
147.043751 280.699376
147.103365 279.628690
147.162327 278.562718
147.220572 277.501715
147.278031 276.445939
147.334631 275.395650
147.390295 274.351105
147.444940 273.312564
147.498479 272.280289
147.550821 271.254538
147.601869 270.235571
147.651521 269.223647
147.699671 268.219025
147.746205 267.221962
147.791007 266.232715
147.833952 265.251538
147.874912 264.278686
147.913750 263.314408
147.950326 262.358954
147.984491 261.412567
148.016092 260.475489
148.044966 259.547956
148.070946 258.630200
148.093857 257.722448
148.113516 256.824921
148.129733 255.937835
148.142312 255.061399
148.151049 254.195814
148.155732 253.341274
148.156146 252.497968
148.152066 251.666072
148.143262 250.845759
148.129500 250.037189
148.110538 249.240518
148.086128 248.455890
148.056020 247.683442
148.019959 246.923302
147.977685 246.175589
147.928937 245.440410
147.873451 244.717867
147.810958 244.008050
147.741191 243.311040
147.663879 242.626910
147.578752 241.955722
147.485539 241.297530
147.383971 240.652376
147.273779 240.020295
147.154696 239.401310
147.026456 238.795435
146.888797 238.202674
146.741459 237.623020
146.584188 237.056456
146.416732 236.502957
146.238846 235.962487
146.050291 235.435000
145.850831 234.920440
145.640240 234.418740
145.418295 233.929823
145.184784 233.453604
144.939498 232.989986
144.682242 232.538864
144.412824 232.100123
144.131065 231.673637
143.836795 231.259272
143.529853 230.856886
143.210091 230.466328
142.877372 230.087438
142.531572 229.720049
142.172580 229.363986
141.800299 229.019071
141.414647 228.685115
141.015556 228.361926
140.602974 228.049305
140.176867 227.747049
139.737216 227.454950
139.284023 227.172798
138.817305 226.900376
138.337102 226.637467
137.843469 226.383850
137.336483 226.139302
136.816237 225.903598
136.282846 225.676513
135.736439 225.457820
135.177168 225.247292
134.605200 225.044701
134.020719 224.849820
133.423928 224.662425
132.815047 224.482289
132.194309 224.309190
131.561965 224.142907
130.918284 223.983220
130.263546 223.829913
129.598047 223.682774
128.922098 223.541593
128.236022 223.406168
127.540154 223.276298
126.834840 223.151790
126.120441 223.032455
125.397325 222.918111
124.665874 222.808582
123.926478 222.703700
123.179539 222.603302
122.425464 222.507234
121.664672 222.415351
120.897588 222.327515
120.124646 222.243597
119.346287 222.163479
118.562958 222.087051
117.775116 222.014213
116.983220 221.944876
116.187739 221.878960
115.389146 221.816395
114.587918 221.757123
113.784536 221.701095
112.979485 221.648272
112.173251 221.598626
111.366324 221.552138
110.559191 221.508800
109.752341 221.468615
108.946258 221.431595
108.141426 221.397762
107.338323 221.367150
106.537422 221.339801
105.739192 221.315768
104.944092 221.295114
104.152572 221.277910
103.365072 221.264237
102.582021 221.254183
101.803834 221.247848
101.030917 221.245337
100.263660 221.246765
99.502440 221.252253
98.747622 221.261929
97.999555 221.275927
97.258578 221.294386
96.525013 221.317450
95.799168 221.345264
95.081337 221.377979
94.371799 221.415747
93.670818 221.458721
92.978644 221.507056
92.295508 221.560906
91.621630 221.620424
90.957212 221.685761
90.302441 221.757065
89.657491 221.834479
89.022518 221.918142
88.397665 222.008187
87.783056 222.104742
87.178804 222.207925
86.585000 222.317849
86.001722 222.434615
85.429032 222.558318
84.866974 222.689039
84.315573 222.826850
83.774841 222.971809
83.244767 223.123964
82.725327 223.283350
82.216476 223.449989
81.718150 223.623892
81.230267 223.805055
80.752727 223.993464
80.285408 224.189090
79.828170 224.391891
79.380857 224.601814
78.943289 224.818791
78.515270 225.042740
78.096587 225.273566
77.687007 225.511161
77.286282 225.755401
76.894146 226.006150
76.510318 226.263255
76.134501 226.526550
75.766386 226.795856
75.405648 227.070977
75.051949 227.351707
74.704941 227.637823
74.364266 227.929088
74.029556 228.225253
73.700433 228.526055
73.376510 228.831217
73.057393 229.140450
72.742682 229.453452
72.431965 229.769911
72.124825 230.089506
71.820839 230.411905
71.519577 230.736770
71.220606 231.063754
70.923488 231.392504
70.627781 231.722663
70.333041 232.053869
70.038822 232.385756
69.744678 232.717956
69.450158 233.050098
69.154816 233.381812
68.858202 233.712733
68.559869 234.042493
68.259371 234.370731
67.956261 234.697090
67.650098 235.021219
67.340443 235.342772
67.026862 235.661413
66.708923 235.976815
66.386203 236.288660
66.058283 236.596643
65.724750 236.900467
65.385199 237.199851
65.039235 237.494522
64.686469 237.784223
64.326522 238.068705
63.959029 238.347734
63.583633 238.621087
63.199994 238.888557
62.807781 239.149945
62.406680 239.405068
61.996393 239.653755
61.576636 239.895849
61.147141 240.131205
60.707660 240.359693
60.257962 240.581194
59.797832 240.795605
59.327076 241.002836
58.845518 241.202810
58.353002 241.395464
57.849394 241.580749
57.334577 241.758627
56.808456 241.929078
56.270956 242.092092
55.722024 242.247675
55.161625 242.395846
54.589747 242.536639
54.006400 242.670102
53.411612 242.796294
52.805437 242.915289
52.187948 243.027172
51.559244 243.132039
50.919440 243.229998
50.268676 243.321166
49.607111 243.405672
48.934925 243.483652
48.252316 243.555252
47.559503 243.620625
46.856721 243.679933
46.144225 243.733345
45.422288 243.781033
44.691197 243.823177
43.951258 243.859960
43.202794 243.891567
42.446141 243.918188
41.681655 243.940016
40.909701 243.957245
40.130660 243.970069
39.344928 243.978684
38.552911 243.983287
37.755027 243.984074
36.951708 243.981242
36.143394 243.974987
35.330538 243.965504
34.513602 243.952991
33.693056 243.937642
32.869377 243.919654
32.043051 243.899222
31.214567 243.876543
30.384422 243.851814
29.553114 243.825231
28.721147 243.796992
27.889026 243.767294
27.057256 243.736339
26.226344 243.704325
25.396795 243.671456
24.569112 243.637932
23.743796 243.603961
22.921345 243.569747
22.102250 243.535500
21.286999 243.501429
20.476071 243.467748
19.669938 243.434670
18.869064 243.402412
18.073901 243.371192
17.284892 243.341228
16.502465 243.312742
15.727038 243.285956
14.959013 243.261094
14.198776 243.238383
13.446697 243.218053
12.703130 243.200333
11.968411 243.185457
11.242858 243.173662
10.526769 243.165188
9.820428 243.160277
9.124095 243.159176
8.438018 243.162136
7.762424 243.169410
7.097522 243.181258
6.443505 243.197942
5.800548 243.219729
5.168807 243.246895
4.548422 243.279715
3.939517 243.318474
3.342196 243.363459
2.756549 243.414963
2.182650 243.473282
1.620559 243.538716
1.070319 243.611570
0.531962 243.692151
0.005503 243.780769
-0.509054 243.877736
-1.011719 243.983366
-1.502518 244.097974
-1.981485 244.221877
-2.448671 244.355391
-2.904137 244.498831
-3.347957 244.652512
-3.780214 244.816746
-4.201006 244.991845
-4.610440 245.178115
-5.008636 245.375859
-5.395722 245.585379
-5.771838 245.806967
-6.137135 246.040914
-6.491771 246.287503
-6.835917 246.547011
-7.169751 246.819708
-7.493459 247.105856
-7.807237 247.405709
-8.111288 247.719513
-8.405820 248.047505
-8.691047 248.389913
-8.967189 248.746956
-9.234466 249.118843
-9.493103 249.505772
-9.743327 249.907933
-9.985363 250.325503
-10.219439 250.758648
-10.445779 251.207525
-10.664607 251.672274
-10.876144 252.153029
-11.080608 252.649906
-11.278213 253.163009
-11.469169 253.692429
-11.653684 254.238242
-11.831962 254.800509
-12.004202 255.379276
-12.170601 255.974574
-12.331351 256.586418
-12.486640 257.214809
-12.636654 257.859730
-12.781573 258.521146
-12.921573 259.199009
-13.056827 259.893253
-13.187504 260.603796
-13.313772 261.330541
-13.435794 262.073375
-13.553733 262.832168
-13.667749 263.606778
-13.777999 264.397044
-13.884640 265.202793
-13.987827 266.023838
-14.087711 266.859977
-14.184442 267.710994
-14.278168 268.576664
-14.369032 269.456746
-14.457178 270.350988
-14.542745 271.259128
-14.625869 272.180893
-14.706683 273.116001
-14.785316 274.064156
-14.861893 275.025057
-14.936535 275.998392
-15.009357 276.983840
-15.080470 277.981072
-15.149980 278.989753
-15.217986 280.009536
-15.284584 281.040072
-15.349861 282.081002
-15.413901 283.131961
-15.476781 284.192577
-15.538575 285.262474
-15.599350 286.341268
-15.659172 287.428568
-15.718101 288.523981
-15.776193 289.627105
-15.833504 290.737536
-15.890083 291.854865
-15.945980 292.978677
-16.001240 294.108557
-16.055910 295.244082
-16.110032 296.384830
-16.163652 297.530375
-16.216812 298.680291
-16.269556 299.834149
-16.321927 300.991519
-16.373968 302.151969
-16.425725 303.315069
-16.477242 304.480387
-16.528566 305.647489
-16.579743 306.815943
-16.630824 307.985318
-16.681860 309.155179
-16.732903 310.325096
-16.784007 311.494635
-16.835229 312.663364
-16.886627 313.830853
-16.938260 314.996669
-16.990190 316.160383
-17.042480 317.321564
-17.095197 318.479783
-17.148409 319.634613
-17.202184 320.785626
-17.256597 321.932397
-17.311723 323.074501
-17.367641 324.211514
-17.424433 325.343014
-17.482184 326.468579
-17.540985 327.587792
-17.600929 328.700235
-17.662115 329.805494
-17.724647 330.903158
-17.788636 331.992820
-17.854196 333.074075
-17.921452 334.146524
-17.990531 335.209771
-18.061570 336.263427
-18.134713 337.307105
-18.210111 338.340427
-18.287924 339.363021
-18.368320 340.374521
-18.451472 341.374570
-18.537565 342.362819
-18.626790 343.338927
-18.719345 344.302565
-18.815437 345.253410
-18.915282 346.191151
-19.019102 347.115487
-19.127126 348.026127
-19.239592 348.922789
-19.356742 349.805202
-19.478825 350.673106
-19.606093 351.526250
-19.738804 352.364394
-19.877218 353.187311
-20.021599 353.994782
-20.172211 354.786602
-20.329320 355.562578
-20.493195 356.322528
-20.664103 357.066283
-20.842312 357.793690
-21.028088 358.504607
-21.221696 359.198907
-21.423400 359.876479
-21.633460 360.537225
-21.852136 361.181065
-22.079684 361.807935
-22.316355 362.417787
-22.562399 363.010593
-22.818060 363.586339
-23.083580 364.145029
-23.359193 364.686685
-23.645133 365.211347
-23.941627 365.719073
-24.248897 366.209936
-24.567160 366.684028
-24.896624 367.141459
-25.237495 367.582354
-25.589969 368.006855
-25.954234 368.415118
-26.330470 368.807316
-26.718848 369.183635
-27.119529 369.544277
-27.532662 369.889456
-27.958385 370.219400
-28.396825 370.534350
-28.848097 370.834557
-29.312300 371.120285
-29.789521 371.391806
-30.279832 371.649404
-30.783291 371.893370
-31.299940 372.124001
-31.829807 372.341603
-32.372904 372.546487
-32.929227 372.738970
-33.498754 372.919372
-34.081450 373.088017
-34.677261 373.245234
-35.286117 373.391354
-35.907933 373.526712
-36.542609 373.651644
-37.190029 373.766488
-37.850062 373.871588
-38.522567 373.967283
-39.207386 374.053918
-39.904352 374.131837
-40.613286 374.201383
-41.333999 374.262897
-42.066290 374.316722
-42.809950 374.363197
-43.564762 374.402657
-44.330500 374.435436
-45.106930 374.461865
-45.893815 374.482267
-46.690908 374.496966
-47.497959 374.506273
-48.314711 374.510497
-49.140904 374.509936
-49.976273 374.504881
-50.820550 374.495616
-51.673463 374.482415
-52.534739 374.465543
-53.404101 374.445257
-54.281268 374.421802
-55.165959 374.395414
-56.057892 374.366319
-56.956784 374.334735
-57.862350 374.300868
-58.774306 374.264913
-59.692371 374.227058
-60.616263 374.187480
-61.545703 374.146346
-62.480417 374.103814
-63.420137 374.060030
-64.364597 374.015131
-65.313541 373.969246
-66.266718 373.922493
-67.223884 373.874979
-68.184807 373.826806
-69.149263 373.778065
-70.117036 373.728839
-71.087924 373.679206
-72.061732 373.629234
-73.038276 373.578986
-74.017387 373.528521
-74.998903 373.477889
-75.982678 373.427140
-76.968578 373.376316
-77.956479 373.325456
-78.946271 373.274596
-79.937856 373.223768
-80.931145 373.172998
-81.926064 373.122311
-82.922548 373.071729
-83.920543 373.021269
-84.920006 372.970946
-85.920902 372.920770
-86.923204 372.870753
-87.926896 372.820901
-88.931967 372.771220
-89.938417 372.721712
-90.946249 372.672376
-91.955473 372.623212
-92.966104 372.574216
-93.978162 372.525380
-94.991670 372.476699
-96.006658 372.428165
-97.023155 372.379768
-98.041195 372.331499
-99.060814 372.283346
-100.082051 372.235296
-101.104944 372.187337
-102.129533 372.139453
-103.155860 372.091631
-104.183967 372.043854
-105.213897 371.996108
-106.245693 371.948375
-107.279398 371.900641
-108.315055 371.852887
-109.352708 371.805099
-110.392400 371.757260
-111.434172 371.709353
-112.478063 371.661365
-113.524110 371.613282
-114.572349 371.565089
-115.622809 371.516779
-116.675519 371.468341
-117.730502 371.419771
-118.787777 371.371064
-119.847359 371.322218
-120.909256 371.273233
-121.973474 371.224111
-123.040011 371.174855
-124.108864 371.125471
-125.180021 371.075964
-126.253466 371.026341
-127.329176 370.976608
-128.407124 370.926771
-129.487277 370.876838
-130.569595 370.826817
-131.654035 370.776713
-132.740548 370.726536
-133.829081 370.676294
-134.919575 370.625994
-136.011967 370.575647
-137.106192 370.525261
-138.202178 370.474848
-139.299853 370.424418
-140.399139 370.373981
-141.499957 370.323552
-142.602226 370.273145
-143.705862 370.222773
-144.810780 370.172454
-145.916896 370.122207
-147.024122 370.072051
-148.132372 370.022009
-149.241559 369.972102
-150.351595 369.922357
-151.462392 369.872800
-152.573863 369.823461
-153.685920 369.774372
-154.798476 369.725568
-155.911443 369.677085
-157.024734 369.628962
-158.138262 369.581241
-159.251938 369.533965
-160.365671 369.487180
-161.479372 369.440935
-162.592948 369.395280
-163.706306 369.350268
-164.819350 369.305954
-165.931981 369.262396
-167.044100 369.219653
-168.155606 369.177786
-169.266394 369.136855
-170.376357 369.096924
-171.485386 369.058053
-172.593369 369.020303
-173.700190 368.983736
-174.805731 368.948410
-175.909869 368.914386
-177.012479 368.881721
-178.113433 368.850472
-179.212596 368.820694
-180.309833 368.792443
-181.405003 368.765771
-182.497964 368.740731
-183.588568 368.717374
-184.676664 368.695749
-185.762098 368.675903
-186.844711 368.657884
-187.924341 368.641733
-189.000822 368.627492
-190.073983 368.615201
-191.143652 368.604896
-192.209650 368.596611
-193.271799 368.590378
-194.329916 368.586225
-195.383814 368.584179
-196.433304 368.584261
-197.478195 368.586490
-198.518294 368.590882
-199.553402 368.597451
-200.583321 368.606204
-201.607849 368.617150
-202.626783 368.630290
-203.639918 368.645625
-204.647049 368.663152
-205.647967 368.682865
-206.642464 368.704753
-207.630334 368.728805
-208.611369 368.755002
-209.585362 368.783327
-210.552107 368.813754
-211.511403 368.846257
-212.463051 368.880806
-213.406854 368.917364
-214.342621 368.955893
-215.270166 368.996347
-216.189307 369.038679
-217.099868 369.082836
-218.001681 369.128758
-218.894585 369.176384
-219.778425 369.225647
-220.653056 369.276476
-221.518341 369.328796
-222.374151 369.382530
-223.220370 369.437597
-224.056890 369.493914
-224.883615 369.551393
-225.700460 369.609946
-226.507352 369.669482
-227.304229 369.729904
-228.091040 369.791118
-228.867748 369.853023
-229.634325 369.915520
-230.390755 369.978503
-231.137035 370.041866
-231.873170 370.105502
-232.599179 370.169300
-233.315092 370.233144
-234.020948 370.296921
-234.716797 370.360510
-235.402698 370.423789
-236.078719 370.486633
-236.744937 370.548912
-237.401435 370.610496
-238.048305 370.671247
-238.685648 370.731026
-239.313567 370.789691
-239.932175 370.847094
-240.541588 370.903084
-241.141932 370.957502
-241.733332 371.010188
-242.315923 371.060975
-242.889841 371.109688
-243.455224 371.156149
-244.012218 371.200173
-244.560971 371.241566
-245.101632 371.280131
-245.634355 371.315662
-246.159299 371.347946
-246.676621 371.376766
-247.186483 371.401895
-247.689046 371.423101
-248.184471 371.440145
-248.672922 371.452784
-249.154559 371.460767
-249.629543 371.463838
-250.098032 371.461738
-250.560184 371.454200
-251.016152 371.440952
-251.466087 371.421720
-251.910135 371.396222
-252.348439 371.364170
-252.781133 371.325275
-253.208349 371.279242
-253.630210 371.225771
-254.046833 371.164557
-254.458327 371.095294
-254.864790 371.017671
-255.266316 370.931375
-255.662988 370.836089
-256.054880 370.731496
-256.442059 370.617275
-256.824582 370.493107
-257.202501 370.358670
-257.575854 370.213643
-257.944677 370.057709
-258.308994 369.890550
-258.668825 369.711851
-259.024181 369.521301
-259.375068 369.318594
-259.721489 369.103427
-260.063440 368.875505
-260.400913 368.634539
-260.733899 368.380245
-261.062382 368.112351
-261.386345 367.830588
-261.705771 367.534699
-262.020636 367.224437
-262.330919 366.899563
-262.636594 366.559853
-262.937638 366.205092
-263.234024 365.835078
-263.525727 365.449623
-263.812722 365.048553
-264.094984 364.631708
-264.372488 364.198943
-264.645206 363.750129
-264.913110 363.285152
-265.176170 362.803915
-265.434357 362.306338
-265.687637 361.792358
-265.935979 361.261928
-266.179346 360.715020
-266.417706 360.151622
-266.651021 359.571740
-266.879256 358.975396
-267.102374 358.362628
-267.320338 357.733494
-267.533109 357.088067
-267.740652 356.426439
-267.942930 355.748717
-268.139907 355.055027
-268.331552 354.345512
-268.517833 353.620327
-268.698720 352.879647
-268.874188 352.123659
-269.044214 351.352565
-269.208779 350.566584
-269.367866 349.765943
-269.521462 348.950888
-269.669559 348.121671
-269.812151 347.278559
-269.949237 346.421828
-270.080818 345.551764
-270.206900 344.668660
-270.327490 343.772817
-270.442598 342.864543
-270.552239 341.944152
-270.656428 341.011964
-270.755181 340.068299
-270.848517 339.113485
-270.936454 338.147850
-271.019013 337.171723
-271.096211 336.185436
-271.168070 335.189320
-271.234607 334.183707
-271.295843 333.168927
-271.351793 332.145311
-271.402476 331.113186
-271.447907 330.072875
-271.488100 329.024701
-271.523069 327.968980
-271.552822 326.906025
-271.577368 325.836143
-271.596714 324.759638
-271.610862 323.676805
-271.619817 322.587934
-271.623580 321.493309
-271.622153 320.393204
-271.615537 319.287889
-271.603733 318.177623
-271.586738 317.062658
-271.564554 315.943238
-271.537177 314.819598
-271.504607 313.691965
-271.466843 312.560557
-271.423881 311.425585
-271.375720 310.287250
-271.322358 309.145743
-271.263794 308.001248
-271.200024 306.853938
-271.131046 305.703978
-271.056858 304.551524
-270.977455 303.396724
-270.892834 302.239718
-270.802991 301.080637
-270.707918 299.919606
-270.607612 298.756741
-270.502065 297.592152
-270.391270 296.425941
-270.275219 295.258205
-270.153904 294.089034
-270.027316 292.918513
-269.895446 291.746723
-269.758283 290.573740
-269.615818 289.399634
-269.468040 288.224476
-269.314941 287.048328
-269.156509 285.871254
-268.992734 284.693313
-268.823607 283.514562
-268.649118 282.335057
-268.469258 281.154850
-268.284019 279.973994
-268.093394 278.792540
-267.897375 277.610537
-267.695958 276.428035
-267.489138 275.245081
-267.276912 274.061722
-267.059276 272.878007
-266.836230 271.693982
-266.607774 270.509695
-266.373908 269.325194
-266.134636 268.140526
-265.889964 266.955740
-265.639896 265.770885
-265.384439 264.586011
-265.123603 263.401168
-264.857396 262.216408
-264.585830 261.031783
-264.308915 259.847345
-264.026665 258.663148
-263.739094 257.479244
-263.446216 256.295687
-263.148048 255.112532
-262.844606 253.929832
-262.535909 252.747642
-262.221974 251.566017
-261.902820 250.385012
-261.578467 249.204682
-261.248935 248.025083
-260.914243 246.846271
-260.574411 245.668303
-260.229462 244.491235
-259.879414 243.315124
-259.524289 242.140026
-259.164109 240.965998
-258.798894 239.793095
-258.428666 238.621375
-258.053446 237.450892
-257.673254 236.281703
-257.288112 235.113862
-256.898041 233.947424
-256.503062 232.782442
-256.103195 231.618968
-255.698462 230.457053
-255.288881 229.296748
-254.874473 228.138101
-254.455257 226.981160
-254.031253 225.825971
-253.602480 224.672579
-253.168956 223.521028
-252.730700 222.371359
-252.287730 221.223613
-251.840064 220.077827
-251.387716 218.934040
-250.930704 217.792286
-250.469043 216.652598
-250.002748 215.515010
-249.531831 214.379551
-249.056307 213.246250
-248.576187 212.115133
-248.091483 210.986227
-247.602203 209.859554
-247.108358 208.735135
-246.609955 207.612990
-246.107002 206.493136
-245.599505 205.375589
-245.087471 204.260363
-244.570904 203.147472
-244.049808 202.036927
-243.524188 200.928742
-242.994045 199.822928
-242.459383 198.719499
-241.920201 197.618466
-241.376501 196.519841
-240.828281 195.423636
-240.275542 194.329862
-239.718281 193.238532
-239.156497 192.149657
-238.590189 191.063248
-238.019354 189.979317
-237.443991 188.897876
-236.864096 187.818934
-236.279668 186.742502
-235.690703 185.668590
-235.097199 184.597207
-234.499151 183.528364
-233.896555 182.462068
-233.289407 181.398328
-232.677703 180.337152
-232.061438 179.278547
-231.440605 178.222519
-230.815198 177.169075
-230.185210 176.118220
-229.550633 175.069960
-228.911461 174.024298
-228.267684 172.981238
-227.619292 171.940783
-226.966277 170.902935
-226.308628 169.867697
-225.646334 168.835068
-224.979386 167.805048
-224.307772 166.777639
-223.631482 165.752838
-222.950505 164.730643
-222.264831 163.711054
-221.574450 162.694066
-220.879353 161.679676
-220.179530 160.667879
-219.474974 159.658671
-218.765677 158.652045
-218.051634 157.647997
-217.332839 156.646518
-216.609289 155.647603
-215.880982 154.651245
-215.147914 153.657435
-214.410086 152.666166
-213.667498 151.677429
-212.920152 150.691215
-212.168051 149.707511
-211.411197 148.726305
-210.649598 147.747580
-209.883259 146.771321
-209.112188 145.797509
-208.336396 144.826122
-207.555892 143.857139
-206.770690 142.890537
-205.980803 141.926289
-205.186247 140.964369
-204.387037 140.004746
-203.583193 139.047390
-202.774734 138.092270
-201.961682 137.139353
-201.144059 136.188604
-200.321892 135.239987
-199.495209 134.293466
-198.664039 133.349002
-197.828417 132.406555
-196.988376 131.466087
-196.143955 130.527556
-195.295193 129.590922
-194.442134 128.656144
-193.584824 127.723179
-192.723309 126.791985
-191.857643 125.862520
-190.987878 124.934740
-190.114072 124.008603
-189.236285 123.084065
-188.354579 122.161083
-187.469021 121.239614
-186.579677 120.319614
-185.686618 119.401042
-184.789915 118.483854
-183.889643 117.568010
-182.985875 116.653466
-182.078689 115.740184
-181.168163 114.828121
-180.254376 113.917238
-179.337409 113.007496
-178.417342 112.098854
-177.494258 111.191275
-176.568238 110.284719
-175.639367 109.379148
-174.707725 108.474526
-173.773397 107.570814
-172.836465 106.667976
-171.897011 105.765976
-170.955118 104.864778
-170.010869 103.964349
-169.064346 103.064653
-168.115631 102.165658
-167.164806 101.267332
-166.211951 100.369643
-165.257147 99.472561
-164.300475 98.576056
-163.342013 97.680100
-162.381839 96.784665
-161.420030 95.889725
-160.456663 94.995253
-159.491813 94.101227
-158.525553 93.207622
-157.557955 92.314415
-156.589091 91.421586
-155.619030 90.529113
-154.647837 89.636978
-153.675577 88.745163
-152.702312 87.853650
-151.728103 86.962423
-150.753006 86.071468
-149.777077 85.180769
-148.800368 84.290312
-147.822929 83.400084
-146.844807 82.510072
-145.866048 81.620262
-144.886693 80.730645
-143.906783 79.841207
-142.926354 78.951940
-141.945440 78.062833
-140.964074 77.173878
-139.982284 76.285064
-139.000097 75.396386
-138.017539 74.507833
-137.034632 73.619399
-136.051398 72.731076
-135.067859 71.842857
-134.084032 70.954735
-133.099937 70.066703
-132.115589 69.178756
-131.131003 68.290886
-130.146195 67.403091
-129.161179 66.515367
-128.175969 65.627709
-127.190578 64.740117
-126.205020 63.852589
-125.219308 62.965125
-124.233459 62.077725
-123.247487 61.190392
-122.261408 60.303129
-121.275238 59.415941
-120.288995 58.528835
-119.302695 57.641819
-118.316358 56.754903
-117.330004 55.868098
-116.343653 54.981420
-115.357330 54.094883
-114.371059 53.208509
-113.384866 52.322316
-112.398779 51.436329
-111.412830 50.550574
-110.427052 49.665081
-109.441480 48.779883
-108.456153 47.895014
-107.471112 47.010514
-106.486401 46.126426
-105.502068 45.242795
-104.518163 44.359670
-103.534739 43.477104
-102.551852 42.595152
-101.569563 41.713878
-100.587932 40.833345
-99.607025 39.953624
-98.626911 39.074790
-97.647659 38.196923
-96.669343 37.320109
-95.692038 36.444440
-94.715822 35.570012
-93.740774 34.696929
-92.766975 33.825301
-91.794512 32.955245
-90.823470 32.086884
-89.853937 31.220349
-88.886005 30.355779
-87.919766 29.493320
-86.955312 28.633127
-85.992741 27.775362
-85.032149 26.920198
-84.073635 26.067813
-83.117302 25.218397
-82.163251 24.372148
-81.211587 23.529271
-80.262417 22.689980
-79.315848 21.854498
-78.371988 21.023056
-77.430947 20.195892
-76.492836 19.373252
-75.557763 18.555390
-74.625839 17.742565
-73.697174 16.935044
-72.771878 16.133099
-71.850060 15.337010
-70.931830 14.547060
-70.017294 13.763540
-69.106561 12.986745
-68.199734 12.216974
-67.296916 11.454529
-66.398208 10.699717
-65.503709 9.952847
-64.613513 9.214230
-63.727715 8.484178
-62.846403 7.763006
-61.969663 7.051027
-61.097578 6.348555
-60.230227 5.655904
-59.367684 4.973386
-58.510024 4.301312
-57.657313 3.639992
-56.809619 2.989731
-55.967006 2.350833
-55.129533 1.723595
-54.297261 1.108312
-53.470247 0.505272
-52.648548 -0.085244
-51.832219 -0.662962
-51.021315 -1.227615
-50.215891 -1.778946
-49.416001 -2.316708
-48.621699 -2.840664
-47.833039 -3.350588
-47.050075 -3.846268
-46.272862 -4.327502
-45.501452 -4.794105
-44.735900 -5.245905
-43.976259 -5.682746
-43.222584 -6.104488
-42.474926 -6.511009
-41.733336 -6.902203
-40.997866 -7.277985
-40.268563 -7.638285
-39.545473 -7.983054
-38.828642 -8.312262
-38.118110 -8.625896
-37.413917 -8.923963
-36.716100 -9.206490
-36.024695 -9.473519
-35.339733 -9.725112
-34.661248 -9.961347
-33.989270 -10.182319
-33.323827 -10.388139
-32.664949 -10.578931
-32.012662 -10.754838
-31.366993 -10.916014
-30.727970 -11.062628
-30.095618 -11.194863
-29.469964 -11.312911
-28.851037 -11.416976
-28.238865 -11.507273
-27.633477 -11.584025
-27.034907 -11.647464
-26.443185 -11.697826
-25.858348 -11.735358
-25.280432 -11.760309
-24.709476 -11.772933
-24.145519 -11.773488
-23.588605 -11.762237
-23.038777 -11.739442
-22.496077 -11.705368
-21.960551 -11.660278
-21.432243 -11.604437
-20.911195 -11.538106
-20.397449 -11.461543
-19.891043 -11.375004
-19.392012 -11.278737
-18.900390 -11.172986
-18.416206 -11.057987
-17.939486 -10.933969
-17.470253 -10.801152
-17.008526 -10.659747
-16.554319 -10.509955
-16.107644 -10.351965
-15.668506 -10.185955
-15.236909 -10.012089
-14.812852 -9.830516
-14.396329 -9.641373
-13.987334 -9.444779
-13.585857 -9.240838
-13.191884 -9.029637
-12.805401 -8.811248
-12.426393 -8.585723
-12.054844 -8.353099
-11.690737 -8.113396
-11.334055 -7.866615
-10.984784 -7.612742
-10.642905 -7.351746
-10.308404 -7.083578
-9.981263 -6.808175
-9.661466 -6.525459
-9.348996 -6.235337
-9.043836 -5.937704
-8.745968 -5.632441
-8.455371 -5.319418
-8.172026 -4.998493
-7.895912 -4.669516
-7.627004 -4.332326
-7.365278 -3.986755
-7.110707 -3.632627
-6.863258 -3.269761
-6.622899 -2.897971
-6.389589 -2.517068
-6.163289 -2.126858
-5.943952 -1.727146
-5.731528 -1.317736
-5.525964 -0.898432
-5.327201 -0.469037
-5.135177 -0.029355
-4.949826 0.420808
-4.771081 0.881642
-4.598867 1.353335
-4.433113 1.836071
-4.273741 2.330026
-4.120676 2.835372
-3.973841 3.352276
-3.833156 3.880893
-3.698544 4.421373
-3.569927 4.973857
-3.447226 5.538475
-3.330363 6.115349
-3.219258 6.704590
-3.113834 7.306299
-3.014011 7.920566
-2.919712 8.547469
-2.830859 9.187072
-2.747371 9.839429
-2.669172 10.504579
-2.596180 11.182546
-2.528317 11.873342
-2.465500 12.576966
-2.407645 13.293400
-2.354668 14.022615
-2.306482 14.764566
-2.262997 15.519196
-2.224120 16.286435
-2.189756 17.066199
-2.159808 17.858392
-2.134176 18.662904
-2.112757 19.479614
-2.095399 20.307588
-2.081950 21.145869
-2.072254 21.993483
-2.066151 22.849435
-2.063482 23.712712
-2.064084 24.582282
-2.067795 25.457098
-2.074448 26.336092
-2.083879 27.218184
-2.095920 28.102275
-2.110407 28.987253
-2.127176 29.871993
-2.146062 30.755351
-2.166904 31.636177
-2.189541 32.513302
-2.213814 33.385549
-2.239567 34.251727
-2.266644 35.110632
-2.294894 35.961053
-2.324165 36.801765
-2.354308 37.631533
-2.385176 38.449114
-2.416623 39.253254
-2.448505 40.042690
-2.479687 40.799169
-2.510062 41.521978
-2.539521 42.210401
-2.567959 42.863727
-2.595272 43.481247
-2.621357 44.062256
-2.646115 44.606051
-2.669445 45.111932
-2.691250 45.579202
-2.711435 46.007171
-2.729907 46.395150
-2.746573 46.742456
-2.761344 47.048412
-2.774132 47.312346
-2.784853 47.533589
-2.793424 47.711482
-2.799763 47.845367
-2.803795 47.934596
-2.805443 47.978526
-2.804636 47.976518
-2.801304 47.927941
-2.795381 47.832169
-2.786805 47.688579
-2.775515 47.496558
-2.727512 46.675744
-2.678331 45.833264
-2.627990 44.969794
-2.576516 44.086025
-2.523934 43.182663
-2.470275 42.260430
-2.415571 41.320059
-2.359858 40.362301
-2.303173 39.387919
-2.245555 38.397691
-2.187047 37.392408
-2.127692 36.372875
-2.067536 35.339911
-2.006626 34.294349
-1.945010 33.237033
-1.882736 32.168823
-1.819856 31.090590
-1.756421 30.003219
-1.692484 28.907607
-1.628096 27.804667
-1.563314 26.695321
-1.498190 25.580505
-1.432783 24.461168
-1.367148 23.338273
