4.534784 4.770537
4.880066 5.061630
5.241410 5.358343
5.619245 5.660480
6.014000 5.967837
6.426104 6.280204
6.855987 6.597363
7.304075 6.919090
7.770795 7.245154
8.256572 7.575320
8.761831 7.909346
9.286996 8.246986
9.832487 8.587991
10.398724 8.932106
10.986125 9.279074
11.595107 9.628634
12.226082 9.980522
12.879464 10.334473
13.555660 10.690219
14.255078 11.047490
14.978122 11.406013
15.725193 11.765515
16.496689 12.125721
17.293009 12.486353
18.114544 12.847135
18.961684 13.207786
19.761477 13.463975
20.581556 13.713096
21.421973 13.954700
22.282761 14.188359
23.163944 14.413659
24.065528 14.630205
24.987509 14.837617
25.929868 15.035533
26.892573 15.223606
27.875580 15.401506
28.878833 15.568920
29.902263 15.725550
30.945789 15.871112
32.009319 16.005340
33.092749 16.127978
34.195963 16.238788
35.318834 16.337543
36.461223 16.424030
37.622981 16.498047
38.803946 16.559403
40.003947 16.607921
41.222799 16.643431
42.460310 16.665775
43.716274 16.674801
44.990475 16.670369
46.282688 16.652343
47.593581 16.622747
48.923014 16.581614
50.270841 16.528988
51.636915 16.464919
53.021088 16.389465
54.423204 16.302692
55.843109 16.204669
57.280644 16.095473
58.735646 15.975182
60.207952 15.843881
61.697393 15.701656
63.203802 15.548595
64.727005 15.384789
66.266828 15.210331
67.823095 15.025312
69.395627 14.829825
70.984244 14.623965
72.588764 14.407822
74.209002 14.181491
75.844773 13.945062
77.495886 13.698629
79.162153 13.442281
80.843380 13.176109
82.539373 12.900204
84.249939 12.614653
85.974881 12.319546
87.714004 12.014970
89.467111 11.701005
91.234006 11.377719
93.014490 11.045176
94.808367 10.703429
96.615438 10.352522
98.435505 9.992492
100.268366 9.623369
102.113823 9.245173
103.971673 8.857918
105.841715 8.461609
107.723745 8.056246
109.617559 7.641822
111.522955 7.218324
113.439726 6.785733
115.367668 6.344025
117.306576 5.893171
119.256244 5.433139
121.216466 4.963891
123.187038 4.485388
125.167751 3.997585
127.158402 3.500437
129.158783 2.993895
131.168688 2.477909
133.187914 1.952428
135.216253 1.417401
137.253503 0.872775
139.299458 0.318496
141.353917 -0.245488
143.416676 -0.819230
145.487534 -1.402781
147.566293 -1.996193
149.652753 -2.599516
151.746719 -3.212796
153.847995 -3.836079
155.956387 -4.469410
158.071707 -5.112831
160.193765 -5.766379
162.322375 -6.430092
164.457353 -7.104003
166.598518 -7.788146
168.745692 -8.482549
170.898699 -9.187239
173.057365 -9.902241
175.221522 -10.627578
177.391002 -11.363272
179.565642 -12.109340
181.745280 -12.865801
183.929760 -13.632671
186.118927 -14.409964
188.312629 -15.197693
190.510718 -15.995872
192.713048 -16.804512
194.919478 -17.623623
197.129868 -18.453217
199.344083 -19.293303
201.561989 -20.143890
203.783459 -21.004988
206.008365 -21.876605
208.236588 -22.758749
210.468007 -23.651428
212.702509 -24.554650
214.939982 -25.468423
217.180318 -26.392755
219.423413 -27.327654
221.669165 -28.273131
223.917475 -29.229192
226.168248 -30.195849
228.421391 -31.173109
230.676816 -32.160985
232.934434 -33.159487
235.194161 -34.168625
237.455916 -35.188411
239.719617 -36.218857
241.985187 -37.259974
244.252549 -38.311776
246.521628 -39.374274
248.792349 -40.447483
251.064640 -41.531414
253.338428 -42.626082
255.613643 -43.731500
257.890213 -44.847682
260.168067 -45.974641
262.447136 -47.112393
264.727347 -48.260953
267.008631 -49.420335
269.290916 -50.590554
271.574129 -51.771624
273.858197 -52.963560
276.143047 -54.166374
278.428604 -55.380077
280.714793 -56.604681
283.001535 -57.840193
285.288753 -59.086620
287.576370 -60.343967
289.864304 -61.612237
292.152475 -62.891428
294.440802 -64.181538
296.729204 -65.482561
299.017596 -66.794486
301.305898 -68.117300
303.594024 -69.450986
305.881891 -70.795522
308.169413 -72.150883
310.456507 -73.517037
312.743085 -74.893952
315.029061 -76.281585
317.314349 -77.679894
319.598860 -79.088827
321.882507 -80.508332
324.165200 -81.938347
326.446849 -83.378809
328.727365 -84.829647
331.006656 -86.290785
333.284634 -87.762143
335.561208 -89.243635
337.836286 -90.735169
340.109781 -92.236650
342.381602 -93.747975
344.651662 -95.269036
346.919872 -96.799722
349.186147 -98.339915
351.450401 -99.889492
353.712551 -101.448326
355.972516 -103.016286
358.230218 -104.593235
360.485581 -106.179031
362.738532 -107.773528
364.989002 -109.376576
367.236924 -110.988020
369.482236 -112.607699
371.724880 -114.235450
373.964802 -115.871105
376.201952 -117.514490
378.436286 -119.165428
380.667762 -120.823738
382.896345 -122.489237
385.122006 -124.161737
387.344719 -125.841046
389.564465 -127.526973
391.781229 -129.219321
393.995002 -130.917892
396.205781 -132.622488
398.413568 -134.332906
400.618370 -136.048945
402.820200 -137.770399
405.019077 -139.497064
407.215022 -141.228736
409.408064 -142.965210
411.598233 -144.706282
413.785564 -146.451748
415.970098 -148.201405
418.151877 -149.955052
420.330948 -151.712491
422.507362 -153.473524
424.681171 -155.237957
426.852432 -157.005598
429.021203 -158.776258
431.187547 -160.549751
433.351529 -162.325893
435.513216 -164.104507
437.672677 -165.885415
439.829985 -167.668446
441.985213 -169.453431
444.138436 -171.240206
446.289731 -173.028611
448.439177 -174.818489
450.586851 -176.609687
452.732832 -178.402059
454.877201 -180.195462
457.020038 -181.989758
459.161423 -183.784813
461.301437 -185.580498
463.440159 -187.376686
465.577670 -189.173259
467.714047 -190.970101
469.849367 -192.767101
471.983707 -194.564154
474.117141 -196.361158
476.249742 -198.158016
478.381581 -199.954639
480.512726 -201.750939
482.643244 -203.546837
484.773200 -205.342255
486.902656 -207.137123
489.031672 -208.931375
491.160303 -210.724949
493.288605 -212.517789
495.416627 -214.309842
497.544420 -216.101060
499.672027 -217.891399
501.799492 -219.680822
503.926853 -221.469294
506.054145 -223.256783
508.181402 -225.043265
510.308651 -226.828716
512.435918 -228.613117
514.563227 -230.396454
516.690597 -232.178713
518.818045 -233.959884
520.945587 -235.739961
523.073236 -237.518939
525.201002 -239.296815
527.328893 -241.073588
529.456917 -242.849257
531.585079 -244.623824
533.713383 -246.397292
535.841832 -248.169664
537.970424 -249.940944
540.099161 -251.711137
542.228039 -253.480249
544.357056 -255.248287
546.486207 -257.015256
548.615486 -258.781164
550.744886 -260.546018
552.874400 -262.309825
555.004020 -264.072594
557.133738 -265.834333
559.263544 -267.595050
561.393429 -269.354751
563.523382 -271.113444
565.653393 -272.871138
567.783451 -274.627841
569.913547 -276.383561
572.043668 -278.138305
574.173805 -279.892081
576.303945 -281.644898
578.434078 -283.396762
580.564193 -285.147681
582.694278 -286.897661
584.824322 -288.646709
586.954316 -290.394830
589.084247 -292.142029
591.214105 -293.888311
593.343881 -295.633680
595.473564 -297.378138
597.603145 -299.121687
599.732613 -300.864331
601.861961 -302.606068
603.991178 -304.346899
606.120257 -306.086824
608.249190 -307.825840
610.377969 -309.563945
612.506588 -311.301135
614.635040 -313.037406
616.763319 -314.772753
618.891422 -316.507170
621.019344 -318.240651
623.147081 -319.973189
625.274630 -321.704778
627.401987 -323.435410
629.529150 -325.165078
631.656117 -326.893773
633.782886 -328.621490
635.909454 -330.348220
638.035821 -332.073956
640.161984 -333.798693
642.287943 -335.522423
644.413696 -337.245140
646.539243 -338.966838
648.664583 -340.687510
650.789716 -342.407151
652.914641 -344.125756
655.039359 -345.843318
657.163870 -347.559832
659.288174 -349.275292
661.412272 -350.989691
663.536164 -352.703025
665.659851 -354.415286
667.783335 -356.126468
669.906617 -357.836566
672.029698 -359.545571
674.152578 -361.253477
676.275259 -362.960274
678.397742 -364.665955
680.520026 -366.370512
682.642115 -368.073934
684.764008 -369.776212
686.885708 -371.477338
689.007215 -373.177300
691.128531 -374.876089
693.249657 -376.573694
695.370596 -378.270107
697.491349 -379.965315
699.611919 -381.659311
701.732308 -383.352083
703.852518 -385.043623
705.972552 -386.733920
708.092411 -388.422965
710.212100 -390.110748
712.331622 -391.797262
714.450979 -393.482496
716.570175 -395.166442
718.689215 -396.849092
720.808101 -398.530438
722.926837 -400.210470
725.045427 -401.889181
727.163876 -403.566563
729.282188 -405.242608
731.400367 -406.917307
733.518417 -408.590652
735.636344 -410.262635
737.754152 -411.933248
739.871847 -413.602482
741.989433 -415.270329
744.106914 -416.936781
746.224296 -418.601829
748.341582 -420.265464
750.458777 -421.927678
752.575886 -423.588463
754.692911 -425.247809
756.809858 -426.905709
758.926731 -428.562153
761.043531 -430.217133
763.160264 -431.870641
765.276931 -433.522669
767.393536 -435.173209
769.510082 -436.822252
771.626570 -438.469791
773.743004 -440.115818
775.859386 -441.760324
777.975719 -443.403301
780.092005 -445.044743
782.208249 -446.684641
784.324453 -448.322987
786.440620 -449.959773
788.556755 -451.594992
790.672860 -453.228635
792.788941 -454.860693
794.905001 -456.491159
797.021044 -458.120024
799.137073 -459.747277
801.253094 -461.372910
803.369108 -462.996912
805.485120 -464.619274
807.601133 -466.239985
809.717149 -467.859033
811.833171 -469.476409
813.949201 -471.092100
816.065241 -472.706095
818.181291 -474.318381
820.297353 -475.928946
822.413426 -477.537777
824.529511 -479.144859
826.645606 -480.750180
828.761711 -482.353724
830.877825 -483.955477
832.993945 -485.555422
835.110069 -487.153543
837.226194 -488.749825
839.342317 -490.344249
841.458433 -491.936798
843.574540 -493.527452
845.690631 -495.116192
847.806702 -496.702999
849.922749 -498.287851
852.038767 -499.870728
854.154751 -501.451607
856.270696 -503.030468
858.386597 -504.607287
860.502449 -506.182041
862.618248 -507.754709
864.733987 -509.325266
866.849662 -510.893691
868.965269 -512.459961
871.080802 -514.024054
873.196258 -515.585947
875.311632 -517.145618
877.426919 -518.703047
879.542115 -520.258213
881.657215 -521.811096
883.772214 -523.361676
885.887107 -524.909936
888.001888 -526.455856
890.116551 -527.999422
892.231090 -529.540616
894.345499 -531.079424
896.459771 -532.615832
898.573899 -534.149825
900.687875 -535.681393
902.801691 -537.210524
904.915340 -538.737209
907.028814 -540.261437
909.142105 -541.783200
911.255205 -543.302491
913.368106 -544.819302
915.480801 -546.333625
917.593282 -547.845456
919.705542 -549.354788
921.817573 -550.861617
923.929370 -552.365939
926.040926 -553.867749
928.152234 -555.367045
930.263287 -556.863824
932.374081 -558.358085
934.484608 -559.849826
936.594863 -561.339048
938.704840 -562.825750
940.814533 -564.309935
942.923935 -565.791605
945.033041 -567.270763
947.141844 -568.747415
949.250339 -570.221565
951.358521 -571.693221
953.466383 -573.162390
955.573919 -574.629081
957.681122 -576.093302
959.787986 -577.555064
961.894504 -579.014377
964.000669 -580.471252
966.106474 -581.925700
968.211912 -583.377731
970.316976 -584.827357
972.421658 -586.274587
974.525952 -587.719433
976.629847 -589.161903
978.733338 -590.602008
980.836414 -592.039757
982.939068 -593.475158
985.041291 -594.908218
987.143074 -596.338946
989.244409 -597.767348
991.345288 -599.193430
993.445702 -600.617197
995.545643 -602.038653
997.645103 -603.457802
999.744075 -604.874646
1001.842553 -606.289188
1003.940530 -607.701429
1006.038001 -609.111369
1008.134960 -610.519009
1010.231405 -611.924346
1012.327330 -613.327381
1014.422734 -614.728112
1016.517614 -616.126538
1018.611968 -617.522658
1020.705796 -618.916469
1022.799097 -620.307969
1024.891872 -621.697157
1026.984122 -623.084031
1029.075849 -624.468589
1031.167057 -625.850830
1033.257747 -627.230754
1035.347926 -628.608358
1037.437599 -629.983643
1039.526772 -631.356608
1041.615453 -632.727255
1043.703652 -634.095585
1045.791378 -635.461598
1047.878644 -636.825296
1049.965462 -638.186681
1052.051847 -639.545754
1054.137814 -640.902518
1056.223381 -642.256975
1058.308567 -643.609128
1060.393390 -644.958979
1062.477874 -646.306533
1064.562042 -647.651794
1066.645918 -648.994768
1068.729530 -650.335459
1070.812904 -651.673876
1072.896068 -653.010027
1074.979054 -654.343921
1077.061894 -655.675568
1079.144620 -657.004981
1081.227268 -658.332173
1083.309875 -659.657157
1085.392477 -660.979949
1087.475115 -662.300566
1089.557829 -663.619027
1091.640661 -664.935350
1093.723655 -666.249556
1095.806855 -667.561667
1097.890308 -668.871706
1099.974058 -670.179698
1102.058156 -671.485667
1104.142648 -672.789640
1106.227583 -674.091647
1108.313013 -675.391715
1110.398986 -676.689876
1112.485554 -677.986160
1114.572767 -679.280601
1116.660678 -680.573231
1118.749338 -681.864083
1120.838800 -683.153194
1122.929115 -684.440597
1125.020337 -685.726329
1127.112519 -687.010427
1129.205715 -688.292928
1131.299977 -689.573870
1133.395361 -690.853290
1135.491920 -692.131226
1137.589708 -693.407717
1139.688781 -694.682801
1141.789194 -695.956515
1143.891000 -697.228897
1145.994253 -698.499982
1148.099008 -699.769808
1150.205318 -701.038409
1152.313237 -702.305822
1154.422817 -703.572081
1156.534111 -704.837221
1158.647169 -706.101276
1160.762042 -707.364280
1162.878780 -708.626264
1164.997432 -709.887261
1167.118045 -711.147301
1169.240666 -712.406415
1171.365340 -713.664630
1173.492113 -714.921976
1175.621027 -716.178478
1177.752125 -717.434163
1179.885449 -718.689053
1182.021039 -719.943174
1184.158933 -721.196545
1186.299170 -722.449189
1188.441784 -723.701124
1190.586811 -724.952368
1192.734284 -726.202938
1194.884234 -727.452851
1197.036691 -728.702119
1199.191684 -729.950757
1201.349238 -731.198777
1203.509380 -732.446190
1205.672132 -733.693006
1207.837517 -734.939233
1210.005553 -736.184878
1212.176260 -737.429949
1214.349653 -738.674449
1216.525747 -739.918382
1218.704555 -741.161750
1220.886088 -742.404553
1223.070355 -743.646792
1225.257362 -744.888464
1227.447116 -746.129565
1229.639618 -747.370092
1231.834871 -748.610038
1234.032874 -749.849397
1236.233624 -751.088158
1238.437114 -752.326313
1240.643338 -753.563850
1242.852286 -754.800758
1245.063944 -756.037023
1247.278300 -757.272631
1249.495335 -758.507567
1251.715031 -759.741816
1253.937368 -760.975360
1256.162324 -762.208185
1258.389873 -763.440271
1260.619989 -764.671601
1262.852642 -765.902156
1265.087803 -767.131915
1267.325440 -768.360860
1269.565519 -769.588970
1271.808005 -770.816225
1274.052863 -772.042603
1276.300054 -773.268084
1278.549538 -774.492646
1280.801277 -775.716268
1283.055228 -776.938929
1285.311347 -778.160607
1287.569591 -779.381281
1289.829913 -780.600929
1292.092268 -781.819530
1294.356607 -783.037060
1296.622882 -784.253499
1298.891042 -785.468824
1301.161039 -786.683013
1303.432819 -787.896044
1305.706331 -789.107893
1307.981522 -790.318537
1310.258338 -791.527953
1312.536725 -792.736118
1314.816628 -793.943007
1317.097992 -795.148595
1319.380762 -796.352859
1321.664881 -797.555773
1323.950295 -798.757313
1326.236946 -799.957453
1328.524780 -801.156170
1330.813740 -802.353437
1333.103772 -803.549232
1335.394818 -804.743528
1337.686825 -805.936302
1339.979736 -807.127530
1342.273497 -808.317186
1344.568051 -809.505249
1346.863346 -810.691694
1349.159326 -811.876497
1351.455937 -813.059637
1353.753126 -814.241089
1356.050839 -815.420833
1358.349025 -816.598846
1360.647630 -817.775105
1362.946604 -818.949590
1365.245894 -820.122279
1367.545451 -821.293150
1369.845223 -822.462184
1372.145162 -823.629360
1374.445218 -824.794657
1376.745342 -825.958056
1379.045487 -827.119537
1381.345605 -828.279081
1383.645647 -829.436669
1385.945566 -830.592281
1388.245314 -831.745899
1390.544845 -832.897504
1392.844111 -834.047076
1395.143064 -835.194597
1397.441659 -836.340048
1399.739847 -837.483410
1402.037583 -838.624663
1404.334819 -839.763790
1406.631508 -840.900772
1408.927604 -842.035590
1411.223061 -843.168228
1413.517830 -844.298668
1415.811866 -845.426893
1418.105121 -846.552887
1420.397550 -847.676634
1422.689106 -848.798120
1424.979744 -849.917331
1427.269417 -851.034253
1429.558079 -852.148874
1431.845684 -853.261183
1434.132188 -854.371171
1436.417544 -855.478826
1438.701706 -856.584143
1440.984629 -857.687112
1443.266266 -858.787730
1445.546572 -859.885990
1447.825501 -860.981890
1450.103007 -862.075427
1452.379043 -863.166600
1454.653564 -864.255411
1456.926525 -865.341862
1459.197880 -866.425955
1461.467584 -867.507696
1463.735591 -868.587091
1466.001856 -869.664148
1468.266335 -870.738878
1470.528982 -871.811289
1472.789752 -872.881397
1475.048601 -873.949214
1477.305483 -875.014756
1479.560352 -876.078042
1481.813165 -877.139090
1484.063874 -878.197919
1486.312436 -879.254553
1488.558804 -880.309015
1490.802933 -881.361329
1493.044776 -882.411522
1495.284288 -883.459623
1497.521425 -884.505660
1499.756140 -885.549665
1501.988389 -886.591671
1504.218128 -887.631711
1506.445312 -888.669823
1508.669899 -889.706042
1510.891844 -890.740408
1513.111107 -891.772961
1515.327645 -892.803742
1517.541419 -893.832794
1519.752388 -894.860161
1521.960515 -895.885886
1524.165762 -896.910014
1526.368092 -897.932592
1528.567469 -898.953665
1530.763858 -899.973280
1532.957226 -900.991483
1535.147539 -902.008321
1537.334765 -903.023842
1539.518871 -904.038093
1541.699826 -905.051121
1543.877601 -906.062973
1546.052166 -907.073694
1548.223492 -908.083330
1550.391554 -909.091926
1552.556324 -910.099525
1554.717778 -911.106170
1556.875891 -912.111902
1559.030641 -913.116761
1561.182007 -914.120783
1563.329969 -915.124006
1565.474506 -916.126463
1567.615603 -917.128185
1569.753242 -918.129202
1571.887410 -919.129542
1574.018094 -920.129227
1576.145282 -921.128281
1578.268965 -922.126721
1580.389137 -923.124565
1582.505791 -924.121825
1584.618925 -925.118512
1586.728536 -926.114633
1588.834626 -927.110194
1590.937195 -928.105195
1593.036248 -929.099636
1595.131791 -930.093510
1597.223831 -931.086811
1599.312378 -932.079529
1601.397443 -933.071648
1603.479038 -934.063151
1605.557179 -935.054020
1607.631880 -936.044230
1609.703158 -937.033757
1611.771033 -938.022571
1613.835523 -939.010642
1615.896649 -939.997936
1617.954432 -940.984418
1620.008894 -941.970048
1622.060055 -942.954788
1624.107937 -943.938594
1626.152562 -944.921425
1628.193949 -945.903233
1630.232119 -946.883974
1632.267092 -947.863598
1634.298887 -948.842057
1636.327520 -949.819300
1638.353010 -950.795276
1640.375372 -951.769932
1642.394621 -952.743215
1644.410770 -953.715070
1646.423831 -954.685442
1648.433816 -955.654275
1650.440732 -956.621512
1652.444586 -957.587096
1654.445381 -958.550970
1656.443119 -959.513078
1658.437798 -960.473362
1660.429414 -961.431767
1662.417959 -962.388238
1664.403421 -963.342722
1666.385784 -964.295167
1668.365031 -965.245523
1670.341135 -966.193743
1672.314069 -967.139782
1674.283799 -968.083599
1676.250284 -969.025155
1678.213479 -969.964416
1680.173334 -970.901352
1682.129791 -971.835937
1684.082786 -972.768148
1686.032250 -973.697969
1687.978106 -974.625389
1689.920271 -975.550401
1691.858656 -976.473004
1693.793164 -977.393205
1695.723692 -978.311015
1697.650130 -979.226453
1699.572361 -980.139545
1701.490261 -981.050324
1703.403696 -981.958828
1705.312529 -982.865107
1707.216610 -983.769213
1709.115785 -984.671210
1711.009891 -985.571166
1712.898756 -986.469158
1714.782199 -987.365271
1716.660035 -988.259598
1718.532066 -989.152236
1720.398089 -990.043293
1722.257893 -990.932883
1724.111257 -991.821127
1725.957956 -992.708154
1727.797755 -993.594100
1729.630410 -994.479111
1731.455671 -995.363337
1733.273281 -996.246939
1735.082973 -997.130083
1736.884474 -998.012945
1738.677503 -998.895707
1740.461768 -999.778561
1742.236975 -1000.661704
1744.002818 -1001.545345
1745.758986 -1002.429698
1747.505161 -1003.314984
1749.241016 -1004.201435
1750.966220 -1005.089287
1752.680434 -1005.978786
1754.383312 -1006.870181
1756.074503 -1007.763730
1757.753650 -1008.659696
1759.420388 -1009.558346
1761.074350 -1010.459950
1762.715162 -1011.364786
1764.342445 -1012.273129
1765.955817 -1013.185262
1767.554888 -1014.101464
1769.139269 -1015.022019
1770.708561 -1015.947208
1772.262365 -1016.877312
1773.800277 -1017.812610
1775.321888 -1018.753377
1776.826788 -1019.699886
1778.314563 -1020.652405
1779.784795 -1021.611197
1781.237063 -1022.576518
1782.670946 -1023.548615
1784.086017 -1024.527729
1785.481849 -1025.514090
1786.858014 -1026.507919
1788.214083 -1027.509427
1789.549626 -1028.518811
1790.864213 -1029.536258
1792.157414 -1030.561940
1793.428802 -1031.596016
1794.677948 -1032.638630
1795.904426 -1033.689911
1797.107814 -1034.749973
1798.287690 -1035.818912
1799.443639 -1036.896810
1800.575247 -1037.983730
1801.682103 -1039.079716
1802.763803 -1040.184794
1803.819947 -1041.298973
1804.850139 -1042.422239
1805.853990 -1043.554560
1806.831118 -1044.695882
1807.781146 -1045.846131
1808.703706 -1047.005212
1809.598437 -1048.173007
1810.464988 -1049.349377
1811.303015 -1050.534162
1812.112182 -1051.727175
1812.892165 -1052.928211
1813.642648 -1054.137039
1814.363326 -1055.353407
1815.053903 -1056.577039
1815.714095 -1057.807637
1816.343630 -1059.044881
1816.942247 -1060.288427
1817.509696 -1061.537912
1818.045742 -1062.792951
1818.550161 -1064.053138
1819.022742 -1065.318049
1819.463289 -1066.587241
1819.871620 -1067.860252
1820.247565 -1069.136602
1820.590975 -1070.415798
1820.901710 -1071.697329
1821.179654 -1072.980673
1821.424702 -1074.265293
1821.636769 -1075.550642
1821.815786 -1076.836161
1821.961701 -1078.121282
1822.074480 -1079.405427
1822.154108 -1080.688016
1822.200587 -1081.968460
1822.213939 -1083.246168
1822.194204 -1084.520546
1822.141438 -1085.790997
1822.055718 -1087.056927
1821.937138 -1088.317741
1821.785810 -1089.572846
1821.601866 -1090.821654
1821.385456 -1092.063583
1821.136747 -1093.298056
1820.855928 -1094.524504
1820.543201 -1095.742366
1820.198788 -1096.951092
1819.822928 -1098.150142
1819.415876 -1099.338986
1818.977907 -1100.517111
1818.509311 -1101.684014
1818.010394 -1102.839207
1817.481480 -1103.982221
1816.922908 -1105.112599
1816.335034 -1106.229904
1815.718229 -1107.333715
1815.072878 -1108.423631
1814.399383 -1109.499268
1813.698157 -1110.560262
1812.969629 -1111.606268
1812.214242 -1112.636963
1811.432452 -1113.652041
1810.624727 -1114.651217
1809.791549 -1115.634227
1808.933410 -1116.600829
1808.050816 -1117.550797
1807.144281 -1118.483927
1806.214331 -1119.400037
1805.261505 -1120.298962
1804.286346 -1121.180555
1803.289410 -1122.044690
1802.271261 -1122.891256
1801.232471 -1123.720161
1800.173620 -1124.531330
1799.095294 -1125.324701
1797.998086 -1126.100230
1796.882594 -1126.857883
1795.749421 -1127.597642
1794.599175 -1128.319498
1793.432468 -1129.023456
1792.249917 -1129.709530
1791.052143 -1130.377741
1789.839772 -1131.028122
1788.613430 -1131.660709
1787.373749 -1132.275546
1786.121362 -1132.872679
1784.856904 -1133.452159
1783.581016 -1134.014039
1782.294338 -1134.558372
1780.997512 -1135.085215
1779.691185 -1135.594619
1778.376000 -1136.086638
1777.052605 -1136.561319
1775.721647 -1137.018706
1774.383771 -1137.458839
1773.039628 -1137.881752
1771.689865 -1138.287470
1770.335130 -1138.676013
1768.976075 -1139.047392
1767.613346 -1139.401609
1766.247594 -1139.738657
1764.879468 -1140.058517
1763.509617 -1140.361163
1762.138689 -1140.646555
1760.767332 -1140.914645
1759.396195 -1141.165372
1758.025924 -1141.398664
1756.657167 -1141.614440
1755.290571 -1141.812605
1753.926782 -1141.993058
1752.566448 -1142.155684
1751.210214 -1142.300361
1749.858728 -1142.426958
1748.512637 -1142.535333
1747.172590 -1142.625339
1745.839235 -1142.696821
1744.513220 -1142.749615
1743.195198 -1142.783554
1741.885818 -1142.798466
1740.585733 -1142.794173
1739.295594 -1142.770496
1738.016054 -1142.727254
1736.747764 -1142.664264
1735.491376 -1142.581344
1734.247540 -1142.478312
1733.016906 -1142.354990
1731.800124 -1142.211200
1730.597842 -1142.046773
1729.410704 -1141.861543
1728.239354 -1141.655349
1727.084429 -1141.428037
1725.946566 -1141.179463
1724.826392 -1140.909490
1723.724533 -1140.617991
1722.641606 -1140.304851
1721.578225 -1139.969966
1720.534994 -1139.613245
1719.498771 -1139.226084
1718.456398 -1138.799903
1717.394697 -1138.326151
1716.300473 -1137.796299
1715.160512 -1137.201848
1713.961578 -1136.534324
1712.690417 -1135.785283
1711.333752 -1134.946309
1709.878286 -1134.009014
1708.310700 -1132.965043
1706.617652 -1131.806068
1704.785773 -1130.523791
1702.801673 -1129.109945
1700.651935 -1127.556295
1698.323116 -1125.854633
1695.801746 -1123.996785
1693.074327 -1121.974604
1690.127336 -1119.779974
1686.947218 -1117.404811
1683.520390 -1114.841054
1679.833238 -1112.080675
1675.872117 -1109.115673
1671.623351 -1105.938070
1667.073231 -1102.539918
1661.867304 -1098.696750
1656.005336 -1094.409451
1649.487062 -1089.678921
1642.312188 -1084.506069
1634.480389 -1078.891818
1625.991313 -1072.837100
1616.844572 -1066.342855
1607.039754 -1059.410031
1596.576412 -1052.039585
1585.454071 -1044.232475
1573.672226 -1035.989669
1561.230345 -1027.312137
1548.127865 -1018.200849
1534.364196 -1008.656780
1519.938718 -998.680905
1504.850787 -988.274199
1489.099729 -977.437633
1472.684846 -966.172179
1455.605415 -954.478806
1437.860687 -942.358480
1419.449893 -929.812162
1400.372241 -916.840811
1380.626914 -903.445376
1360.213079 -889.626806
1326.219341 -867.085536
1292.233953 -844.562667
1258.269969 -822.067125
1224.340448 -799.607819
1190.458452 -777.193633
1156.637052 -754.833433
1122.889323 -732.536063
1089.228348 -710.310344
1055.667219 -688.165076
1022.219034 -666.109037
988.896900 -644.150982
955.713935 -622.299645
922.683265 -600.563733
889.818030 -578.951937
857.131377 -557.472919
824.636471 -536.135322
792.346486 -514.947765
760.274612 -493.918845
728.434052 -473.057134
696.838024 -452.371185
665.499762 -431.869526
634.432517 -411.560666
603.649557 -391.453089
573.164166 -371.555261
