-0.124827 6.634546
-0.133734 7.079955
-0.142959 7.539315
-0.152501 8.012669
-0.162356 8.500047
-0.172522 9.001469
-0.182994 9.516942
-0.193767 10.046463
-0.204834 10.590015
-0.216187 11.147572
-0.227815 11.719097
-0.239709 12.304539
-0.251856 12.903840
-0.264240 13.516929
-0.276846 14.143725
-0.289655 14.784136
-0.302647 15.438060
-0.315797 16.105386
-0.329081 16.785990
-0.342469 17.479742
-0.355929 18.186499
-0.369426 18.906111
-0.382918 19.638416
-0.396365 20.383245
-0.409718 21.140419
-0.422926 21.909748
-0.433792 22.562175
-0.444229 23.217435
-0.454162 23.874971
-0.463514 24.534227
-0.472203 25.194648
-0.480143 25.855682
-0.487241 26.516778
-0.493402 27.177390
-0.498526 27.836971
-0.502507 28.494982
-0.505236 29.150882
-0.506598 29.804140
-0.506475 30.454225
-0.504744 31.100614
-0.501277 31.742789
-0.495942 32.380237
-0.488603 33.012452
-0.479117 33.638936
-0.467338 34.259196
-0.453117 34.872751
-0.436296 35.479125
-0.416718 36.077850
-0.394216 36.668467
-0.368623 37.250523
-0.339766 37.823576
-0.307465 38.387189
-0.271572 38.943229
-0.231903 39.491464
-0.188272 40.031677
-0.140488 40.563666
-0.088359 41.087245
-0.031686 41.602239
0.029729 42.108490
0.096090 42.605852
0.167600 43.094194
0.244468 43.573397
0.326902 44.043359
0.415111 44.503989
0.509307 44.955209
0.609702 45.396955
0.716507 45.829176
0.829935 46.251831
0.950195 46.664896
1.077496 47.068354
1.212043 47.462203
1.354040 47.846454
1.503685 48.221126
1.661171 48.586254
1.826691 48.941885
2.000427 49.288075
2.182560 49.624898
2.373263 49.952436
2.572703 50.270789
2.781041 50.580062
2.998431 50.880364
3.225020 51.171812
3.460948 51.454528
3.706348 51.728640
3.961346 51.994279
4.226060 52.251584
4.500600 52.500696
4.785070 52.741763
5.079562 52.974934
5.384164 53.200363
5.698955 53.418208
6.024003 53.628627
6.359370 53.831783
6.705108 54.027841
7.061260 54.216965
7.427857 54.399322
7.804924 54.575079
8.192473 54.744407
8.590509 54.907474
8.999024 55.064451
9.418001 55.215512
9.847413 55.360827
10.287220 55.500570
10.737374 55.634916
11.197817 55.764039
11.668479 55.888114
12.149281 56.007317
12.640133 56.121824
13.140936 56.231813
13.651580 56.337462
14.171948 56.438948
14.701912 56.536451
15.241334 56.630147
15.790069 56.720215
16.347963 56.806832
16.914853 56.890178
17.490569 56.970431
18.074933 57.047771
18.667760 57.122375
19.268858 57.194424
19.878031 57.264097
20.495076 57.331572
21.119787 57.397027
21.751952 57.460640
22.391356 57.522585
23.037779 57.583037
23.691001 57.642168
24.350795 57.700147
25.016935 57.757138
25.689190 57.813303
26.367329 57.868799
27.051120 57.923778
27.740325 57.978389
28.434710 58.032776
29.134035 58.087076
29.838063 58.141425
30.546555 58.195952
31.259270 58.250781
31.975970 58.306033
32.696413 58.361823
33.420361 58.418262
34.147574 58.475455
34.877814 58.533503
35.610843 58.592501
36.346426 58.652543
37.084332 58.713715
37.824331 58.776100
38.566197 58.839777
39.309709 58.904821
40.054649 58.971301
40.800804 59.039284
41.547968 59.108833
42.295939 59.180006
43.044519 59.252859
43.793518 59.327443
44.542750 59.403805
45.292037 59.481992
46.041206 59.562044
46.790090 59.644000
47.538529 59.727895
48.286368 59.813764
49.033460 59.901636
49.779662 59.991541
50.524839 60.083504
51.268864 60.177552
52.011614 60.273706
52.752972 60.371985
53.492832 60.472410
54.231090 60.574995
54.967652 60.679757
55.702427 60.786708
56.435334 60.895861
57.166296 61.007227
57.895244 61.120819
58.622114 61.236645
59.346850 61.354717
60.069401 61.475044
60.789722 61.597636
61.507774 61.722504
62.223523 61.849660
62.936942 61.979117
63.648009 62.110886
64.356706 62.244982
65.063022 62.381420
65.766950 62.520214
66.468489 62.661383
67.167640 62.804942
67.864412 62.950912
68.558817 63.099312
69.250871 63.250163
69.940594 63.403487
70.628013 63.559307
71.313155 63.717648
71.996052 63.878537
72.676739 64.041999
73.355252 64.208063
74.031627 64.376757
74.705904 64.548112
75.378122 64.722156
76.048320 64.898923
76.716538 65.078442
77.382813 65.260746
78.047184 65.445867
78.709687 65.633839
79.370359 65.824695
80.029236 66.018468
80.686352 66.215192
81.341740 66.414898
81.995435 66.617621
82.647467 66.823392
83.297870 67.032244
83.946674 67.244211
84.593910 67.459325
85.239607 67.677618
85.883794 67.899123
86.526499 68.123874
87.167750 68.351903
87.807574 68.583244
88.445996 68.817932
89.083042 69.056001
89.718737 69.297484
90.353104 69.542417
90.986167 69.790835
91.617946 70.042772
92.248465 70.298265
92.877742 70.557351
93.505799 70.820066
94.132655 71.086448
94.758330 71.356536
95.382844 71.630368
96.006217 71.907984
96.628469 72.189425
97.249620 72.474733
97.869692 72.763950
98.488707 73.057121
99.106688 73.354288
99.723658 73.655499
100.339643 73.960798
100.954667 74.270233
101.568757 74.583851
102.181938 74.901699
102.794237 75.223827
103.405684 75.550283
104.016308 75.881116
104.626139 76.216376
105.235210 76.556112
105.843556 76.900374
106.451212 77.249212
107.058217 77.602674
107.664611 77.960809
108.270436 78.323665
108.875739 78.691289
109.480568 79.063727
110.084973 79.441022
110.689006 79.823218
111.292721 80.210356
111.896172 80.602477
112.499418 80.999621
113.102513 81.401823
113.705517 81.809120
114.308488 82.221545
114.911484 82.639129
115.514567 83.061898
116.117797 83.489877
116.721236 83.923086
117.324945 84.361544
117.928985 84.805262
118.533418 85.254249
119.138305 85.708509
119.743706 86.168041
120.349683 86.632840
120.956295 87.102895
121.563603 87.578190
122.171666 88.058702
122.780541 88.544402
123.390286 89.035255
124.000957 89.531220
124.612609 90.032246
125.225293 90.538277
125.839061 91.049250
126.453962 91.565093
127.070041 92.085728
127.687344 92.611068
128.305911 93.141021
128.925782 93.675483
129.546990 94.214348
130.169570 94.757498
130.793552 95.304812
131.418962 95.856158
132.045826 96.411403
132.674166 96.970402
133.304000 97.533008
133.935347 98.099067
134.568220 98.668418
135.202631 99.240896
135.838588 99.816330
136.476098 100.394545
137.115164 100.975360
137.755789 101.558593
138.397969 102.144055
139.041701 102.731555
139.686976 103.320901
140.333785 103.911896
140.982114 104.504343
141.631948 105.098042
142.283270 105.692792
142.936061 106.288389
143.590299 106.884630
144.245963 107.481307
144.903028 108.078216
145.561469 108.675149
146.221256 109.271898
146.882360 109.868257
147.544749 110.464019
148.208386 111.058978
148.873237 111.652931
149.539264 112.245674
150.206426 112.837007
150.874683 113.426731
151.543991 114.014650
152.214308 114.600572
152.885587 115.184305
153.557782 115.765665
154.230845 116.344469
154.904729 116.920540
155.579386 117.493706
156.254766 118.063798
156.930823 118.630655
157.607509 119.194122
158.284779 119.754049
158.962589 120.310292
159.640894 120.862715
160.319652 121.411185
160.998823 121.955581
161.678369 122.495784
162.358256 123.031685
163.038449 123.563178
163.718919 124.090168
164.399639 124.612561
165.080586 125.130274
165.761737 125.643227
166.443075 126.151348
167.124587 126.654570
167.806262 127.152832
168.488092 127.646082
169.170074 128.134270
169.852210 128.617356
170.534505 129.095301
171.216968 129.568076
171.899613 130.035656
172.582459 130.498021
173.265529 130.955156
173.948851 131.407051
174.632458 131.853702
175.316386 132.295108
176.000678 132.731273
176.685378 133.162206
177.370536 133.587920
178.056205 134.008432
178.742441 134.423764
179.429308 134.833942
180.116870 135.238995
180.805197 135.638955
181.494364 136.033861
182.184448 136.423753
182.875531 136.808674
183.567695 137.188671
184.261030 137.563791
184.955624 137.934088
185.651570 138.299614
186.348963 138.660425
187.047899 139.016578
187.748476 139.368131
188.450794 139.715144
189.154955 140.057678
189.861058 140.395796
190.569204 140.729558
191.279493 141.059027
191.992023 141.384265
192.706890 141.705334
193.424191 142.022294
194.144020 142.335207
194.866467 142.644132
195.591623 142.949128
196.319574 143.250252
197.050401 143.547563
197.784185 143.841115
198.520999 144.130964
199.260915 144.417164
200.003998 144.699768
200.750308 144.978827
201.499902 145.254390
202.252830 145.526506
203.009136 145.795219
203.768861 146.060574
204.532038 146.322611
205.298693 146.581371
206.068848 146.836890
206.842517 147.089203
207.619709 147.338341
208.400424 147.584335
209.184656 147.827209
209.972394 148.066989
210.763619 148.303695
211.558306 148.537347
212.356423 148.767961
213.157933 148.995551
213.962792 149.220129
214.770951 149.441704
215.582354 149.660283
216.396939 149.875873
217.214636 150.088477
218.035373 150.298096
218.859069 150.504729
219.685638 150.708374
220.514991 150.909028
221.347031 151.106685
222.181659 151.301339
223.018771 151.492983
223.858257 151.681608
224.700005 151.867205
225.543898 152.049766
226.389815 152.229279
227.237633 152.405735
228.087222 152.579121
228.938452 152.749428
229.791192 152.916644
230.645306 153.080759
231.500657 153.241764
232.357106 153.399649
233.214513 153.554407
234.072736 153.706030
234.931629 153.854512
235.791047 153.999848
236.650844 154.142032
237.510872 154.281063
238.370983 154.416939
239.231027 154.549657
240.090856 154.679220
240.950320 154.805629
241.809270 154.928890
242.667558 155.049009
243.525036 155.165996
244.381555 155.279861
245.236968 155.390620
246.091129 155.498289
246.943893 155.602888
247.795114 155.704437
248.644651 155.802964
249.492361 155.898496
250.338104 155.991064
251.181742 156.080704
252.023137 156.167451
252.862154 156.251347
253.698660 156.332436
254.532522 156.410763
255.363612 156.486378
256.191802 156.559332
257.016968 156.629680
257.838989 156.697479
258.657747 156.762785
259.473129 156.825661
260.285024 156.886170
261.093325 156.944374
261.897932 157.000340
262.698747 157.054135
263.495676 157.105828
264.288631 157.155488
265.077528 157.203184
265.862288 157.248989
266.642839 157.292973
267.419115 157.335208
268.191056 157.375766
268.958606 157.414720
269.721720 157.452143
270.480356 157.488106
271.234480 157.522682
271.984067 157.555942
272.729096 157.587959
273.469557 157.618802
274.205445 157.648542
274.936766 157.677248
275.663531 157.704989
276.385761 157.731832
277.103489 157.757846
277.816751 157.783096
278.525597 157.807649
279.230083 157.831567
279.930276 157.854914
280.626251 157.877753
281.318093 157.900142
282.005895 157.922141
282.689760 157.943805
283.369799 157.965190
284.046132 157.986349
284.718886 158.007332
285.388198 158.028188
286.054212 158.048965
286.717080 158.069708
287.376960 158.090460
288.034019 158.111261
288.688430 158.132149
289.340371 158.153163
289.990028 158.174335
290.637592 158.195697
291.283259 158.217280
291.927230 158.239111
292.569712 158.261215
293.210912 158.283617
293.851044 158.306338
294.490321 158.329399
295.128963 158.352820
295.767186 158.376617
296.405212 158.400807
297.043261 158.425404
297.681554 158.450424
298.320313 158.475879
298.959759 158.501783
299.600111 158.528146
300.241588 158.554983
300.884405 158.582303
301.528776 158.610120
302.174909 158.638444
302.823012 158.667287
303.473285 158.696662
304.125928 158.726579
304.781131 158.757052
305.439083 158.788093
306.099963 158.819715
306.763945 158.851932
307.431198 158.884758
308.101882 158.918208
308.776148 158.952299
309.454141 158.987046
310.135996 159.022468
310.821839 159.058584
311.511787 159.095412
312.205948 159.132973
312.904418 159.171288
313.607285 159.210380
314.314626 159.250271
315.026509 159.290986
315.742991 159.332550
316.464121 159.374989
317.189936 159.418331
317.920463 159.462604
318.655723 159.507837
319.395723 159.554060
320.140463 159.601305
320.889936 159.649605
321.644123 159.698994
322.402999 159.749506
323.166531 159.801177
323.934679 159.854046
324.707392 159.908152
325.484616 159.963536
326.266288 160.020240
327.052338 160.078307
327.842693 160.137783
328.637271 160.198713
329.435987 160.261144
330.238749 160.325126
331.045462 160.390706
331.856025 160.457936
332.670336 160.526867
333.488285 160.597550
334.309760 160.670039
335.134648 160.744386
335.962830 160.820646
336.794186 160.898873
337.628594 160.979122
338.465930 161.061446
339.306067 161.145900
340.148881 161.232540
340.994241 161.321420
341.842022 161.412595
342.692093 161.506119
343.544328 161.602045
344.398600 161.700428
345.254781 161.801318
346.112747 161.904767
346.972376 162.010824
347.833545 162.119537
348.696136 162.230953
349.560033 162.345115
350.425122 162.462065
351.291296 162.581843
352.158445 162.704488
353.026469 162.830036
353.895266 162.958520
354.764741 163.089972
355.634800 163.224422
356.505353 163.361898
357.376313 163.502424
358.247598 163.646023
359.119128 163.792715
359.990827 163.942517
360.862622 164.095442
361.734444 164.251503
362.606228 164.410708
363.477911 164.573062
364.349434 164.738568
365.220741 164.907224
366.091777 165.079026
366.962494 165.253966
367.832845 165.432033
368.702785 165.613212
369.572274 165.797485
370.441274 165.984831
371.309749 166.175225
372.177668 166.368640
373.045001 166.565046
373.911722 166.764410
374.777806 166.966695
375.643231 167.171863
376.507980 167.379874
377.372034 167.590682
378.235380 167.804242
379.098004 168.020503
379.959895 168.239415
380.821042 168.460922
381.681435 168.684967
382.541066 168.911492
383.399926 169.140433
384.258007 169.371726
385.115299 169.605305
385.971793 169.841099
386.827480 170.079038
387.682347 170.319049
388.536383 170.561056
389.389574 170.804984
390.241903 171.050755
391.093352 171.298290
391.943901 171.547509
392.793527 171.798333
393.642204 172.050681
394.489905 172.304471
395.336598 172.559623
396.182249 172.816055
397.026821 173.073684
397.870277 173.332430
398.712575 173.592208
399.553671 173.852939
400.393519 174.114539
401.232072 174.376928
402.069278 174.640025
402.905085 174.903752
403.739437 175.168029
404.572276 175.432780
405.403541 175.697929
406.233169 175.963399
407.061094 176.229118
407.887249 176.495013
408.711562 176.761013
409.533958 177.027049
410.354360 177.293053
411.172689 177.558958
411.988861 177.824700
412.802789 178.090215
413.614383 178.355440
414.423550 178.620314
415.230192 178.884776
416.034209 179.148766
416.835495 179.412224
417.633944 179.675093
418.429444 179.937315
419.221879 180.198834
420.011133 180.459592
420.797085 180.719536
421.579614 180.978612
422.358597 181.236767
423.133910 181.493950
423.905428 181.750111
424.673026 182.005203
425.436579 182.259180
426.195962 182.511998
426.951052 182.763614
427.701726 183.013989
428.447861 183.263085
429.189338 183.510866
429.926038 183.757297
430.657846 184.002348
431.384648 184.245987
432.106332 184.488188
432.822792 184.728923
433.533920 184.968167
434.239617 185.205896
434.939784 185.442088
435.634328 185.676721
436.323157 185.909776
437.006188 186.141234
437.683337 186.371077
438.354526 186.599292
439.019683 186.825863
439.678738 187.050777
440.331627 187.274021
440.978288 187.495585
441.618666 187.715458
442.252709 187.933631
442.880372 188.150096
443.501611 188.364846
444.116390 188.577875
444.724676 188.789179
445.326443 188.998754
445.921667 189.206599
446.510332 189.412712
447.092427 189.617094
447.667944 189.819747
448.236882 190.020673
448.799247 190.219877
449.355046 190.417365
449.904296 190.613145
450.447017 190.807226
450.983234 190.999619
451.512982 191.190336
452.036295 191.379391
452.553217 191.566800
453.063794 191.752578
453.568077 191.936742
454.066120 192.119311
454.557981 192.300302
455.043719 192.479736
455.523399 192.657630
455.997084 192.834004
456.464840 193.008875
456.926738 193.182259
457.382846 193.354173
457.833236 193.524632
458.277981 193.693648
458.713314 193.859611
459.135468 194.020908
459.540679 194.175925
459.925178 194.323048
460.285199 194.460658
460.616975 194.587141
460.916736 194.700877
461.180713 194.800249
461.405133 194.883636
461.586222 194.949421
461.720203 194.995981
461.803298 195.021697
461.831722 195.024947
461.801691 195.004107
461.709416 194.957555
461.551103 194.883667
461.322957 194.780818
461.021178 194.647385
460.641962 194.481740
460.181504 194.282259
459.635992 194.047313
459.001612 193.775275
458.274547 193.464515
457.450977 193.113404
456.431414 192.679926
455.215842 192.164058
453.804242 191.565772
452.196593 190.885042
450.392876 190.121842
448.393067 189.276143
446.197143 188.347919
443.805081 187.337140
441.216854 186.243779
438.432436 185.067806
435.451800 183.809192
432.274917 182.467905
428.901759 181.043917
425.332295 179.537197
421.566496 177.947715
417.604330 176.275442
413.445769 174.520348
409.090784 172.682403
404.539345 170.761581
399.791426 168.757854
394.847001 166.671196
389.706044 164.501583
384.368531 162.248994
378.834440 159.913408
369.480881 155.965413
360.120819 152.014661
350.758169 148.062800
341.396843 144.111481
332.040756 140.162355
322.693822 136.217072
313.359955 132.277287
304.043068 128.344652
294.747078 124.420820
285.475900 120.507447
276.233450 116.606186
267.023647 112.718694
257.850410 108.846625
248.717658 104.991636
239.629314 101.155383
230.589301 97.339523
221.601543 93.545713
212.669969 89.775612
203.798505 86.030877
194.991083 82.313166
186.251633 78.624138
177.584090 74.965451
168.992387 71.338766
160.480461 67.745741
