0.001043 5.946172
0.001213 6.689638
0.001402 7.479748
0.001609 8.317462
0.001835 9.203669
0.002080 10.139195
0.002344 11.124794
0.002629 12.161154
0.002936 13.248893
0.003263 14.388558
0.003610 15.580629
0.003974 16.825512
0.004354 18.123546
0.004747 19.474995
0.005124 20.677630
0.005502 21.907545
0.005878 23.162930
0.006245 24.441966
0.006598 25.742822
0.006931 27.063653
0.007239 28.402601
0.007517 29.757795
0.007756 31.127353
0.007951 32.509379
0.008091 33.901960
0.008167 35.303173
0.008171 36.711078
0.008091 38.123722
0.007918 39.545407
0.007643 40.975121
0.007254 42.411914
0.006742 43.854888
0.006092 45.303205
0.005293 46.756086
0.004328 48.212814
0.003184 49.672730
0.001846 51.135240
0.000301 52.599808
-0.001464 54.065965
-0.003461 55.533303
-0.005701 57.001482
-0.008196 58.470224
-0.010958 59.939325
-0.013998 61.408575
-0.017326 62.877767
-0.020954 64.346695
-0.024895 65.815156
-0.029159 67.282949
-0.033760 68.749879
-0.038705 70.215755
-0.044006 71.680391
-0.049668 73.143610
-0.055698 74.605242
-0.062100 76.065125
-0.068878 77.523108
-0.076031 78.979047
-0.083560 80.432814
-0.091460 81.884288
-0.099724 83.333361
-0.108342 84.779938
-0.117300 86.223935
-0.126583 87.665279
-0.136173 89.103907
-0.146050 90.539768
-0.156192 91.972823
-0.166577 93.403042
-0.177182 94.830406
-0.187982 96.254906
-0.198950 97.676538
-0.210057 99.095310
-0.221272 100.511240
-0.232564 101.924352
-0.243900 103.334682
-0.255247 104.742270
-0.266573 106.147162
-0.277844 107.549409
-0.289031 108.949070
-0.300099 110.346199
-0.311015 111.740856
-0.321747 113.133099
-0.332263 114.522986
-0.342534 115.910576
-0.352529 117.295924
-0.362223 118.679086
-0.371592 120.060115
-0.380617 121.439061
-0.389280 122.815971
-0.397567 124.190892
-0.405465 125.563867
-0.412961 126.934937
-0.420048 128.304140
-0.426716 129.671515
-0.432957 131.037093
-0.438765 132.400907
-0.444133 133.762990
-0.449060 135.123371
-0.453545 136.482079
-0.457591 137.839141
-0.461203 139.194582
-0.464381 140.548425
-0.467129 141.900695
-0.469446 143.251417
-0.471331 144.600616
-0.472785 145.948319
-0.473814 147.294559
-0.474424 148.639374
-0.474622 149.982807
-0.474417 151.324905
-0.473821 152.665720
-0.472846 154.005311
-0.471505 155.343744
-0.469812 156.681085
-0.467778 158.017407
-0.465414 159.352791
-0.462735 160.687319
-0.459759 162.021080
-0.456503 163.354165
-0.452989 164.686669
-0.449239 166.018693
-0.445278 167.350339
-0.441134 168.681717
-0.436835 170.012935
-0.432405 171.344109
-0.427871 172.675353
-0.423256 174.006787
-0.418588 175.338530
-0.413893 176.670704
-0.409201 178.003430
-0.404542 179.336829
-0.399948 180.671023
-0.395449 182.006134
-0.391074 183.342279
-0.386849 184.679575
-0.382798 186.018133
-0.378944 187.358068
-0.375305 188.699486
-0.371895 190.042491
-0.368726 191.387186
-0.365808 192.733670
-0.363153 194.082039
-0.360771 195.432385
-0.358666 196.784797
-0.356840 198.139358
-0.355291 199.496150
-0.354014 200.855253
-0.353001 202.216740
-0.352239 203.580681
-0.351714 204.947142
-0.351410 206.316183
-0.351310 207.687862
-0.351397 209.062233
-0.351654 210.439345
-0.352060 211.819245
-0.352596 213.201979
-0.353240 214.587587
-0.353970 215.976111
-0.354765 217.367586
-0.355601 218.762048
-0.356458 220.159531
-0.357313 221.560068
-0.358142 222.963687
-0.358927 224.370416
-0.359650 225.780282
-0.360293 227.193309
-0.360843 228.609520
-0.361283 230.028936
-0.361598 231.451577
-0.361771 232.877462
-0.361788 234.306609
-0.361637 235.739036
-0.361306 237.174760
-0.360785 238.613799
-0.360066 240.056172
-0.359143 241.501897
-0.358008 242.950998
-0.356660 244.403496
-0.355093 245.859417
-0.353307 247.318790
-0.351297 248.781643
-0.349062 250.248011
-0.346601 251.717927
-0.343913 253.191430
-0.340996 254.668562
-0.337850 256.149368
-0.334476 257.633895
-0.330874 259.122195
-0.327045 260.614322
-0.322991 262.110337
-0.318716 263.610301
-0.314223 265.114279
-0.309519 266.622340
-0.304610 268.134557
-0.299505 269.651006
-0.294213 271.171766
-0.288745 272.696919
-0.283113 274.226549
-0.277328 275.760741
-0.271403 277.299581
-0.265351 278.843155
-0.259185 280.391547
-0.252919 281.944841
-0.246567 283.503117
-0.240141 285.066453
-0.233656 286.634921
-0.227127 288.208589
-0.220572 289.787519
-0.214009 291.371767
-0.207456 292.961381
-0.200932 294.556403
-0.194455 296.156863
-0.188042 297.762783
-0.181712 299.374176
-0.175484 300.991044
-0.169375 302.613376
-0.163406 304.241154
-0.157593 305.874351
-0.151956 307.512929
-0.146509 309.156842
-0.141269 310.806035
-0.136254 312.460443
-0.131479 314.119994
-0.126963 315.784604
-0.122722 317.454185
-0.118772 319.128645
-0.115128 320.807885
-0.111808 322.491804
-0.108828 324.180297
-0.106202 325.873256
-0.103946 327.570574
-0.102076 329.272142
-0.100604 330.977857
-0.099542 332.687612
-0.098881 334.380805
-0.098608 336.036738
-0.098712 337.634630
-0.099176 339.153604
-0.099987 340.572701
-0.101128 341.870872
-0.102581 343.026983
-0.104325 344.019811
-0.106341 344.828048
-0.108603 345.430296
-0.111086 345.805071
-0.113762 345.930797
-0.116601 345.785812
-0.119374 345.090298
-0.122055 343.841707
-0.124617 342.037493
-0.127033 339.675115
-0.129271 336.752027
-0.131303 333.265685
-0.133096 329.213539
-0.134617 324.593041
-0.135833 319.401639
-0.136711 313.636779
-0.137215 307.295904
-0.137310 300.376452
-0.136963 292.875855
-0.132841 279.722080
-0.128534 266.523692
-0.124041 253.301181
-0.119366 240.075127
-0.114514 226.866204
-0.109488 213.695181
-0.104295 200.582916
-0.098941 187.550363
-0.093434 174.618567
-0.087785 161.808667
-0.082003 149.141895
-0.076101 136.639578
-0.070093 124.323136
