-0.106648 5.389430
-0.114463 5.776623
-0.122608 6.179171
-0.131090 6.597365
-0.139917 7.031488
-0.149096 7.481818
-0.158635 7.948630
-0.168542 8.432191
-0.178824 8.932762
-0.189490 9.450597
-0.200546 9.985946
-0.212001 10.539049
-0.223863 11.110139
-0.236139 11.699443
-0.248838 12.307180
-0.261967 12.933561
-0.275534 13.578790
-0.289547 14.243063
-0.304013 14.926566
-0.318941 15.629479
-0.334337 16.351971
-0.350210 17.094205
-0.366567 17.856332
-0.383414 18.638494
-0.400760 19.440825
-0.418612 20.263446
-0.435113 21.010887
-0.451994 21.771605
-0.469256 22.545351
-0.486900 23.331867
-0.504926 24.130883
-0.523335 24.942119
-0.542125 25.765284
-0.561296 26.600075
-0.580849 27.446178
-0.600780 28.303267
-0.621091 29.171003
-0.641778 30.049037
-0.662842 30.937007
-0.684281 31.834539
-0.706092 32.741248
-0.728274 33.656735
-0.750824 34.580593
-0.773739 35.512400
-0.797015 36.451723
-0.820649 37.398120
-0.844635 38.351133
-0.868968 39.310296
-0.893641 40.275129
-0.918648 41.245145
-0.943979 42.219844
-0.969625 43.198715
-0.995603 44.182736
-1.021905 45.171510
-1.048517 46.164639
-1.075427 47.161722
-1.102619 48.162356
-1.130077 49.166133
-1.157782 50.172648
-1.185712 51.181491
-1.213844 52.192252
-1.242151 53.204522
-1.270607 54.217890
-1.299179 55.231947
-1.327833 56.246281
-1.356532 57.260482
-1.385237 58.274139
-1.413904 59.286844
-1.442487 60.298188
-1.470937 61.307761
-1.499200 62.315159
-1.527220 63.319977
-1.554938 64.321814
-1.582291 65.320272
-1.609209 66.314956
-1.635623 67.305476
-1.661457 68.291448
-1.686629 69.272490
-1.711056 70.248231
-1.734646 71.218299
-1.757305 72.182324
-1.778934 73.139942
-1.799428 74.090788
-1.818676 75.034506
-1.836562 75.970742
-1.852965 76.899150
-1.867757 77.819388
-1.880806 78.731125
-1.891971 79.634033
-1.901107 80.527796
-1.908062 81.412103
-1.912680 82.286655
-1.914796 83.151158
-1.914244 84.005332
-1.910848 84.848904
-1.904430 85.681614
-1.894804 86.503209
-1.881781 87.313451
-1.865166 88.112109
-1.844761 88.898964
-1.820363 89.673807
-1.791765 90.436440
-1.758757 91.186677
-1.721127 91.924342
-1.678660 92.649270
-1.631135 93.361310
-1.578334 94.060319
-1.520033 94.746169
-1.456009 95.418743
-1.386036 96.077933
-1.309891 96.723647
-1.227347 97.355803
-1.138178 97.974330
-1.042161 98.579171
-0.939071 99.170280
-0.828686 99.747625
-0.710786 100.311186
-0.585152 100.860957
-0.451570 101.396945
-0.309825 101.919169
-0.159709 102.427662
-0.001016 102.922471
0.166457 103.403655
0.342908 103.871285
0.528530 104.325445
0.723512 104.766232
0.928037 105.193753
1.142281 105.608129
1.366413 106.009487
1.600598 106.397969
1.844988 106.773724
2.099730 107.136911
2.364962 107.487701
2.640811 107.826270
2.927394 108.152803
3.224820 108.467493
3.533182 108.770538
3.852567 109.062142
4.183047 109.342516
4.524681 109.611873
4.877518 109.870431
5.241592 110.118412
5.616928 110.356040
6.003534 110.583543
6.401406 110.801149
6.810529 111.009088
7.230873 111.207591
7.662396 111.396890
8.105043 111.577219
8.558748 111.748811
9.023431 111.911901
9.499001 112.066724
9.985356 112.213513
10.482382 112.352501
10.989954 112.483923
11.507939 112.608008
12.036188 112.724987
12.574548 112.835089
13.122852 112.938539
13.680927 113.035562
14.248591 113.126379
14.825653 113.211208
15.411915 113.290266
16.007171 113.363767
16.611209 113.431921
17.223809 113.494934
17.844748 113.553007
18.473795 113.606339
19.110715 113.655121
19.755270 113.699540
20.407215 113.739779
21.066304 113.776014
21.732286 113.808415
22.404909 113.837146
23.083915 113.862366
23.769049 113.884226
24.460052 113.902871
25.156666 113.918441
25.858630 113.931070
26.565689 113.940886
27.277584 113.948008
27.994064 113.952553
28.714878 113.954628
29.439781 113.954335
30.168531 113.951770
30.900893 113.947024
31.636638 113.940180
32.375543 113.931318
33.117393 113.920512
33.861978 113.907831
34.609099 113.893340
35.358565 113.877098
36.110191 113.859162
36.863805 113.839583
37.619243 113.818410
38.376351 113.795687
39.134984 113.771457
39.895008 113.745757
40.656297 113.718624
41.418736 113.690089
42.182218 113.660183
42.946648 113.628932
43.711936 113.596362
44.478003 113.562495
45.244779 113.527351
46.012201 113.490950
46.780214 113.453309
47.548772 113.414444
48.317835 113.374370
49.087373 113.333098
49.857359 113.290641
50.627774 113.247008
51.398606 113.202206
52.169849 113.156244
52.941504 113.109124
53.713578 113.060853
54.486081 113.011432
55.259032 112.960865
56.032451 112.909153
56.806365 112.856299
57.580804 112.802303
58.355802 112.747168
59.131396 112.690893
59.907629 112.633481
60.684543 112.574933
61.462185 112.515250
62.240603 112.454434
63.019846 112.392488
63.799966 112.329413
64.581014 112.265214
65.363042 112.199895
66.146100 112.133461
66.930237 112.065917
67.715502 111.997273
68.501938 111.927535
69.289588 111.856714
70.078492 111.784819
70.868684 111.711861
71.660197 111.637852
72.453058 111.562804
73.247291 111.486730
74.042915 111.409642
74.839943 111.331553
75.638384 111.252477
76.438240 111.172425
77.239509 111.091410
78.042180 111.009444
78.846239 110.926538
79.651667 110.842702
80.458438 110.757946
81.266521 110.672280
82.075880 110.585710
82.886472 110.498245
83.698254 110.409890
84.511174 110.320650
85.325178 110.230527
86.140208 110.139524
86.956200 110.047642
87.773089 109.954881
88.590806 109.861238
89.409277 109.766714
90.228426 109.671304
91.048174 109.575005
91.868438 109.477815
92.689134 109.379728
93.510172 109.280740
94.331461 109.180844
95.152907 109.080036
95.974415 108.978307
96.795887 108.875652
97.617221 108.772062
98.438317 108.667530
99.259071 108.562047
100.079379 108.455607
100.899134 108.348200
101.718231 108.239820
102.536560 108.130459
103.354015 108.020110
104.170488 107.908765
104.985869 107.796419
105.800052 107.683065
106.612929 107.568697
107.424394 107.453311
108.234342 107.336902
109.042671 107.219468
109.849279 107.101007
110.654066 106.981517
111.456934 106.860998
112.257789 106.739451
113.056538 106.616880
113.853090 106.493287
114.647357 106.368680
115.439255 106.243067
116.228702 106.116459
117.015618 105.988869
117.799928 105.860312
118.581560 105.730806
119.360444 105.600373
120.136513 105.469035
120.909704 105.336818
121.679957 105.203750
122.447214 105.069860
123.211420 104.935184
123.972525 104.799755
124.730478 104.663613
125.485233 104.526798
126.236746 104.389354
126.984976 104.251326
127.729885 104.112760
128.471435 103.973706
129.209595 103.834215
129.944333 103.694338
130.675622 103.554128
131.403436 103.413639
132.127753 103.272928
132.848555 103.132049
133.565823 102.991059
134.279546 102.850017
134.989712 102.708977
135.696314 102.567999
136.399348 102.427138
137.098811 102.286451
137.794704 102.145995
138.487031 102.005824
139.175797 101.865991
139.861013 101.726548
140.542688 101.587547
141.220837 101.449034
141.895476 101.311056
142.566622 101.173655
143.234295 101.036871
143.898517 100.900740
144.559311 100.765295
145.216701 100.630565
145.870715 100.496576
146.521378 100.363350
147.168720 100.230907
147.812768 100.099263
148.453553 99.968433
149.091103 99.838427
149.725451 99.709254
150.356628 99.580919
150.984664 99.453425
151.609593 99.326772
152.231448 99.200959
152.850261 99.075980
153.466068 98.951830
154.078903 98.828501
154.688802 98.705984
155.295802 98.584267
155.899939 98.463338
156.501252 98.343185
157.099777 98.223792
157.695555 98.105144
158.288623 97.987225
158.879021 97.870018
159.466791 97.753505
160.051970 97.637671
160.634599 97.522498
161.214718 97.407972
161.792365 97.294079
162.367578 97.180809
162.940394 97.068151
163.510847 96.956100
164.078973 96.844652
164.644801 96.733809
165.208363 96.623575
165.769685 96.513961
166.328792 96.404982
166.885705 96.296659
167.440443 96.189018
167.993021 96.082095
168.543452 95.975928
169.091746 95.870567
169.637908 95.766068
170.181943 95.662494
170.723849 95.559920
171.263625 95.458427
171.801265 95.358108
172.336758 95.259064
172.870095 95.161408
173.401260 95.065262
173.930237 94.970762
174.457006 94.878051
174.981547 94.787285
175.503837 94.698631
176.023853 94.612264
176.541571 94.528370
177.056964 94.447144
177.570010 94.368789
178.080681 94.293519
178.588951 94.221554
179.094796 94.153126
179.598188 94.088471
180.099102 94.027833
180.597508 93.971464
181.093380 93.919621
181.586690 93.872567
182.077409 93.830571
182.565507 93.793907
183.050955 93.762852
183.533723 93.737692
184.013782 93.718713
184.491102 93.706209
184.965651 93.700473
185.437400 93.701806
185.906316 93.710508
186.372370 93.726882
186.835531 93.751233
187.295768 93.783866
187.753051 93.825086
188.207352 93.875195
188.658643 93.934495
189.106897 94.003287
189.552089 94.081866
189.994196 94.170524
190.433196 94.269544
190.869072 94.379208
191.301806 94.499787
191.731385 94.631547
192.157800 94.774743
192.581042 94.929620
193.001108 95.096413
193.417996 95.275347
193.831710 95.466632
194.242253 95.670467
194.649635 95.887037
195.053866 96.116513
195.454963 96.359051
195.852942 96.614790
196.247823 96.883856
196.639629 97.166353
197.028386 97.462372
197.414122 97.771985
197.796868 98.095243
198.176654 98.432182
198.553512 98.782819
198.927476 99.147149
199.298578 99.525154
199.666850 99.916792
200.032324 100.322008
200.395029 100.740723
200.754997 101.172843
201.112254 101.618255
201.466828 102.076828
201.818746 102.548415
202.168029 103.032851
202.514702 103.529954
202.858783 104.039527
203.200289 104.561357
203.539236 105.095214
203.875635 105.640853
204.209495 106.198011
204.540820 106.766412
204.869613 107.345765
205.195872 107.935765
205.519592 108.536090
205.840766 109.146408
206.159379 109.766371
206.475416 110.395618
206.788855 111.033778
207.099671 111.680466
207.407833 112.335286
207.713308 112.997831
208.016054 113.667684
208.316028 114.344420
208.613180 115.027604
208.907454 115.716796
209.198789 116.411545
209.487118 117.111396
209.772370 117.815888
210.054465 118.524557
210.333322 119.236932
210.608850 119.952545
210.880954 120.670921
211.149534 121.391587
211.414483 122.114071
211.675691 122.837899
211.933041 123.562601
212.186410 124.287710
212.435672 125.012762
212.680695 125.737300
212.921340 126.460870
213.157465 127.183028
213.388921 127.903336
213.615557 128.621366
213.837213 129.336697
214.053727 130.048917
214.264934 130.757624
214.470662 131.462426
214.670737 132.162941
214.864980 132.858798
215.053208 133.549635
215.235236 134.235101
215.410874 134.914857
215.579931 135.588573
215.742213 136.255930
215.897522 136.916618
216.045660 137.570340
216.186429 138.216810
216.319625 138.855751
216.445049 139.486898
216.562499 140.109999
216.671774 140.724812
216.772672 141.331107
216.864993 141.928665
216.948538 142.517281
217.023109 143.096761
217.088510 143.666924
217.144548 144.227602
217.191034 144.778639
217.227779 145.319894
217.254601 145.851239
217.271319 146.372559
217.277757 146.883753
217.273745 147.384735
217.259113 147.875429
217.233700 148.355778
217.197347 148.825735
217.149901 149.285270
217.091213 149.734366
217.021141 150.173020
216.939545 150.601242
216.846293 151.019055
216.741256 151.426497
216.624309 151.823614
216.495335 152.210467
216.354220 152.587128
216.200855 152.953678
216.035136 153.310209
215.856965 153.656825
215.666250 153.993634
215.462904 154.320755
215.246846 154.638314
215.018002 154.946444
214.776305 155.245283
214.521696 155.534978
214.254122 155.815681
213.973539 156.087551
213.679912 156.350753
213.373212 156.605457
213.053423 156.851840
212.720534 157.090083
212.374546 157.320375
212.015467 157.542908
211.643316 157.757881
211.258120 157.965497
210.859916 158.165964
210.448749 158.359495
210.024674 158.546305
209.587753 158.726616
209.138061 158.900650
208.675676 159.068634
208.200689 159.230797
207.713197 159.387368
207.213306 159.538580
206.701129 159.684666
206.176787 159.825858
205.640406 159.962390
205.092121 160.094493
204.532070 160.222398
203.960398 160.346335
203.377254 160.466530
202.782792 160.583208
202.177173 160.696591
201.560558 160.806897
200.933116 160.914340
200.295018 161.019130
199.646438 161.121471
198.987555 161.221563
198.318551 161.319598
197.639609 161.415764
196.950917 161.510243
196.252666 161.603208
195.545049 161.694829
194.828262 161.785267
194.102505 161.874679
193.367978 161.963213
192.624885 162.051012
191.873434 162.138214
191.113831 162.224948
190.346286 162.311338
189.571009 162.397501
188.788212 162.483551
187.998106 162.569594
187.200902 162.655729
186.396809 162.742049
185.586036 162.828643
184.768790 162.915591
183.945274 163.002965
183.115690 163.090835
182.280236 163.179262
181.439108 163.268298
180.592494 163.357994
179.740583 163.448389
178.883556 163.539518
178.021591 163.631411
177.154861 163.724089
176.283533 163.817570
175.407770 163.911864
174.527729 164.006977
173.643563 164.102909
172.755417 164.199655
171.863431 164.297207
170.967740 164.395551
170.068473 164.494671
169.165753 164.594548
168.259697 164.695157
167.350419 164.796473
166.438025 164.898469
165.522620 165.001113
164.604302 165.104375
163.683165 165.208220
162.759300 165.312615
161.832794 165.417522
160.903730 165.522906
159.972186 165.628731
159.038237 165.734958
158.101956 165.841551
157.163412 165.948474
156.222670 166.055690
155.279794 166.163162
154.334845 166.270856
153.387880 166.378735
152.438954 166.486767
151.488118 166.594918
150.535422 166.703156
149.580911 166.811449
148.624628 166.919768
147.666614 167.028084
146.706907 167.136368
145.745543 167.244595
144.782554 167.352740
143.817973 167.460777
142.851829 167.568686
141.884150 167.676445
140.914963 167.784033
139.944295 167.891433
138.972170 167.998629
137.998612 168.105605
137.023644 168.212347
136.047290 168.318844
135.069571 168.425087
134.090511 168.531065
133.110131 168.636773
132.128455 168.742204
131.145504 168.847357
130.161300 168.952229
129.175867 169.056819
128.189227 169.161130
127.201403 169.265164
126.212417 169.368927
125.222294 169.472425
124.231058 169.575665
123.238733 169.678654
122.245344 169.781402
121.250917 169.883918
120.255478 169.986210
119.259053 170.088290
118.261668 170.190165
117.263349 170.291847
116.264123 170.393345
115.264016 170.494668
114.263053 170.595824
113.261261 170.696821
112.258666 170.797666
111.255293 170.898365
110.251168 170.998922
109.246315 171.099340
108.240762 171.199624
107.234532 171.299774
106.227650 171.399791
105.220142 171.499676
104.212032 171.599428
103.203345 171.699043
102.194107 171.798517
101.184344 171.897846
100.174082 171.997023
99.163349 172.096040
98.152175 172.194888
97.140589 172.293556
96.128623 172.392033
95.116310 172.490306
94.103684 172.588361
93.090781 172.686182
92.077638 172.783755
91.064296 172.881063
90.050795 172.978090
89.037179 173.074817
88.023493 173.171226
87.009785 173.267300
85.996105 173.363020
84.982504 173.458365
83.969036 173.553317
82.955760 173.647854
81.942733 173.741955
80.930018 173.835600
79.917680 173.928766
78.905788 174.021430
77.894410 174.113571
76.883622 174.205163
75.873501 174.296183
74.864128 174.386607
73.855587 174.476411
72.847964 174.565571
71.841351 174.654063
70.835843 174.741864
69.831539 174.828953
68.828541 174.915306
67.826955 175.000904
66.826892 175.085727
65.828466 175.169755
64.831796 175.252972
63.837005 175.335361
62.844221 175.416909
61.853574 175.497601
60.865200 175.577428
59.879239 175.656380
58.895833 175.734451
57.915131 175.811634
56.937282 175.887929
55.962441 175.963333
54.990765 176.037849
54.022417 176.111480
53.057559 176.184234
52.096359 176.256122
51.138986 176.327156
50.185612 176.397352
49.236409 176.466730
48.291554 176.535313
47.351223 176.603127
46.415593 176.670201
45.484842 176.736570
44.559149 176.802269
43.638691 176.867338
42.723648 176.931819
41.814198 176.995761
40.910518 177.059211
40.012785 177.122224
39.121178 177.184855
38.235872 177.247165
37.357042 177.309217
36.484863 177.371080
35.619507 177.432824
34.761147 177.494526
33.909953 177.556267
33.066094 177.618132
32.229736 177.680210
31.401046 177.742597
30.580186 177.805390
29.767319 177.868696
28.962601 177.932622
28.166189 177.997283
27.378236 178.062799
26.598890 178.129292
25.828298 178.196892
25.066600 178.265733
24.313935 178.335952
23.570435 178.407695
22.836229 178.481109
22.111439 178.556347
21.396184 178.633567
20.690577 178.712931
19.994723 178.794608
19.308723 178.878767
18.632672 178.965586
17.966658 179.055245
17.310763 179.147929
16.665060 179.243824
16.029620 179.343124
15.404502 179.446024
14.789763 179.552722
14.185450 179.663420
13.591606 179.778322
13.008266 179.897635
12.435460 180.021567
11.873210 180.150329
11.321533 180.284132
10.780439 180.423190
10.249930 180.567716
9.730006 180.717926
9.220658 180.874034
8.721873 181.036255
8.233633 181.204806
7.755915 181.379898
7.288690 181.561744
6.831923 181.750557
6.385577 181.946544
5.949605 182.149913
5.523960 182.360869
5.108585 182.579612
4.703421 182.806339
4.308402 183.041243
3.923457 183.284509
3.548511 183.536318
3.183482 183.796843
2.828282 184.066249
2.482819 184.344695
2.146992 184.632329
1.820697 184.929291
1.503822 185.235711
1.196251 185.551708
0.897862 185.877392
0.608527 186.212858
0.328112 186.558192
0.056482 186.913468
-0.206508 187.278744
-0.461001 187.654068
-0.707148 188.039474
-0.945103 188.434982
-1.175019 188.840597
-1.397056 189.256313
-1.611372 189.682106
-1.818130 190.117940
-2.017490 190.563764
-2.209615 191.019511
-2.394669 191.485101
-2.572813 191.960439
-2.744208 192.445415
-2.909014 192.939904
-3.067390 193.443769
-3.219493 193.956855
-3.365477 194.478997
-3.505496 195.010013
-3.639702 195.549707
-3.768243 196.097870
-3.891265 196.654279
-4.008909 197.218699
-4.121316 197.790878
-4.228621 198.370556
-4.330955 198.957457
-4.428444 199.551294
-4.521214 200.151765
-4.609382 200.758561
-4.693062 201.371358
-4.772363 201.989823
-4.847389 202.613612
-4.918238 203.242371
-4.985002 203.875737
-5.047766 204.513338
-5.106611 205.154793
-5.161608 205.799714
-5.212825 206.447707
-5.260318 207.098373
-5.304139 207.751310
-5.344330 208.406109
-5.380924 209.062361
-5.413945 209.719654
-5.443409 210.377577
-5.469319 211.035716
-5.491669 211.693661
-5.510444 212.351001
-5.525616 213.007331
-5.537145 213.662245
-5.544984 214.315346
-5.549071 214.966238
-5.549336 215.614533
-5.545698 216.259850
-5.538063 216.901811
-5.526330 217.540047
-5.510386 218.174197
-5.490112 218.803906
-5.465376 219.428828
-5.436041 220.048626
-5.401961 220.662970
-5.362982 221.271541
-5.318944 221.874028
-5.269681 222.470131
-5.215022 223.059559
-5.154792 223.642031
-5.088808 224.217278
-5.016885 224.785039
-4.938834 225.345067
-4.854460 225.897126
-4.763566 226.440988
-4.665954 226.976442
-4.561420 227.503286
-4.449762 228.021329
-4.330776 228.530396
-4.204254 229.030319
-4.069990 229.520945
-3.927778 230.002133
-3.777412 230.473755
-3.618689 230.935694
-3.451406 231.387850
-3.275362 231.830132
-3.090362 232.262464
-2.896210 232.684780
-2.692718 233.097029
-2.479701 233.499175
-2.256979 233.891191
-2.024377 234.273064
-1.781727 234.644793
-1.528868 235.006388
-1.265646 235.357871
-0.991914 235.699273
-0.707536 236.030637
-0.412382 236.352016
-0.106332 236.663472
0.210721 236.965075
0.538877 237.256908
0.878222 237.539057
1.228831 237.811618
1.590767 238.074696
1.964081 238.328400
2.348811 238.572847
2.744983 238.808160
3.152607 239.034467
3.571682 239.251902
4.002194 239.460605
4.444113 239.660720
4.897399 239.852397
5.361998 240.035790
5.837844 240.211059
6.324857 240.378365
6.822948 240.537875
7.332015 240.689759
7.851946 240.834189
8.382618 240.971341
8.923900 241.101393
9.475647 241.224524
10.037707 241.340916
10.609917 241.450751
11.192106 241.554213
11.784092 241.651486
12.385685 241.742753
12.996689 241.828200
13.616897 241.908011
14.246097 241.982370
14.884068 242.051460
15.530580 242.115465
16.185401 242.174570
16.848289 242.228953
17.518999 242.278795
18.197279 242.324272
18.882874 242.365558
19.575524 242.402827
20.274966 242.436248
20.980933 242.465988
21.693158 242.492211
22.411369 242.515076
23.135293 242.534739
23.864657 242.551353
24.599187 242.565066
25.338610 242.576024
26.082653 242.584366
26.831043 242.590229
27.583508 242.593744
28.339780 242.595039
29.099593 242.594237
29.862684 242.591454
30.628794 242.586804
31.397668 242.580395
32.169057 242.572330
32.942715 242.562709
33.718404 242.551624
34.495891 242.539165
35.274950 242.525414
36.055363 242.510451
36.836918 242.494351
37.619412 242.477180
38.402650 242.459005
39.186446 242.439883
39.970618 242.419871
40.754999 242.399016
41.539425 242.377367
42.323743 242.354963
43.107808 242.331842
43.891482 242.308037
44.674639 242.283578
45.457158 242.258490
46.238929 242.232794
47.019852 242.206511
47.799836 242.179653
48.578797 242.152235
49.356664 242.124264
50.133372 242.095748
50.908867 242.066691
51.683106 242.037094
52.456053 242.006957
53.227683 241.976275
53.997982 241.945043
54.766942 241.913252
55.534567 241.880892
56.300871 241.847952
57.065876 241.814416
57.829613 241.780270
58.592122 241.745493
59.353452 241.710068
60.113661 241.673973
60.872814 241.637185
61.630985 241.599681
62.388256 241.561437
63.144716 241.522427
63.900464 241.482623
64.655604 241.442001
65.410247 241.400532
66.164511 241.358189
66.918522 241.314946
67.672408 241.270775
68.426305 241.225651
69.180350 241.179549
69.934689 241.132443
70.689468 241.084310
71.444836 241.035128
72.200947 240.984876
72.957956 240.933535
73.716019 240.881088
74.475295 240.827518
75.235943 240.772812
75.998119 240.716959
76.761984 240.659948
77.527694 240.601773
78.295404 240.542428
79.065270 240.481911
79.837440 240.420219
80.612066 240.357355
81.389292 240.293321
82.169261 240.228122
82.952112 240.161765
83.737980 240.094260
84.526993 240.025617
85.319276 239.955849
86.114948 239.884971
86.914122 239.812998
87.716904 239.739944
88.523396 239.665828
89.333689 239.590665
90.147870 239.514473
90.966019 239.437269
91.788207 239.359071
92.614498 239.279895
93.444947 239.199759
94.279604 239.118680
95.118507 239.036677
95.961689 238.953766
96.809172 238.869963
97.660974 238.785286
98.517100 238.699751
99.377550 238.613375
100.242317 238.526174
101.111382 238.438163
101.984722 238.349357
102.862303 238.259771
103.744084 238.169420
104.630017 238.078317
105.520044 237.986476
106.414102 237.893908
107.312120 237.800626
108.214020 237.706637
109.119719 237.611953
110.029126 237.516578
110.942146 237.420520
111.858678 237.323782
112.778616 237.226366
113.701847 237.128274
114.628257 237.029505
115.557724 236.930056
116.490125 236.829921
117.425330 236.729094
118.363208 236.627565
119.303625 236.525324
120.246444 236.422356
121.191527 236.318645
122.138734 236.214174
123.087925 236.108923
124.038957 236.002869
124.991690 235.895989
125.945979 235.788256
126.901684 235.679643
127.858662 235.570122
128.816772 235.459662
129.775875 235.348232
130.735832 235.235801
131.696508 235.122338
132.657767 235.007812
133.619477 234.892194
134.581509 234.775456
135.543735 234.657571
136.506031 234.538513
137.468274 234.418261
138.430345 234.296794
139.392128 234.174095
140.353511 234.050150
141.314382 233.924946
142.274634 233.798476
143.234163 233.670735
144.192865 233.541722
145.150640 233.411438
146.107389 233.279887
147.063016 233.147079
148.017424 233.013024
148.970518 232.877735
149.922204 232.741231
150.872389 232.603530
151.820981 232.464655
152.767888 232.324630
153.713016 232.183484
154.656273 232.041246
155.597568 231.897948
156.536805 231.753626
157.473892 231.608318
158.408734 231.462062
159.341238 231.314903
160.271307 231.166884
161.198845 231.018051
162.123757 230.868455
163.045944 230.718146
163.965310 230.567176
164.881756 230.415601
165.795185 230.263479
166.705496 230.110867
167.612588 229.957827
168.516360 229.804421
169.416707 229.650713
170.313524 229.496771
171.206705 229.342662
172.096140 229.188456
172.981720 229.034222
173.863333 228.880034
174.740866 228.725964
175.614203 228.572085
176.483228 228.418470
177.347822 228.265192
178.207864 228.112321
179.063233 227.959929
179.913804 227.808083
180.759453 227.656851
181.600052 227.506295
182.435472 227.356476
183.265584 227.207452
184.090255 227.059275
184.909354 226.911994
185.722744 226.765652
186.530293 226.620289
187.331865 226.475936
188.127326 226.332621
188.916541 226.190364
189.699377 226.049183
190.475703 225.909084
191.245391 225.770073
192.008317 225.632144
192.764358 225.495289
193.513397 225.359491
194.255323 225.224729
194.990028 225.090974
195.717409 224.958190
196.437372 224.826336
197.149824 224.695365
197.854680 224.565222
198.551861 224.435846
199.241291 224.307171
199.922902 224.179123
200.596628 224.051622
201.262411 223.924582
201.920198 223.797910
202.569940 223.671506
203.211594 223.545265
203.845122 223.419074
204.470489 223.292813
205.087668 223.166358
205.696633 223.039576
206.297364 222.912328
206.889844 222.784470
207.474061 222.655850
208.050009 222.526310
208.617683 222.395683
209.177084 222.263798
209.728214 222.130476
210.271081 221.995533
210.805695 221.858777
211.332066 221.720012
211.850211 221.579036
212.360147 221.435641
212.861893 221.289616
213.355469 221.140743
213.840898 220.988802
214.318204 220.833568
214.787411 220.674813
215.248543 220.512307
215.701626 220.345817
216.146685 220.175106
216.583747 219.999940
217.012837 219.820080
217.433979 219.635289
217.847198 219.445332
218.252515 219.249973
218.649952 219.048976
219.039526 218.842111
219.421252 218.629146
219.795145 218.409856
220.161211 218.184016
220.519457 217.951407
220.869882 217.711814
221.212484 217.465027
221.547254 217.210841
221.874179 216.949058
222.193242 216.679485
222.504422 216.401939
222.807693 216.116240
223.103028 215.822219
223.390395 215.519717
223.669760 215.208581
223.941086 214.888668
224.204334 214.559846
224.459463 214.221994
224.706429 213.874999
224.945189 213.518763
225.175696 213.153196
225.397905 212.778222
225.611768 212.393774
225.817241 211.999799
226.014278 211.596257
226.202835 211.183119
226.382869 210.760371
226.554337 210.328011
226.717200 209.886050
226.871420 209.434514
227.016960 208.973443
227.153786 208.502891
227.281868 208.022924
227.401179 207.533626
227.511694 207.035092
227.613393 206.527433
227.706260 206.010773
227.790284 205.485252
227.865456 204.951022
227.931776 204.408253
227.989248 203.857126
228.037880 203.297838
228.077688 202.730599
228.108692 202.155634
228.130920 201.573182
228.144403 200.983494
228.149181 200.386835
228.145298 199.783482
228.132804 199.173725
228.111755 198.557865
228.082214 197.936217
228.044248 197.309105
227.997928 196.676865
227.943333 196.039841
227.880543 195.398389
227.809647 194.752873
227.730732 194.103666
227.643895 193.451150
227.549230 192.795711
227.446837 192.137745
227.336816 191.477651
227.219272 190.815835
227.094305 190.152704
226.962018 189.488670
226.822516 188.824146
226.675897 188.159548
226.522262 187.495292
226.361709 186.831793
226.194330 186.169468
226.020216 185.508729
225.839454 184.849990
225.652125 184.193661
225.458305 183.540151
225.258065 182.889864
225.051469 182.243203
224.838575 181.600565
224.619436 180.962343
224.394096 180.328927
224.162593 179.700698
223.924959 179.078035
223.681218 178.461307
223.431386 177.850878
223.175475 177.247104
222.913488 176.650333
222.645420 176.060905
222.371262 175.479149
222.090994 174.905388
221.804592 174.339931
221.512022 173.783079
221.213245 173.235119
220.908213 172.696329
220.596871 172.166972
220.279159 171.647301
219.955007 171.137552
219.624341 170.637950
219.287080 170.148705
218.943138 169.670014
218.592421 169.202057
218.234832 168.745000
217.870269 168.298994
217.498625 167.864175
217.119790 167.440662
216.733651 167.028562
216.340092 166.627963
215.938995 166.238940
215.530240 165.861551
215.113707 165.495842
214.689277 165.141840
214.256829 164.799560
213.816245 164.469003
213.367408 164.150154
212.910205 163.842987
212.444523 163.547462
211.970255 163.263526
211.487298 162.991116
210.995552 162.730156
210.494924 162.480561
209.985327 162.242235
209.466678 162.015072
208.938905 161.798957
208.401939 161.593767
207.855721 161.399367
207.300201 161.215618
206.735336 161.042369
206.161091 160.879462
205.577441 160.726732
204.984370 160.584005
204.381870 160.451102
203.769942 160.327837
203.148596 160.214016
202.517853 160.109439
201.877738 160.013903
201.228288 159.927196
200.569548 159.849105
199.901569 159.779409
199.224412 159.717887
198.538144 159.664312
197.842842 159.618456
197.138587 159.580090
196.425469 159.548981
195.703585 159.524899
194.973037 159.507611
194.233935 159.496886
193.486393 159.492493
192.730532 159.494203
191.966476 159.501788
191.194357 159.515024
190.414309 159.533690
189.626471 159.557565
188.830985 159.586435
188.027997 159.620090
187.217656 159.658321
186.400112 159.700927
185.575519 159.747709
184.744031 159.798473
183.905804 159.853031
183.060996 159.911199
182.209764 159.972799
181.352264 160.037658
180.488654 160.105606
179.619090 160.176482
178.743727 160.250128
177.862718 160.326391
176.976215 160.405124
176.084368 160.486184
175.187323 160.569433
174.285226 160.654737
173.378217 160.741967
172.466435 160.830997
171.550015 160.921707
170.629086 161.013979
169.703777 161.107702
168.774209 161.202766
167.840501 161.299069
166.902767 161.396511
165.961116 161.494996
165.015653 161.594435
164.066480 161.694740
163.113690 161.795831
162.157377 161.897631
161.197627 162.000067
160.234522 162.103073
159.268140 162.206587
158.298556 162.310550
157.325840 162.414910
156.350056 162.519617
155.371267 162.624626
154.389532 162.729896
153.404906 162.835389
152.417438 162.941069
151.427179 163.046905
150.434174 163.152866
149.438466 163.258928
148.440093 163.365065
147.439094 163.471257
146.435504 163.577484
145.429354 163.683729
144.420674 163.789977
143.409494 163.896213
142.395838 164.002425
141.379732 164.108603
140.361197 164.214737
139.340255 164.320817
138.316925 164.426838
137.291226 164.532792
136.263175 164.638674
135.232789 164.744479
134.200083 164.850204
133.165072 164.955845
132.127771 165.061401
131.088193 165.166869
130.046353 165.272249
129.002264 165.377541
127.955939 165.482744
126.907391 165.587861
125.856633 165.692892
124.803680 165.797841
123.748544 165.902710
122.691241 166.007503
121.631784 166.112222
120.570190 166.216871
119.506475 166.321454
118.440657 166.425972
117.372756 166.530430
116.302791 166.634827
115.230783 166.739166
114.156757 166.843446
113.080737 166.947668
112.002748 167.051828
110.922821 167.155924
109.840984 167.259951
108.757270 167.363901
107.671714 167.467765
106.584354 167.571534
105.495228 167.675194
104.404379 167.778733
103.311853 167.882135
102.217697 167.985383
101.121961 168.088461
100.024700 168.191351
98.925971 168.294033
97.825835 168.396489
96.724359 168.498700
95.621611 168.600645
94.517664 168.702305
93.412596 168.803658
92.306487 168.904684
91.199424 169.005361
90.091496 169.105669
88.982797 169.205587
87.873426 169.305093
86.763486 169.404168
85.653084 169.502790
84.542330 169.600939
83.431340 169.698597
82.320233 169.795743
81.209134 169.892358
80.098172 169.988423
78.987482 170.083921
77.877205 170.178832
76.767484 170.273138
75.658471 170.366821
74.550321 170.459863
73.443197 170.552246
72.337266 170.643952
71.232701 170.734963
70.129682 170.825260
69.028396 170.914828
67.929033 171.003648
66.831790 171.091706
65.736872 171.178987
64.644487 171.265476
63.554849 171.351162
62.468178 171.436033
61.384697 171.520080
60.304636 171.603294
59.228229 171.685669
58.155711 171.767200
57.087324 171.847885
56.023310 171.927723
54.963916 172.006715
53.909389 172.084865
52.859981 172.162177
51.815941 172.238661
50.777522 172.314325
49.744975 172.389181
48.718554 172.463242
47.698510 172.536522
46.685094 172.609037
45.678556 172.680802
44.679139 172.751834
43.687086 172.822146
42.702631 172.891753
41.726009 172.960669
40.757444 173.028907
39.797161 173.096479
38.845374 173.163398
37.902295 173.229674
36.968130 173.295316
36.043076 173.360335
35.127325 173.424738
34.221064 173.488532
33.324471 173.551722
32.437718 173.614314
31.560972 173.676311
30.694388 173.737716
29.838113 173.798529
28.992284 173.858752
28.157026 173.918385
27.332453 173.977427
26.518665 174.035876
25.715751 174.093732
24.923788 174.150992
24.142835 174.207655
23.372940 174.263718
22.614133 174.319179
21.866428 174.374037
21.129823 174.428290
20.404299 174.481934
19.689820 174.534967
18.986329 174.587387
18.293755 174.639191
17.612005 174.690375
16.940969 174.740934
16.280521 174.790866
15.630512 174.840164
14.990779 174.888823
14.361140 174.936836
13.741395 174.984198
13.131329 175.030900
12.530709 175.076933
11.939284 175.122290
11.356790 175.166960
10.782945 175.210934
10.217453 175.254200
9.660003 175.296746
9.110268 175.338563
8.567909 175.379638
8.032572 175.419960
7.503891 175.459520
6.981490 175.498307
6.464983 175.536316
5.953975 175.573540
5.448061 175.609976
4.946830 175.645622
4.449860 175.680476
3.956725 175.714539
3.466989 175.747816
2.980211 175.780309
2.495947 175.812026
2.013744 175.842975
1.533147 175.873165
1.053696 175.902607
0.574930 175.931314
0.096381 175.959300
-0.382418 175.986579
-0.861933 176.013169
-1.342629 176.039085
-1.824968 176.064347
-2.309411 176.088975
-2.796411 176.112987
-3.286417 176.136404
-3.779874 176.159246
-4.277216 176.181537
-4.778872 176.203297
-5.285261 176.224548
-5.796789 176.245314
-6.313854 176.265616
-6.836840 176.285477
-7.366118 176.304919
-7.902044 176.323965
-8.444963 176.342638
-8.995200 176.360958
-9.553067 176.378950
-10.118860 176.396637
-10.692857 176.414039
-11.275321 176.431181
-11.866497 176.448084
-12.466614 176.464772
-13.075883 176.481267
-13.694498 176.497591
-14.322636 176.513766
-14.960456 176.529814
-15.608099 176.545755
-16.265688 176.561611
-16.933331 176.577401
-17.611116 176.593144
-18.299112 176.608858
-18.997375 176.624560
-19.705940 176.640265
-20.424828 176.655987
-21.154045 176.671740
-21.893580 176.687533
-22.643410 176.703378
-23.403494 176.719282
-24.173778 176.735253
-24.954197 176.751295
-25.744668 176.767412
-26.545100 176.783606
-27.355387 176.799877
-28.175414 176.816223
-29.005053 176.832643
-29.844167 176.849131
-30.692609 176.865683
-31.550223 176.882290
-32.416844 176.898947
-33.292298 176.915642
-34.176406 176.932368
-35.068983 176.949111
-35.969836 176.965859
-36.878769 176.982599
-37.795583 176.999316
-38.720073 177.015994
-39.652031 177.032615
-40.591247 177.049160
-41.537508 177.065609
-42.490601 177.081940
-43.450312 177.098131
-44.416429 177.114160
-45.388737 177.130000
-46.367025 177.145627
-47.351082 177.161015
-48.340700 177.176134
-49.335674 177.190958
-50.335801 177.205455
-51.340881 177.219596
-52.350720 177.233350
-53.365125 177.246683
-54.383907 177.259562
-55.406885 177.271954
-56.433878 177.283823
-57.464712 177.295135
-58.499220 177.305854
-59.537237 177.315944
-60.578606 177.325369
-61.623174 177.334094
-62.670796 177.342083
-63.721330 177.349302
-64.774643 177.355714
-65.830606 177.361285
-66.889095 177.365982
-67.949994 177.369770
-69.013191 177.372617
-70.078579 177.374490
-71.146059 177.375356
-72.215537 177.375184
-73.286923 177.373944
-74.360133 177.371605
-75.435087 177.368139
-76.511713 177.363518
-77.589940 177.357716
-78.669702 177.350708
-79.750938 177.342468
-80.833590 177.332973
-81.917605 177.322202
-83.002932 177.310133
-84.089525 177.296746
-85.177340 177.282023
-86.266336 177.265947
-87.356474 177.248502
-88.447719 177.229674
-89.540035 177.209449
-90.633392 177.187819
-91.727759 177.164772
-92.823108 177.140302
-93.919412 177.114402
-95.016646 177.087070
-96.114784 177.058302
-97.213801 177.028098
-98.313673 176.996457
-99.414377 176.963383
-100.515890 176.928880
-101.618187 176.892952
-102.721246 176.855608
-103.825040 176.816856
-104.929546 176.776706
-106.034737 176.735170
-107.140588 176.692261
-108.247069 176.647995
-109.354152 176.602388
-110.461807 176.555459
-111.570002 176.507226
-112.678703 176.457711
-113.787876 176.406936
-114.897482 176.354924
-116.007483 176.301698
-117.117838 176.247285
-118.228502 176.191709
-119.339431 176.134997
-120.450576 176.077176
-121.561887 176.018274
-122.673313 175.958319
-123.784799 175.897340
-124.896287 175.835366
-126.007719 175.772425
-127.119032 175.708548
-128.230161 175.643763
-129.341040 175.578099
-130.451600 175.511584
-131.561768 175.444248
-132.671469 175.376118
-133.780628 175.307221
-134.889165 175.237583
-135.997000 175.167230
-137.104049 175.096188
-138.210228 175.024480
-139.315447 174.952130
-140.419618 174.879160
-141.522649 174.805592
-142.624447 174.731447
-143.724917 174.656743
-144.823962 174.581501
-145.921484 174.505737
-147.017381 174.429470
-148.111551 174.352717
-149.203892 174.275493
-150.294299 174.197817
-151.382669 174.119704
-152.468895 174.041171
-153.552871 173.962234
-154.634490 173.882910
-155.713642 173.803214
-156.790220 173.723165
-157.864114 173.642778
-158.935216 173.562071
-160.003415 173.481062
-161.068603 173.399768
-162.130669 173.318209
-163.189503 173.236403
-164.244995 173.154370
-165.297037 173.072129
-166.345517 172.989701
-167.390328 172.907106
-168.431359 172.824366
-169.468502 172.741502
-170.501649 172.658538
-171.530693 172.575498
-172.555525 172.492405
-173.576039 172.409285
-174.592130 172.326164
-175.603691 172.243067
-176.610618 172.160023
-177.612805 172.077060
-178.610149 171.994207
-179.602546 171.911493
-180.589892 171.828950
-181.572086 171.746610
-182.549024 171.664507
-183.520605 171.582674
-184.486728 171.501148
-185.447293 171.419965
-186.402199 171.339164
-187.351346 171.258783
-188.294634 171.178862
-189.231965 171.099444
-190.163239 171.020568
-191.088359 170.942280
-192.007227 170.864620
-192.919746 170.787634
-193.825820 170.711366
-194.725352 170.635859
-195.618248 170.561156
-196.504414 170.487300
-197.383757 170.414332
-198.256186 170.342292
-199.121608 170.271216
-199.979933 170.201140
-200.831071 170.132096
-201.674932 170.064114
-202.511428 169.997219
-203.340474 169.931436
-204.161984 169.866784
-204.975874 169.803278
-205.782062 169.740931
-206.580466 169.679749
-207.371008 169.619736
-208.153610 169.560888
-208.928197 169.503198
-209.694695 169.446654
-210.453035 169.391238
-211.203147 169.336924
-211.944965 169.283684
-212.678424 169.231481
-213.403464 169.180275
-214.120025 169.130016
-214.828052 169.080650
-215.527490 169.032118
-216.218289 168.984350
-216.900402 168.937274
-217.573782 168.890809
-218.238388 168.844869
-218.894182 168.799359
-219.541130 168.754181
-220.179199 168.709227
-220.808362 168.664384
-221.428597 168.619533
-222.039884 168.574547
-222.642209 168.529294
-223.235562 168.483632
-223.819938 168.437417
-224.395334 168.390494
-224.961755 168.342705
-225.519209 168.293882
-226.067709 168.243853
-226.607272 168.192438
-227.137919 168.139451
-227.659679 168.084701
-228.172581 168.027989
-228.676662 167.969112
-229.171962 167.907859
-229.658527 167.844015
-230.136405 167.777361
-230.605651 167.707671
-231.066323 167.634716
-231.518483 167.558262
-231.962200 167.478070
-232.397543 167.393900
-232.824589 167.305505
-233.243417 167.212637
-233.654108 167.115042
-234.056750 167.012464
-234.451430 166.904642
-234.838240 166.791314
-235.217276 166.672216
-235.588635 166.547080
-235.952416 166.415638
-236.308720 166.277621
-236.657651 166.132759
-236.999314 165.980780
-237.333814 165.821416
-237.661260 165.654396
-237.981760 165.479450
-238.295426 165.296311
-238.602367 165.104713
-238.902697 164.904389
-239.196529 164.695078
-239.483976 164.476519
-239.765153 164.248455
-240.040175 164.010631
-240.309159 163.762797
-240.572220 163.504706
-240.829474 163.236115
-241.081037 162.956787
-241.327025 162.666487
-241.567553 162.364988
-241.802735 162.052066
-242.032682 161.727504
-242.257507 161.391091
-242.477317 161.042621
-242.692221 160.681897
-242.902324 160.308728
-243.107732 159.922930
-243.308547 159.524330
-243.504869 159.112760
-243.696800 158.688062
-243.884436 158.250090
-244.067875 157.798703
-244.247211 157.333773
-244.422537 156.855181
-244.593945 156.362819
-244.761522 155.856587
-244.925356 155.336401
-245.085532 154.802183
-245.242134 154.253872
-245.395240 153.691415
-245.544929 153.114773
-245.691277 152.523920
-245.834359 151.918843
-245.974246 151.299542
-246.111009 150.666033
-246.244716 150.018345
-246.375436 149.356522
-246.503233 148.680622
-246.628170 147.990719
-246.750311 147.286896
-246.869717 146.569254
-246.986448 145.837903
-247.100562 145.092969
-247.212120 144.334588
-247.321178 143.562909
-247.427793 142.778094
-247.532020 141.980314
-247.633915 141.169754
-247.733532 140.346609
-247.830923 139.511085
-247.926140 138.663396
-248.019235 137.803770
-248.110258 136.932441
-248.199258 136.049654
-248.286283 135.155660
-248.371381 134.250720
-248.454598 133.335101
-248.535980 132.409079
-248.615570 131.472935
-248.693413 130.526955
-248.769552 129.571435
-248.844032 128.606671
-248.916897 127.632967
-248.988190 126.650631
-249.057956 125.659971
-249.126237 124.661302
-249.193080 123.654937
-249.258526 122.641194
-249.322619 121.620389
-249.385404 120.592841
-249.446922 119.558867
-249.507216 118.518784
-249.566330 117.472906
-249.624305 116.421547
-249.681183 115.365019
-249.737005 114.303628
-249.791813 113.237680
-249.845647 112.167476
-249.898546 111.093310
-249.950551 110.015474
-250.001701 108.934253
-250.052035 107.849926
-250.101590 106.762765
-250.150403 105.673035
-250.198512 104.580993
-250.245949 103.486888
-250.292750 102.390959
-250.338946 101.293439
-250.384569 100.194551
-250.429648 99.094512
-250.474211 97.993531
-250.518285 96.891807
-250.561892 95.789534
-250.605055 94.686897
-250.647791 93.584072
-250.690117 92.481231
-250.732047 91.378535
-250.773591 90.276139
-250.814757 89.174190
-250.855550 88.072827
-250.895972 86.972184
-250.936019 85.872387
-250.975688 84.773553
-251.014968 83.675796
-251.053847 82.579220
-251.092307 81.483927
-251.130329 80.390008
-251.167886 79.297553
-251.204950 78.206643
-251.241486 77.117355
-251.277453 76.029761
-251.312808 74.943926
-251.347499 73.859914
-251.381470 72.777781
-251.414659 71.697581
-251.446996 70.619364
-251.478405 69.543176
-251.508806 68.469060
-251.538109 67.397055
-251.566219 66.327197
-251.593033 65.259521
-251.618443 64.194056
-251.642331 63.130832
-251.664577 62.069875
-251.685048 61.011210
-251.703611 59.954857
-251.720120 58.900839
-251.734428 57.849173
-251.746379 56.799877
-251.755810 55.752967
-251.762555 54.708457
-251.766439 53.666362
-251.767284 52.626692
-251.764905 51.589462
-251.759114 50.554681
-251.749719 49.522360
-251.736523 48.492510
-251.719327 47.465140
-251.697926 46.440256
-251.672114 45.417866
-251.641685 44.397974
-251.606426 43.380587
-251.566126 42.365706
-251.520574 41.353335
-251.469556 40.343475
-251.412859 39.336125
-251.350272 38.331285
-251.281583 37.328953
-251.206584 36.329126
-251.125066 35.331801
-251.036825 34.336972
-250.941660 33.344634
-250.839372 32.354781
-250.729768 31.367404
-250.612658 30.382495
-250.487861 29.400044
-250.355198 28.420042
-250.214499 27.442477
-250.065600 26.467336
-249.908346 25.494608
-249.742591 24.524279
-249.568198 23.556337
-249.385041 22.590766
-249.193002 21.627552
-248.991977 20.666682
-248.781874 19.708141
-248.562612 18.751917
-248.334123 17.797995
-248.096353 16.846363
-247.849263 15.897010
-247.592824 14.949928
-247.327026 14.005106
-247.051870 13.062539
-246.767372 12.122224
-246.473563 11.184158
-246.170490 10.248344
-245.858212 9.314784
-245.536805 8.383488
-245.206359 7.454464
-244.866977 6.527728
-244.518777 5.603297
-244.161890 4.681194
-243.796462 3.761445
-243.422651 2.844081
-243.040625 1.929140
-242.650567 1.016661
-242.252671 0.106693
-241.847140 -0.800710
-241.434191 -1.705489
-241.014049 -2.607577
-240.586949 -3.506900
-240.153136 -4.403378
-239.712865 -5.296923
-239.266396 -6.187442
-238.814000 -7.074834
-238.355953 -7.958989
-237.892539 -8.839794
-237.424045 -9.717126
-236.950767 -10.590854
-236.473004 -11.460843
-235.991060 -12.326949
-235.505241 -13.189020
-235.015856 -14.046899
-234.523218 -14.900420
-234.027639 -15.749412
-233.529433 -16.593695
-233.028912 -17.433084
-232.526387 -18.267385
-232.022168 -19.096402
-231.516561 -19.919930
-231.009867 -20.737758
-230.502383 -21.549674
-229.994399 -22.355458
-229.486199 -23.154887
-228.978059 -23.947733
-228.470247 -24.733767
-227.963020 -25.512757
-227.456625 -26.284467
-226.951300 -27.048661
-226.447269 -27.805100
-225.944747 -28.553545
-225.443933 -29.293758
-224.945015 -30.025498
-224.448168 -30.748527
-223.953552 -31.462604
-223.461313 -32.167493
-222.971586 -32.862957
-222.484487 -33.548759
-222.000123 -34.224666
-221.518583 -34.890443
-221.039945 -35.545860
-220.564271 -36.190687
-220.091610 -36.824699
-219.621998 -37.447671
-219.155454 -38.059384
-218.691989 -38.659624
-218.231594 -39.248179
-217.774252 -39.824845
-217.319928 -40.389423
-216.868574 -40.941722
-216.420128 -41.481557
-215.974516 -42.008748
-215.531648 -42.523124
-215.091422 -43.024520
-214.653722 -43.512780
-214.218419 -43.987751
-213.785373 -44.449293
-213.354428 -44.897270
-212.925417 -45.331553
-212.498161 -45.752023
-212.072469 -46.158569
-211.648137 -46.551084
-211.224952 -46.929473
-210.802690 -47.293647
-210.381115 -47.643524
-209.959983 -47.979033
-209.539041 -48.300107
-209.118028 -48.606690
-208.696674 -48.898731
-208.274703 -49.176187
-207.851836 -49.439023
-207.427783 -49.687210
-207.002256 -49.920727
-206.574959 -50.139557
-206.145596 -50.343692
-205.713868 -50.533129
-205.279476 -50.707869
-204.842121 -50.867921
-204.401503 -51.013300
-203.957327 -51.144024
-203.509297 -51.260118
-203.057123 -51.361614
-202.600517 -51.448546
-202.139197 -51.520956
-201.672882 -51.578893
-201.201301 -51.622408
-200.724183 -51.651562
-200.241265 -51.666422
-199.752289 -51.667062
-199.257003 -51.653563
-198.755161 -51.626014
-198.246521 -51.584512
-197.730851 -51.529161
-197.207925 -51.460072
-196.677521 -51.377366
-196.139428 -51.281167
-195.593441 -51.171608
-195.039366 -51.048829
-194.477017 -50.912972
-193.906217 -50.764188
-193.326801 -50.602632
-192.738612 -50.428463
-192.141507 -50.241847
-191.535350 -50.042956
-190.920021 -49.831965
-190.295407 -49.609057
-189.661410 -49.374418
-189.017944 -49.128240
-188.364934 -48.870718
-187.702319 -48.602057
-187.030051 -48.322463
-186.348093 -48.032149
-185.656421 -47.731333
-184.955026 -47.420238
-184.243909 -47.099092
-183.523082 -46.768129
-182.792574 -46.427586
-182.052421 -46.077706
-181.302673 -45.718736
-180.543390 -45.350928
-179.774643 -44.974538
-178.996515 -44.589824
-178.209095 -44.197049
-177.412486 -43.796479
-176.606797 -43.388383
-175.792147 -42.973032
-174.968660 -42.550700
-174.136469 -42.121664
-173.295715 -41.686199
-172.446542 -41.244586
-171.589101 -40.797104
-170.723548 -40.344034
-169.850042 -39.885658
-168.968747 -39.422259
-168.079830 -38.954118
-167.183463 -38.481516
-166.279819 -38.004734
-165.369075 -37.524050
-164.451413 -37.039741
-163.527014 -36.552080
-162.596063 -36.061339
-161.658749 -35.567783
-160.715260 -35.071678
-159.765787 -34.573282
-158.810521 -34.072850
-157.849656 -33.570635
-156.883385 -33.066884
-155.911900 -32.561839
-154.935394 -32.055740
-153.954057 -31.548821
-152.968079 -31.041313
-151.977648 -30.533442
-150.982950 -30.025432
-149.984166 -29.517500
-148.981478 -29.009859
-147.975061 -28.502719
-146.965086 -27.996284
-145.951724 -27.490755
-144.935137 -26.986325
-143.915483 -26.483185
-142.892918 -25.981519
-141.867588 -25.481503
-140.839638 -24.983311
-139.809207 -24.487108
-138.776427 -23.993054
-137.741427 -23.501303
-136.704329 -23.012002
-135.665251 -22.525290
-134.624304 -22.041304
-133.581597 -21.560170
-132.537231 -21.082012
-131.491302 -20.606947
-130.443903 -20.135087
-129.395120 -19.666539
-128.345037 -19.201406
-127.293731 -18.739784
-126.241276 -18.281768
-125.187742 -17.827447
-124.133195 -17.376907
-123.077698 -16.930231
-122.021309 -16.487497
-120.964085 -16.048782
-119.906079 -15.614155
-118.847342 -15.183685
-117.787921 -14.757433
-116.727863 -14.335460
-115.667213 -13.917824
-114.606012 -13.504575
-113.544300 -13.095763
-112.482115 -12.691433
-111.419496 -12.291627
-110.356479 -11.896383
-109.293098 -11.505737
-108.229388 -11.119720
-107.165384 -10.738360
-106.101119 -10.361682
-105.036627 -9.989708
-103.971941 -9.622456
-102.907096 -9.259942
-101.842129 -8.902179
-100.777075 -8.549175
-99.711972 -8.200936
-98.646859 -7.857464
-97.581777 -7.518760
-96.516772 -7.184819
-95.451890 -6.855634
-94.387180 -6.531195
-93.322694 -6.211489
-92.258490 -5.896499
-91.194627 -5.586208
-90.131170 -5.280594
-89.068186 -4.979636
-88.005746 -4.683308
-86.943928 -4.391585
-85.882809 -4.104439
-84.822474 -3.821842
-83.763012 -3.543766
-82.704516 -3.270180
-81.647083 -3.001053
-80.590814 -2.736355
-79.535818 -2.476052
-78.482206 -2.220112
-77.430095 -1.968499
-76.379609 -1.721178
-75.330875 -1.478114
-74.284027 -1.239269
-73.239204 -1.004604
-72.196550 -0.774078
-71.156214 -0.547649
-70.118353 -0.325272
-69.083127 -0.106904
-68.050703 0.107504
-67.021252 0.317997
-65.994950 0.524625
-64.971979 0.727436
-63.952526 0.926483
-62.936779 1.121814
-61.924934 1.313484
-60.917190 1.501542
-59.913752 1.686041
-58.914828 1.867032
-57.920631 2.044567
-56.931377 2.218696
-55.947290 2.389469
-54.968592 2.556935
-53.995515 2.721142
-53.028289 2.882139
-52.067152 3.039971
-51.112339 3.194685
-50.164090 3.346328
-49.222646 3.494942
-48.288251 3.640573
-47.361147 3.783262
-46.441577 3.923053
-45.529784 4.059985
-44.626011 4.194100
-43.730499 4.325437
-42.843488 4.454033
-41.965216 4.579927
-41.095919 4.703154
-40.235829 4.823752
-39.385178 4.941756
-38.544192 5.057199
-37.713096 5.170117
-36.892108 5.280545
-36.081445 5.388516
-35.281318 5.494066
-34.491933 5.597229
-33.713490 5.698040
-32.946184 5.796533
-32.190203 5.892743
-31.445727 5.986705
-30.712930 6.078455
-29.991976 6.168026
-29.283023 6.255454
-28.586218 6.340774
-27.901699 6.424021
-27.229595 6.505230
-26.570026 6.584433
-25.923103 6.661664
-25.288924 6.736955
-24.667580 6.810339
-24.059151 6.881846
-23.463708 6.951507
-22.881311 7.019350
-22.312012 7.085402
-21.755851 7.149691
-21.212860 7.212240
-20.683060 7.273075
-20.166457 7.332219
-19.663049 7.389697
-19.172819 7.445532
-18.695737 7.499749
-18.231760 7.552372
-17.780831 7.603427
-17.342882 7.652937
-16.917832 7.700930
-16.505586 7.747431
-16.106041 7.792466
-15.719081 7.836060
-15.344580 7.878241
-14.982401 7.919034
-14.632400 7.958467
-14.294421 7.996566
-13.968300 8.033359
-13.653866 8.068871
-13.350937 8.103130
-13.059326 8.136163
-12.778838 8.167998
-12.509272 8.198662
-12.250418 8.228182
-12.002064 8.256586
-11.763988 8.283902
-11.535966 8.310157
-11.317766 8.335378
-11.109152 8.359592
-10.909885 8.382825
-10.719720 8.405105
-10.538408 8.426457
-10.365696 8.446910
-10.201331 8.466490
-10.045054 8.485225
-9.896604 8.503143
-9.755719 8.520271
-9.622136 8.536639
-9.495589 8.552277
-9.375812 8.567216
-9.262538 8.581490
-9.155500 8.595132
-9.054430 8.608179
-8.959059 8.620671
-8.869119 8.632649
-8.784342 8.644157
-8.704459 8.655244
-8.629202 8.665962
-8.558302 8.676366
-8.491492 8.686519
-8.428506 8.696484
-8.369078 8.706333
-8.312949 8.716141
-8.259862 8.725985
-8.209565 8.735951
-8.161811 8.746126
-8.116361 8.756605
-8.072981 8.767485
-8.031443 8.778870
-7.991525 8.790869
-7.953012 8.803597
-7.915695 8.817174
-7.879368 8.831728
-7.843836 8.847391
-7.808907 8.864302
-7.774396 8.882608
-7.740122 8.902462
-7.705914 8.924023
-7.671603 8.947459
-7.637027 8.972944
-7.602031 9.000660
-7.566463 9.030797
-7.530180 9.063551
-7.493042 9.099129
-7.454914 9.137744
-7.415669 9.179617
-7.375183 9.224980
-7.333339 9.274070
-7.290025 9.327134
-7.245137 9.384428
-7.198576 9.446214
-7.150253 9.512763
-7.100083 9.584351
-7.047991 9.661262
-6.993911 9.743789
-6.937783 9.832226
-6.879559 9.926878
-6.819198 10.028052
-6.756667 10.136060
-6.691944 10.251218
-6.625017 10.373847
-6.555881 10.504269
-6.484541 10.642808
-6.411012 10.789790
-6.335318 10.945542
-6.257491 11.110392
-6.177574 11.284666
-6.095617 11.468689
-6.011678 11.662783
-5.925826 11.867269
-5.838136 12.082463
-5.748691 12.308674
-5.657578 12.546211
-5.564895 12.795372
-5.470741 13.056452
-5.375222 13.329738
-5.278450 13.615507
-5.180539 13.914031
-5.081607 14.225571
-4.981776 14.550378
-4.881169 14.888694
-4.779914 15.240748
-4.678139 15.606759
-4.575971 15.986935
-4.473542 16.381467
-4.370982 16.790538
-4.268422 17.214314
-4.165993 17.652947
-4.063825 18.106575
-3.962049 18.575321
-3.860796 19.059290
-3.760195 19.558572
-3.660376 20.073241
-3.561469 20.603351
-3.463600 21.148940
-3.366899 21.710027
-3.271492 22.286611
-3.177506 22.878673
-3.085063 23.486177
-2.994285 24.109065
-2.905291 24.747264
-2.818195 25.400681
-2.733108 26.069205
-2.650134 26.752710
-2.569374 27.451051
-2.490923 28.164066
-2.414866 28.891578
-2.341287 29.633395
-2.270257 30.389308
-2.201844 31.159095
-2.136107 31.942520
-2.073096 32.739334
-2.012855 33.549275
-1.955421 34.372070
-1.900820 35.207434
-1.849075 36.055072
-1.800199 36.914679
-1.754197 37.785941
-1.711069 38.668537
-1.670806 39.562139
-1.633393 40.466412
-1.598809 41.381018
-1.567028 42.305613
-1.538014 43.239851
-1.511729 44.183383
-1.488128 45.135858
-1.467162 46.096924
-1.448774 47.066229
-1.432908 48.043422
-1.419502 49.028152
-1.408490 50.020072
-1.399806 51.018837
-1.393380 52.024105
-1.389141 53.035541
-1.387018 54.052811
-1.386937 55.075588
-1.388825 56.103552
-1.392608 57.136387
-1.398211 58.173787
-1.405561 59.215452
-1.414582 60.261090
-1.425200 61.310420
-1.437340 62.363168
-1.450927 63.419071
-1.465885 64.477878
-1.482141 65.539345
-1.499617 66.603244
-1.518240 67.669356
-1.537936 68.737474
-1.558631 69.807403
-1.580253 70.878959
-1.602731 71.951968
-1.625996 73.026270
-1.649981 74.101713
-1.674620 75.178158
-1.699850 76.255476
-1.725612 77.333548
-1.751847 78.412266
-1.778501 79.491532
-1.805522 80.571255
-1.832862 81.651358
-1.860476 82.731770
-1.888321 83.812432
-1.916360 84.893290
-1.944556 85.974303
-1.972876 87.055433
-2.001290 88.136653
-2.029772 89.217943
-2.058296 90.299285
-2.086842 91.380673
-2.115391 92.462100
-2.143927 93.543568
-2.172436 94.625080
-2.200906 95.706646
-2.229330 96.788277
-2.257701 97.869990
-2.286013 98.951801
-2.314265 100.033732
-2.342454 101.115805
-2.370582 102.198042
-2.398649 103.280466
-2.426658 104.363104
-2.454611 105.445977
-2.482515 106.529111
-2.510373 107.612529
-2.538190 108.696255
-2.565972 109.780310
-2.593726 110.864716
-2.621456 111.949493
-2.649171 113.034661
-2.676875 114.120238
-2.704576 115.206240
-2.732279 116.292682
-2.759992 117.379575
-2.787721 118.466932
-2.815473 119.554760
-2.843254 120.643065
-2.871073 121.731850
-2.898934 122.821117
-2.926844 123.910865
-2.954809 125.001090
-2.982834 126.091787
-3.010924 127.182949
-3.039084 128.274566
-3.067319 129.366627
-3.095633 130.459120
-3.124028 131.552029
-3.152508 132.645339
-3.181075 133.739032
-3.209731 134.833086
-3.238478 135.927481
-3.267315 137.022191
-3.296243 138.117191
-3.325261 139.212453
-3.354369 140.307947
-3.383564 141.403641
-3.412846 142.499504
-3.442213 143.595503
-3.471663 144.691603
-3.501192 145.787772
-3.530798 146.883974
-3.560477 147.980174
-3.590224 149.076339
-3.620035 150.172432
-3.649906 151.268420
-3.679831 152.364265
-3.709804 153.459933
-3.739820 154.555388
-3.769874 155.650593
-3.799957 156.745516
-3.830064 157.840122
-3.860189 158.934378
-3.890323 160.028252
-3.920459 161.121713
-3.950591 162.214730
-3.980712 163.307273
-4.010815 164.399313
-4.040895 165.490820
-4.070945 166.581766
-4.100960 167.672123
-4.130934 168.761861
-4.160862 169.850953
-4.190739 170.939372
-4.220561 172.027092
-4.250324 173.114085
-4.280025 174.200328
-4.309660 175.285794
-4.339228 176.370462
-4.368725 177.454310
-4.398150 178.537314
-4.427504 179.619457
-4.456785 180.700717
-4.485994 181.781078
-4.515133 182.860522
-4.544202 183.939033
-4.573204 185.016598
-4.602140 186.093203
-4.631014 187.168837
-4.659829 188.243494
-4.688588 189.317165
-4.717297 190.389849
-4.745958 191.461545
-4.774578 192.532256
-4.803161 193.601987
-4.831712 194.670747
-4.860237 195.738548
-4.888742 196.805403
-4.917233 197.871329
-4.945716 198.936345
-4.974199 200.000473
-5.002689 201.063737
-5.031195 202.126164
-5.059725 203.187783
-5.088289 204.248626
-5.116896 205.308725
-5.145556 206.368119
-5.174280 207.426846
-5.203080 208.484947
-5.231967 209.542465
-5.260954 210.599446
-5.290054 211.655935
-5.319280 212.711979
-5.348645 213.767627
-5.378161 214.822927
-5.407841 215.877931
-5.437695 216.932689
-5.467735 217.987255
-5.497970 219.041682
-5.528409 220.096024
-5.559062 221.150337
-5.589937 222.204675
-5.621043 223.259095
-5.652387 224.313652
-5.683977 225.368401
-5.715819 226.423396
-5.747918 227.478691
-5.780279 228.534337
-5.812906 229.590385
-5.845802 230.646882
-5.878970 231.703876
-5.912410 232.761410
-5.946125 233.819525
-5.980113 234.878260
-6.014374 235.937651
-6.048906 236.997729
-6.083706 238.058526
-6.118770 239.120066
-6.154093 240.182371
-6.189669 241.245459
-6.225492 242.309345
-6.261555 243.374037
-6.297848 244.439541
-6.334363 245.505858
-6.371089 246.572984
-6.408014 247.640909
-6.445126 248.709622
-6.482411 249.779105
-6.519853 250.849336
-6.557435 251.920293
-6.595140 252.991945
-6.632947 254.064261
-6.670834 255.137206
-6.708778 256.210742
-6.746754 257.284828
-6.784736 258.359423
-6.822695 259.434483
-6.860601 260.509961
-6.898420 261.585813
-6.936119 262.661992
-6.973662 263.738452
-7.011011 264.815148
-7.048127 265.892038
-7.084970 266.969080
-7.121501 268.046234
-7.157677 269.123462
-7.193457 270.200729
-7.228799 271.278001
-7.263659 272.355246
-7.297996 273.432436
-7.331765 274.509545
-7.364920 275.586552
-7.397417 276.663436
-7.429210 277.740183
-7.460253 278.816780
-7.490499 279.893221
-7.519903 280.969500
-7.548418 282.045618
-7.575999 283.121580
-7.602600 284.197397
-7.628175 285.273081
-7.652680 286.348652
-7.676070 287.424133
-7.698300 288.499551
-7.719327 289.574940
-7.739110 290.650336
-7.757605 291.725779
-7.774773 292.801314
-7.790574 293.876991
-7.804970 294.952861
-7.817884 296.025947
-7.829242 297.093266
-7.838972 298.151830
-7.847003 299.198643
-7.853266 300.230706
-7.857693 301.245011
-7.860222 302.238545
-7.860790 303.208287
-7.859337 304.151209
-7.855808 305.064275
-7.850150 305.944442
-7.842311 306.788658
-7.832245 307.593863
-7.819907 308.356986
-7.805257 309.074948
-7.788257 309.744659
-7.768873 310.363018
-7.747075 310.926911
-7.722835 311.433214
-7.696130 311.878788
-7.666939 312.260482
-7.635245 312.575130
-7.601034 312.819551
-7.564296 312.990551
-7.523902 313.012124
-7.479898 312.883844
-7.432334 312.605278
-7.381260 312.175989
-7.326728 311.595537
-7.268794 310.863473
-7.207513 309.979347
-7.142944 308.942700
-7.075146 307.753070
-7.004182 306.409990
-6.930114 304.912989
-6.853007 303.261588
-6.772926 301.455307
-6.689936 299.493658
-6.604107 297.376151
-6.515505 295.102290
-6.424200 292.671576
-6.330262 290.083504
-6.233760 287.337568
-6.134766 284.433255
-6.033350 281.370052
-5.929583 278.147443
-5.823535 274.764907
-5.715278 271.221923
-5.557781 264.817771
-5.400872 258.391689
-5.244631 251.946654
-5.089136 245.485653
-4.934465 239.011680
-4.780694 232.527739
-4.627899 226.036840
-4.476153 219.542002
-4.325529 213.046254
-4.176099 206.552634
-4.027932 200.064187
-3.881096 193.583969
-3.735658 187.115046
-3.591684 180.660492
-3.449234 174.223391
-3.308371 167.806837
-3.169154 161.413936
-3.031640 155.047802
-2.895884 148.711561
-2.761939 142.408351
-2.629856 136.141320
-2.499686 129.913628
-2.371474 123.728447
-2.245268 117.588962
