-0.130353 8.957820
-0.139671 9.574478
-0.149346 10.212514
-0.159381 10.872176
-0.169780 11.553700
-0.180545 12.257314
-0.191677 12.983233
-0.203177 13.731664
-0.215046 14.502805
-0.227282 15.296842
-0.239883 16.113951
-0.252847 16.954299
-0.266169 17.818041
-0.279846 18.705326
-0.293872 19.616288
-0.308239 20.551055
-0.322942 21.509744
-0.337970 22.492462
-0.353315 23.499305
-0.368968 24.530361
-0.384917 25.585708
-0.401152 26.665413
-0.417661 27.769535
-0.434431 28.898121
-0.451451 30.051212
-0.468707 31.228836
-0.483873 32.261898
-0.499072 33.307529
-0.514282 34.365238
-0.529480 35.434533
-0.544643 36.514922
-0.559748 37.605914
-0.574772 38.707017
-0.589692 39.817739
-0.604482 40.937590
-0.619120 42.066077
-0.633580 43.202710
-0.647839 44.346999
-0.661869 45.498454
-0.675647 46.656584
-0.689146 47.820903
-0.702341 48.990920
-0.715206 50.166149
-0.727714 51.346105
-0.739842 52.530301
-0.751562 53.718253
-0.762852 54.909478
-0.773686 56.103495
-0.784041 57.299822
-0.793895 58.497982
-0.803226 59.697495
-0.812013 60.897887
-0.820271 62.101609
-0.827986 63.308432
-0.835143 64.518139
-0.841730 65.730524
-0.847738 66.945393
-0.853158 68.162562
-0.857983 69.381858
-0.862209 70.603122
-0.865835 71.826203
-0.868860 73.050963
-0.871287 74.277275
-0.873120 75.505022
-0.874367 76.734098
-0.875038 77.964408
-0.875143 79.195868
-0.874698 80.428402
-0.873719 81.661947
-0.872222 82.896450
-0.870228 84.131866
-0.867757 85.368163
-0.864833 86.605316
-0.861478 87.843312
-0.857718 89.082147
-0.853579 90.321828
-0.849087 91.562370
-0.844271 92.803800
-0.839158 94.046153
-0.833778 95.289465
-0.828160 96.533771
-0.822334 97.779106
-0.816330 99.025505
-0.810179 100.273001
-0.803912 101.521628
-0.797560 102.771417
-0.791154 104.022400
-0.784727 105.274607
-0.778312 106.528066
-0.771940 107.782805
-0.765646 109.038849
-0.759462 110.296222
-0.753421 111.554945
-0.747557 112.815037
-0.741902 114.076517
-0.736489 115.339398
-0.731349 116.603692
-0.726514 117.869409
-0.722015 119.136555
-0.717880 120.405133
-0.714138 121.675142
-0.710816 122.946579
-0.707942 124.219437
-0.705540 125.493705
-0.703635 126.769368
-0.702248 128.046409
-0.701400 129.324804
-0.701111 130.604527
-0.701398 131.885548
-0.702277 133.167833
-0.703760 134.451342
-0.705861 135.736033
-0.708588 137.021859
-0.711950 138.308767
-0.715952 139.596701
-0.720598 140.885601
-0.725889 142.175403
-0.731827 143.466036
-0.738407 144.757426
-0.745628 146.049494
-0.753485 147.342157
-0.761971 148.635326
-0.771078 149.928906
-0.780797 151.222800
-0.791119 152.516904
-0.802033 153.811109
-0.813526 155.105301
-0.825587 156.399362
-0.838202 157.693168
-0.851359 158.986590
-0.865042 160.279496
-0.879239 161.571747
-0.893934 162.863201
-0.909112 164.153713
-0.924758 165.443131
-0.940855 166.731301
-0.957387 168.018064
-0.974337 169.303258
-0.991688 170.586716
-1.009423 171.868271
-1.027524 173.147748
-1.045974 174.424973
-1.064754 175.699767
-1.083846 176.971951
-1.103232 178.241342
-1.122894 179.507754
-1.142814 180.771002
-1.162975 182.030899
-1.183360 183.287256
-1.203952 184.539883
-1.224734 185.788592
-1.245690 187.033192
-1.266806 188.273496
-1.288064 189.509315
-1.309451 190.740463
-1.330951 191.966756
-1.352551 193.188011
-1.374237 194.404047
-1.395995 195.614689
-1.417813 196.819761
-1.439677 198.019093
-1.461575 199.212520
-1.483495 200.399879
-1.505425 201.581014
-1.527352 202.755775
-1.549265 203.924016
-1.571151 205.085601
-1.592999 206.240397
-1.614795 207.388284
-1.636527 208.529146
-1.658183 209.662877
-1.679749 210.789380
-1.701211 211.908570
-1.722557 213.020367
-1.743771 214.124705
-1.764839 215.221528
-1.785748 216.310789
-1.806480 217.392451
-1.827020 218.466490
-1.847354 219.532890
-1.867463 220.591647
-1.887331 221.642767
-1.906942 222.686265
-1.926279 223.722169
-1.945325 224.750515
-1.964062 225.771351
-1.982475 226.784735
-2.000545 227.790734
-2.018257 228.789427
-2.035593 229.780901
-2.052537 230.765253
-2.069074 231.742588
-2.085185 232.713021
-2.100856 233.676674
-2.116071 234.633677
-2.130814 235.584168
-2.145071 236.528293
-2.158826 237.466200
-2.172065 238.398047
-2.184773 239.323995
-2.196937 240.244211
-2.208542 241.158864
-2.219577 242.068127
-2.230030 242.972177
-2.239890 243.871190
-2.249146 244.765346
-2.257792 245.654823
-2.265819 246.539801
-2.273223 247.420459
-2.280001 248.296973
-2.286152 249.169520
-2.291679 250.038271
-2.296587 250.903395
-2.300884 251.765057
-2.304582 252.623415
-2.307696 253.478622
-2.310245 254.330827
-2.312254 255.180168
-2.313749 256.026777
-2.314764 256.870776
-2.315335 257.712279
-2.315504 258.551389
-2.315320 259.388198
-2.314834 260.222787
-2.314104 261.055225
-2.313193 261.885566
-2.312169 262.713854
-2.311105 263.540120
-2.310079 264.364378
-2.309174 265.186631
-2.308478 266.006868
-2.308083 266.825062
-2.308088 267.641174
-2.308595 268.455148
-2.309711 269.266912
-2.311550 270.076381
-2.314226 270.883453
-2.317862 271.688010
-2.322583 272.489919
-2.328518 273.289032
-2.335801 274.085183
-2.344569 274.878194
-2.354963 275.667870
-2.367127 276.454003
-2.381211 277.236368
-2.397365 278.014728
-2.415745 278.788833
-2.436508 279.558418
-2.459815 280.323207
-2.485829 281.082911
-2.514714 281.837229
-2.546638 282.585846
-2.581768 283.328439
-2.620273 284.064672
-2.662320 284.794199
-2.708078 285.516663
-2.757713 286.231698
-2.811390 286.938929
-2.869272 287.637969
-2.931516 288.328427
-2.998278 289.009900
-3.069705 289.681981
-3.145942 290.344255
-3.227125 290.996299
-3.313383 291.637686
-3.404837 292.267982
-3.501601 292.886749
-3.603777 293.493543
-3.711457 294.087918
-3.824724 294.669424
-3.943648 295.237608
-4.068288 295.792015
-4.198690 296.332191
-4.334887 296.857680
-4.476902 297.368026
-4.624743 297.862776
-4.778406 298.341479
-4.937875 298.803685
-5.103121 299.248951
-5.274104 299.676832
-5.450770 300.086892
-5.633051 300.478700
-5.820870 300.851827
-6.014134 301.205855
-6.212738 301.540372
-6.416565 301.854973
-6.625485 302.149265
-6.839354 302.422860
-7.058020 302.675384
-7.281315 302.906470
-7.509062 303.115766
-7.741071 303.302928
-7.977140 303.467626
-8.217057 303.609540
-8.460598 303.728365
-8.707528 303.823807
-8.957602 303.895585
-9.210564 303.943434
-9.466148 303.967100
-9.724080 303.966344
-9.984076 303.940943
-10.245846 303.890689
-10.509090 303.815391
-10.773505 303.714873
-11.038779 303.588975
-11.304598 303.437558
-11.570644 303.260494
-11.836596 303.057680
-12.102133 302.829025
-12.366933 302.574461
-12.630675 302.293934
-12.893044 301.987411
-13.153723 301.654877
-13.412406 301.296336
-13.668787 300.911811
-13.922572 300.501344
-14.173473 300.064998
-14.421212 299.602852
-14.665520 299.115006
-14.906142 298.601578
-15.142832 298.062703
-15.375359 297.498537
-15.603502 296.909251
-15.827057 296.295034
-16.045828 295.656091
-16.259636 294.992646
-16.468314 294.304937
-16.671707 293.593217
-16.869673 292.857756
-17.062082 292.098838
-17.248820 291.316761
-17.429782 290.511835
-17.604879 289.684386
-17.774032 288.834750
-17.937178 287.963273
-18.094264 287.070315
-18.245251 286.156242
-18.390112 285.221434
-18.528831 284.266277
-18.661405 283.291164
-18.787843 282.296498
-18.908166 281.282687
-19.022405 280.250147
-19.130604 279.199298
-19.232819 278.130568
-19.329116 277.044388
-19.419575 275.941194
-19.504283 274.821425
-19.583341 273.685525
-19.656857 272.533940
-19.724951 271.367117
-19.787753 270.185508
-19.845399 268.989562
-19.898036 267.779732
-19.945818 266.556469
-19.988904 265.320226
-20.027461 264.071454
-20.061660 262.810603
-20.091679 261.538124
-20.117695 260.254465
-20.139892 258.960071
-20.158453 257.655389
-20.173562 256.340861
-20.185403 255.016926
-20.194162 253.684023
-20.200019 252.342585
-20.203155 250.993045
-20.203745 249.635831
-20.201963 248.271368
-20.197977 246.900079
-20.191948 245.522384
-20.184036 244.138699
-20.174393 242.749437
-20.163166 241.355010
-20.150497 239.955824
-20.136522 238.552283
-20.121373 237.144788
-20.105176 235.733736
-20.088052 234.319521
-20.070118 232.902534
-20.051485 231.483163
-20.032259 230.061794
-20.012542 228.638809
-19.992430 227.214587
-19.972016 225.789508
-19.951388 224.363945
-19.930628 222.938274
-19.909816 221.512865
-19.889027 220.088087
-19.868332 218.664309
-19.847796 217.241897
-19.827483 215.821215
-19.807451 214.402624
-19.787752 212.986482
-19.768438 211.573147
-19.749552 210.162972
-19.731137 208.756304
-19.713227 207.353491
-19.695856 205.954873
-19.679051 204.560785
-19.662836 203.171559
-19.647230 201.787518
-19.632250 200.408980
-19.617906 199.036257
-19.604205 197.669652
-19.591152 196.309459
-19.578748 194.955965
-19.566990 193.609446
-19.555872 192.270169
-19.545387 190.938389
-19.535523 189.614351
-19.526268 188.298286
-19.517605 186.990414
-19.509519 185.690943
-19.501989 184.400063
-19.494996 183.117953
-19.488518 181.844777
-19.482532 180.580684
-19.477015 179.325806
-19.471941 178.080259
-19.467287 176.844146
-19.463027 175.617547
-19.459134 174.400529
-19.455581 173.193141
-19.452343 171.995414
-19.449390 170.807360
-19.446695 169.628975
-19.444228 168.460235
-19.441960 167.301099
-19.439860 166.151505
-19.437898 165.011376
-19.436043 163.880613
-19.434263 162.759099
-19.432525 161.646698
-19.430797 160.543256
-19.429046 159.448598
-19.427238 158.362531
-19.425339 157.284842
-19.423314 156.215298
-19.421129 155.153649
-19.418748 154.099624
-19.416136 153.052936
-19.413258 152.013281
-19.410080 150.980337
-19.406565 149.953767
-19.402680 148.933220
-19.398390 147.918328
-19.393661 146.908712
-19.388462 145.903982
-19.382759 144.903734
-19.376522 143.907557
-19.369720 142.915029
-19.362324 141.925720
-19.354306 140.939195
-19.345637 139.955012
-19.336293 138.972724
-19.326248 137.991882
-19.315480 137.012034
-19.303965 136.032726
-19.291684 135.053506
-19.278617 134.073922
-19.264749 133.093523
-19.250064 132.111863
-19.234548 131.128500
-19.218192 130.142998
-19.200986 129.154925
-19.182923 128.163857
-19.163997 127.169381
-19.144206 126.171090
-19.123548 125.168586
-19.102024 124.161484
-19.079638 123.149409
-19.056395 122.131999
-19.032302 121.108903
-19.007367 120.079785
-18.981603 119.044321
-18.955021 118.002204
-18.927638 116.953140
-18.899470 115.896852
-18.870536 114.833079
-18.840856 113.761575
-18.810453 112.682113
-18.779350 111.594484
-18.747571 110.498494
-18.715143 109.393972
-18.682093 108.280760
-18.648449 107.158725
-18.614241 106.027751
-18.579500 104.887741
-18.544255 103.738619
-18.508540 102.580330
-18.472387 101.412834
-18.435829 100.236113
-18.398900 99.050166
-18.361633 97.855008
-18.324063 96.650673
-18.286222 95.437211
-18.248147 94.214688
-18.209869 92.983183
-18.171423 91.742792
-18.132843 90.493624
-18.094161 89.235801
-18.055410 87.969457
-18.016623 86.694740
-17.977832 85.411806
-17.939069 84.120824
-17.900364 82.821970
-17.861749 81.515430
-17.823252 80.201399
-17.784904 78.880079
-17.746731 77.551678
-17.708761 76.216409
-17.671019 74.874494
-17.633530 73.526155
-17.596316 72.171621
-17.559400 70.811124
-17.522800 69.444897
-17.486537 68.073177
-17.450628 66.696200
-17.415089 65.314204
-17.379934 63.927427
-17.345177 62.536109
-17.310829 61.140485
-17.276899 59.740793
-17.243396 58.337266
-17.210328 56.930135
-17.177699 55.519630
-17.145514 54.105974
-17.113774 52.689390
-17.082482 51.270092
-17.051636 49.848293
-17.021236 48.424197
-16.991279 46.998005
-16.961762 45.569908
-16.932681 44.140093
-16.904031 42.708739
-16.875805 41.276015
-16.847998 39.842086
-16.820602 38.407104
-16.793609 36.971215
-16.767010 35.534556
-16.740796 34.097255
-16.714958 32.659433
-16.689487 31.221204
-16.664374 29.782672
-16.639607 28.343937
-16.615179 26.905089
-16.591077 25.466212
-16.567294 24.027386
-16.543818 22.588682
-16.520640 21.150166
-16.497750 19.711899
-16.475136 18.273935
-16.452791 16.836325
-16.430702 15.399113
-16.408861 13.962339
-16.387256 12.526041
-16.365877 11.090251
-16.344714 9.654997
-16.323757 8.220306
-16.302994 6.786199
-16.282416 5.352696
-16.262013 3.919815
-16.241775 2.487570
-16.221693 1.055975
-16.201758 -0.374959
-16.181962 -1.805222
-16.162296 -3.234807
-16.142751 -4.663705
-16.123321 -6.091911
-16.103999 -7.519419
-16.084779 -8.946225
-16.065654 -10.372324
-16.046620 -11.797714
-16.027673 -13.222390
-16.008807 -14.646348
-15.990020 -16.069586
-15.971308 -17.492097
-15.952670 -18.913875
-15.934104 -20.334915
-15.915609 -21.755208
-15.897184 -23.174743
-15.878829 -24.593508
-15.860544 -26.011488
-15.842330 -27.428668
-15.824187 -28.845028
-15.806116 -30.260545
-15.788119 -31.675194
-15.770198 -33.088946
-15.752356 -34.501768
-15.734594 -35.913626
-15.716916 -37.324479
-15.699324 -38.734284
-15.681820 -40.142997
-15.664407 -41.550566
-15.647088 -42.956939
-15.629866 -44.362059
-15.612743 -45.765866
-15.595724 -47.168296
-15.578812 -48.569281
-15.562010 -49.968752
-15.545322 -51.366632
-15.528753 -52.762842
-15.512308 -54.157301
-15.495989 -55.549922
-15.479803 -56.940614
-15.463753 -58.329282
-15.447842 -59.715828
-15.432074 -61.100149
-15.416450 -62.482138
-15.400973 -63.861684
-15.385641 -65.238672
-15.370453 -66.612979
-15.355405 -67.984483
-15.340491 -69.353054
-15.325704 -70.718556
-15.311033 -72.080851
-15.296466 -73.439795
-15.281985 -74.795237
-15.267573 -76.147023
-15.253206 -77.494992
-15.238859 -78.838977
-15.224500 -80.178805
-15.210098 -81.514297
-15.195612 -82.845266
-15.181004 -84.171521
-15.166225 -85.492861
-15.151228 -86.809081
-15.135958 -88.119966
-15.120356 -89.425297
-15.104362 -90.724844
-15.087909 -92.018373
-15.070925 -93.305641
-15.053338 -94.586398
-15.035067 -95.860386
-15.016030 -97.127340
-14.996141 -98.386987
-14.975308 -99.639045
-14.953438 -100.883227
-14.930430 -102.119238
-14.906182 -103.346772
-14.880589 -104.565518
-14.853541 -105.775158
-14.824926 -106.975364
-14.794627 -108.165804
-14.762528 -109.346136
-14.728506 -110.516012
-14.692439 -111.675078
-14.654200 -112.822974
-14.613660 -113.959333
-14.570691 -115.083782
-14.525160 -116.195944
-14.476934 -117.295437
-14.425880 -118.381874
-14.371862 -119.454864
-14.314748 -120.514014
-14.254403 -121.558924
-14.190696 -122.589194
-14.123499 -123.604421
-14.052684 -124.604199
-13.978130 -125.588121
-13.899716 -126.555778
-13.817331 -127.506763
-13.730864 -128.440665
-13.640212 -129.357078
-13.545281 -130.255591
-13.445980 -131.135799
-13.342229 -131.997295
-13.233956 -132.839676
-13.121097 -133.662540
-13.003600 -134.465489
-12.881420 -135.248126
-12.754526 -136.010063
-12.622896 -136.750914
-12.486520 -137.470299
-12.345398 -138.167843
-12.199544 -138.843181
-12.048980 -139.495951
-11.893743 -140.125802
-11.733879 -140.732389
-11.569447 -141.315378
-11.400518 -141.874444
-11.227174 -142.409270
-11.049511 -142.919552
-10.867635 -143.404995
-10.681663 -143.865317
-10.491726 -144.300247
-10.297966 -144.709528
-10.100533 -145.092914
-9.899593 -145.450174
-9.695320 -145.781092
-9.487898 -146.085463
-9.277521 -146.363101
-9.064393 -146.613830
-8.848727 -146.837493
-8.630743 -147.033946
-8.410669 -147.203060
-8.188741 -147.344724
-7.965198 -147.458838
-7.740289 -147.545322
-7.514263 -147.604109
-7.287376 -147.635148
-7.059885 -147.638403
-6.832051 -147.613854
-6.604136 -147.561496
-6.376403 -147.481341
-6.149116 -147.373412
-5.922534 -147.237752
-5.696918 -147.074417
-5.472521 -146.883475
-5.249599 -146.665011
-5.028397 -146.419126
-4.809162 -146.145930
-4.592133 -145.845552
-4.377541 -145.518132
-4.165616 -145.163822
-3.956576 -144.782791
-3.750634 -144.375220
-3.547992 -143.941301
-3.348846 -143.481242
-3.153381 -142.995261
-2.961770 -142.483590
-2.774180 -141.946472
-2.590762 -141.384159
-2.411659 -140.796917
-2.237004 -140.185020
-2.066915 -139.548754
-1.901503 -138.888415
-1.740865 -138.204308
-1.585087 -137.496744
-1.434244 -136.766047
-1.288399 -136.012547
-1.147605 -135.236582
-1.011899 -134.438498
-0.881312 -133.618646
-0.755859 -132.777387
-0.635544 -131.915083
-0.520363 -131.032108
-0.410296 -130.128836
-0.305314 -129.205648
-0.205379 -128.262928
-0.110439 -127.301066
-0.020435 -126.320455
0.064702 -125.321490
0.145052 -124.304572
0.220702 -123.270101
0.291746 -122.218485
0.358286 -121.150130
0.420429 -120.065446
0.478290 -118.964843
0.531985 -117.848733
0.581637 -116.717528
0.627370 -115.571640
0.669313 -114.411479
0.707596 -113.237458
0.742350 -112.049986
0.773708 -110.849471
0.801801 -109.636321
0.826763 -108.410941
0.848723 -107.173734
0.867812 -105.925101
0.884158 -104.665440
0.897890 -103.395147
0.909134 -102.114614
0.918015 -100.824228
0.924655 -99.524375
0.929177 -98.215435
0.931699 -96.897785
0.932336 -95.571796
0.931202 -94.237835
0.928406 -92.896264
0.924056 -91.547440
0.918255 -90.191713
0.911104 -88.829430
0.902700 -87.460931
0.893137 -86.086551
0.882505 -84.706616
0.870892 -83.321449
0.858382 -81.931366
0.845057 -80.536676
0.830992 -79.137682
0.816262 -77.734679
0.800938 -76.327957
0.785086 -74.917799
0.768770 -73.504478
0.752049 -72.088265
0.734978 -70.669419
0.717610 -69.248194
0.699994 -67.824838
0.682172 -66.399588
0.664187 -64.972677
0.646074 -63.544329
0.627869 -62.114760
0.609600 -60.684178
0.591294 -59.252785
0.572974 -57.820772
0.554662 -56.388323
0.536373 -54.955613
0.518123 -53.522812
0.499926 -52.090078
0.481791 -50.657565
0.463726 -49.225417
0.445740 -47.793775
0.427838 -46.362768
0.410023 -44.932523
0.392300 -43.503155
0.374671 -42.074778
0.357138 -40.647496
0.339702 -39.221408
0.322366 -37.796606
0.305130 -36.373177
0.287994 -34.951203
0.270960 -33.530759
0.254027 -32.111917
0.237195 -30.694742
0.220462 -29.279296
0.203828 -27.865635
0.187290 -26.453810
0.170846 -25.043872
0.154495 -23.635863
0.138233 -22.229825
0.122058 -20.825795
0.105966 -19.423808
0.089954 -18.023897
0.074017 -16.626091
0.058151 -15.230419
0.042350 -13.836906
0.026610 -12.445578
0.010923 -11.056459
-0.004717 -9.669571
-0.020316 -8.284935
-0.035881 -6.902572
-0.051420 -5.522503
-0.066940 -4.144747
-0.082447 -2.769321
-0.097950 -1.396246
-0.113457 -0.025539
-0.128974 1.342781
-0.144509 2.708695
-0.160069 4.072186
-0.175663 5.433234
-0.191298 6.791821
-0.206980 8.147925
-0.222717 9.501527
-0.238516 10.852606
-0.254385 12.201140
-0.270328 13.547106
-0.286353 14.890481
-0.302466 16.231240
-0.318673 17.569358
-0.334980 18.904810
-0.351392 20.237569
-0.367915 21.567608
-0.384552 22.894901
-0.401308 24.219418
-0.418185 25.541133
-0.435188 26.860015
-0.452318 28.176037
-0.469576 29.489169
-0.486963 30.799381
-0.504479 32.106644
-0.522121 33.410929
-0.539887 34.712207
-0.557775 36.010450
-0.575778 37.305629
-0.593891 38.597718
-0.612107 39.886690
-0.630417 41.172520
-0.648810 42.455184
-0.667276 43.734659
-0.685803 45.010925
-0.704376 46.283964
-0.722983 47.553760
-0.741607 48.820304
-0.760235 50.083588
-0.778848 51.343609
-0.797430 52.600370
-0.815965 53.853880
-0.834435 55.104151
-0.852824 56.351202
-0.871114 57.595058
-0.889291 58.835747
-0.907337 60.073306
-0.925237 61.307774
-0.942975 62.539201
-0.960538 63.767637
-0.977911 64.993144
-0.995080 66.215787
-1.012032 67.435638
-1.028755 68.652774
-1.045234 69.867282
-1.061459 71.079251
-1.077416 72.288780
-1.093093 73.495970
-1.108477 74.700932
-1.123555 75.903779
-1.138315 77.104631
-1.152743 78.303612
-1.166824 79.500854
-1.180544 80.696490
-1.193887 81.890661
-1.206836 83.083510
-1.219376 84.275185
-1.231490 85.465839
-1.243162 86.655626
-1.254375 87.844705
-1.265115 89.033239
-1.275368 90.221392
-1.285120 91.409334
-1.294359 92.597234
-1.303077 93.785264
-1.311265 94.973600
-1.318918 96.162416
-1.326031 97.351891
-1.332604 98.542202
-1.338638 99.733530
-1.344137 100.926052
-1.349107 102.119948
-1.353558 103.315398
-1.357502 104.512580
-1.360954 105.711670
-1.363930 106.912842
-1.366449 108.116268
-1.368533 109.322116
-1.370204 110.530547
-1.371487 111.741721
-1.372406 112.955789
-1.372988 114.172896
-1.373258 115.393183
-1.373243 116.616781
-1.372969 117.843817
-1.372461 119.074408
-1.371744 120.308665
-1.370845 121.546688
-1.369788 122.788570
-1.368596 124.034393
-1.367293 125.284230
-1.365901 126.538143
-1.364444 127.796183
-1.362942 129.058389
-1.361416 130.324790
-1.359888 131.595401
-1.358379 132.870227
-1.356910 134.149260
-1.355500 135.432481
-1.354172 136.719859
-1.352945 138.011349
-1.351841 139.306895
-1.350883 140.606428
-1.350093 141.909868
-1.349496 143.217122
-1.349115 144.528086
-1.348975 145.842643
-1.349101 147.160667
-1.349518 148.482019
-1.350250 149.806552
-1.351322 151.134105
-1.352756 152.464510
-1.354576 153.797586
-1.356802 155.133144
-1.359453 156.470986
-1.362548 157.810904
-1.366102 159.152680
-1.370130 160.496090
-1.374644 161.840900
-1.379654 163.186867
-1.385167 164.533743
-1.391189 165.881271
-1.397724 167.229188
-1.404770 168.577225
-1.412327 169.925105
-1.420390 171.272549
-1.428952 172.619271
-1.438006 173.964983
-1.447540 175.309390
-1.457544 176.652198
-1.468003 177.993107
-1.478906 179.331818
-1.490236 180.668027
-1.501979 182.001432
-1.514119 183.331729
-1.526640 184.658613
-1.539526 185.981782
-1.552761 187.300936
-1.566329 188.615777
-1.580211 189.926012
-1.594393 191.231351
-1.608856 192.531512
-1.623584 193.826219
-1.638559 195.115203
-1.653762 196.398206
-1.669176 197.674977
-1.684781 198.945276
-1.700557 200.208874
-1.716485 201.465552
-1.732544 202.715107
-1.748713 203.957347
-1.764972 205.192092
-1.781297 206.419181
-1.797666 207.638463
-1.814055 208.849806
-1.830440 210.053087
-1.846798 211.248202
-1.863105 212.435059
-1.879335 213.613580
-1.895465 214.783701
-1.911472 215.945373
-1.927330 217.098560
-1.943016 218.243239
-1.958508 219.379404
-1.973784 220.507058
-1.988821 221.626219
-2.003598 222.736921
-2.018096 223.839206
-2.032294 224.933132
-2.046173 226.018767
-2.059715 227.096193
-2.072903 228.165501
-2.085720 229.226796
-2.098151 230.280191
-2.110181 231.325812
-2.121796 232.363795
-2.132983 233.394284
-2.143730 234.417435
-2.154025 235.433412
-2.163857 236.442387
-2.173216 237.444543
-2.182092 238.440070
-2.190477 239.429166
-2.198347 240.409579
-2.205680 241.379056
-2.212454 242.335345
-2.218649 243.276192
-2.224245 244.199340
-2.229223 245.102530
-2.233563 245.983500
-2.237250 246.839981
-2.240267 247.669700
-2.242598 248.470377
-2.244229 249.239722
-2.245149 249.975439
-2.245346 250.675221
-2.244811 251.336749
-2.243535 251.957695
-2.241512 252.535716
-2.238737 253.068457
-2.235204 253.553548
-2.230912 253.988604
-2.225858 254.371224
-2.220042 254.698992
-2.213463 254.969476
-2.206123 255.180227
-2.198024 255.328781
-2.188793 255.353458
-2.178449 255.254040
-2.167008 255.030306
-2.154489 254.682023
-2.140909 254.208952
-2.126285 253.610844
-2.110637 252.887445
-2.093981 252.038491
-2.076336 251.063711
-2.057719 249.962827
-2.038148 248.735553
-2.017640 247.381597
-1.996213 245.900661
-1.973885 244.292439
-1.950672 242.556621
-1.926593 240.692890
-1.901664 238.700923
-1.875903 236.580393
-1.849327 234.330965
-1.821953 231.952301
-1.793799 229.444057
-1.764881 226.805886
-1.735218 224.037435
-1.704826 221.138348
-1.659032 215.910029
-1.613351 210.664036
-1.567809 205.402824
-1.522429 200.128855
-1.477238 194.844589
-1.432259 189.552495
-1.387515 184.255043
-1.343031 178.954707
-1.298829 173.653968
-1.254930 168.355309
-1.211358 163.061221
-1.168131 157.774199
-1.125272 152.496745
-1.082798 147.231369
-1.040728 141.980585
-0.999080 136.746916
-0.957871 131.532894
-0.917115 126.341057
-0.876829 121.173953
-0.837027 116.034137
-0.797721 110.924175
-0.758926 105.846641
-0.720653 100.804119
-0.682914 95.799202
