-1.041956 1.015030
-1.132349 1.079288
-1.228219 1.145087
-1.329792 1.212387
-1.437300 1.281146
-1.550976 1.351317
-1.671057 1.422852
-1.797783 1.495698
-1.931394 1.569800
-2.072133 1.645100
-2.220247 1.721538
-2.375982 1.799053
-2.539584 1.877580
-2.711303 1.957053
-2.891387 2.037405
-3.080084 2.118567
-3.277645 2.200471
-3.484317 2.283045
-3.700349 2.366220
-3.925987 2.449924
-4.161479 2.534087
-4.407068 2.618636
-4.662998 2.703501
-4.929511 2.788612
-5.206846 2.873897
-5.495240 2.959287
-5.781636 3.023800
-6.078196 3.086886
-6.385049 3.148434
-6.702310 3.208336
-7.030089 3.266488
-7.368484 3.322787
-7.717585 3.377133
-8.077471 3.429430
-8.448210 3.479584
-8.829860 3.527504
-9.222469 3.573104
-9.626069 3.616301
-10.040685 3.657014
-10.466328 3.695170
-10.902995 3.730696
-11.350674 3.763525
-11.809336 3.793593
-12.278943 3.820841
-12.759440 3.845215
-13.250763 3.866664
-13.752831 3.885142
-14.265550 3.900608
-14.788815 3.913025
-15.322504 3.922363
-15.866480 3.928594
-16.420597 3.931699
-16.984795 3.932015
-17.558915 3.929566
-18.142786 3.924381
-18.736225 3.916496
-19.339038 3.905956
-19.951021 3.892811
-20.571959 3.877118
-21.201626 3.858941
-21.839787 3.838350
-22.486199 3.815422
-23.140606 3.790239
-23.802748 3.762890
-24.472353 3.733469
-25.149141 3.702074
-25.832825 3.668811
-26.523110 3.633789
-27.219695 3.597121
-27.922270 3.558927
-28.630519 3.519330
-29.344120 3.478459
-30.062743 3.436445
-30.786055 3.393427
-31.513716 3.349548
-32.245380 3.304955
-32.980698 3.259801
-33.719319 3.214244
-34.460884 3.168448
-35.205033 3.122583
-35.951405 3.076821
-36.699633 3.031342
-37.449350 2.986330
-38.200187 2.941971
-38.951773 2.898461
-39.703738 2.855999
-40.455709 2.814787
-41.207316 2.775034
-41.958188 2.736956
-42.707954 2.700769
-43.456246 2.666699
-44.202701 2.634975
-44.946953 2.605832
-45.688645 2.579506
-46.427418 2.556243
-47.162922 2.536288
-47.894808 2.519894
-48.622734 2.507316
-49.346363 2.498812
-50.065365 2.494642
-50.779416 2.495072
-51.488198 2.500364
-52.191402 2.510786
-52.888727 2.526605
-53.579879 2.548088
-54.264573 2.575503
-54.942532 2.609117
-55.613487 2.649194
-56.277179 2.696000
-56.933359 2.749795
-57.581784 2.810840
-58.222225 2.879392
-58.854460 2.955704
-59.478277 3.040029
-60.093476 3.132613
-60.699868 3.233702
-61.297273 3.343537
-61.885523 3.462353
-62.464462 3.590385
-63.033943 3.727859
-63.593831 3.874996
-64.144006 4.032014
-64.684355 4.199121
-65.214781 4.376521
-65.735196 4.564407
-66.245525 4.762968
-66.745705 4.972381
-67.235685 5.192817
-67.715425 5.424433
-68.184898 5.667382
-68.644086 5.921802
-69.092984 6.187823
-69.531598 6.465563
-69.959947 6.755130
-70.378060 7.056619
-70.785978 7.370113
-71.183751 7.695683
-71.571444 8.033388
-71.949129 8.383272
-72.316890 8.745367
-72.674821 9.119691
-73.023024 9.506250
-73.361612 9.905035
-73.690705 10.316023
-74.010432 10.739182
-74.320931 11.174463
-74.622348 11.621806
-74.914835 12.081138
-75.198553 12.552377
-75.473667 13.035424
-75.740349 13.530175
-75.998776 14.036512
-76.249129 14.554309
-76.491595 15.083427
-76.726362 15.623723
-76.953625 16.175042
-77.173579 16.737223
-77.386425 17.310095
-77.592366 17.893485
-77.791607 18.487209
-77.984355 19.091078
-78.170820 19.704899
-78.351212 20.328471
-78.525743 20.961589
-78.694623 21.604042
-78.858064 22.255614
-79.016276 22.916085
-79.169471 23.585229
-79.317858 24.262817
-79.461646 24.948616
-79.601042 25.642392
-79.736251 26.343905
-79.867479 27.052914
-79.994925 27.769175
-80.118790 28.492445
-80.239270 29.222477
-80.356560 29.959025
-80.470851 30.701842
-80.582334 31.450683
-80.691194 32.205299
-80.797616 32.965447
-80.901783 33.730880
-81.003872 34.501356
-81.104062 35.276634
-81.202524 36.056475
-81.299429 36.840642
-81.394944 37.628905
-81.489233 38.421034
-81.582457 39.216803
-81.674774 40.015992
-81.766339 40.818385
-81.857304 41.623770
-81.947821 42.431940
-82.038036 43.242692
-82.128093 44.055830
-82.218135 44.871160
-82.308300 45.688493
-82.398725 46.507648
-82.489545 47.328444
-82.580890 48.150709
-82.672889 48.974270
-82.765672 49.798962
-82.859362 50.624622
-82.954084 51.451093
-83.049960 52.278219
-83.147110 53.105848
-83.245652 53.933834
-83.345701 54.762031
-83.447371 55.590297
-83.550773 56.418496
-83.656016 57.246493
-83.763206 58.074155
-83.872450 58.901356
-83.983850 59.727968
-84.097506 60.553871
-84.213519 61.378946
-84.331986 62.203077
-84.453000 63.026150
-84.576656 63.848056
-84.703042 64.668687
-84.832246 65.487936
-84.964352 66.305703
-85.099441 67.121887
-85.237592 67.936390
-85.378881 68.749118
-85.523379 69.559975
-85.671154 70.368871
-85.822272 71.175714
-85.976791 71.980414
-86.134769 72.782885
-86.296256 73.583040
-86.461299 74.380792
-86.629937 75.176057
-86.802208 75.968749
-86.978142 76.758783
-87.157764 77.546073
-87.341093 78.330531
-87.528144 79.112072
-87.718925 79.890605
-87.913438 80.666041
-88.111680 81.438288
-88.313642 82.207254
-88.519308 82.972842
-88.728658 83.734956
-88.941665 84.493495
-89.158297 85.248359
-89.378514 85.999442
-89.602274 86.746637
-89.829526 87.489837
-90.060214 88.228928
-90.294279 88.963796
-90.531654 89.694325
-90.772267 90.420396
-91.016040 91.141886
-91.262893 91.858671
-91.512739 92.570626
-91.765488 93.277620
-92.021045 93.979522
-92.279314 94.676196
-92.540192 95.367504
-92.803575 96.053304
-93.069357 96.733453
-93.337427 97.407803
-93.607675 98.076203
-93.879987 98.738502
-94.154249 99.394543
-94.430344 100.044168
-94.708156 100.687218
-94.987570 101.323530
-95.268471 101.952938
-95.550745 102.575277
-95.834279 103.190378
-96.118964 103.798071
-96.404691 104.398182
-96.691355 104.990540
-96.978857 105.574970
-97.267097 106.151297
-97.555984 106.719346
-97.845429 107.278942
-98.135348 107.829907
-98.425667 108.372068
-98.716315 108.905247
-99.007228 109.429272
-99.298351 109.943967
-99.589637 110.449162
-99.881044 110.944686
-100.172541 111.430372
-100.464104 111.906055
-100.755721 112.371569
-101.047383 112.826755
-101.339094 113.271453
-101.630865 113.705508
-101.922718 114.128768
-102.214681 114.541080
-102.506793 114.942299
-102.799101 115.332278
-103.091663 115.710877
-103.384545 116.077958
-103.677822 116.433384
-103.971579 116.777025
-104.265909 117.108752
-104.560915 117.428440
-104.856710 117.735966
-105.153412 118.031211
-105.451150 118.314059
-105.750057 118.584399
-106.050275 118.842120
-106.351951 119.087118
-106.655240 119.319291
-106.960299 119.538545
-107.267294 119.744785
-107.576392 119.937927
-107.887768 120.117887
-108.201598 120.284588
-108.518062 120.437958
-108.837343 120.577931
-109.159626 120.704444
-109.485099 120.817442
-109.813950 120.916876
-110.146368 121.002703
-110.482541 121.074884
-110.822660 121.133389
-111.166912 121.178194
-111.515484 121.209283
-111.868561 121.226644
-112.226328 121.230274
-112.588964 121.220176
-112.956648 121.196360
-113.329552 121.158842
-113.707846 121.107645
-114.091695 121.042797
-114.481256 120.964336
-114.876684 120.872303
-115.278124 120.766746
-115.685716 120.647719
-116.099592 120.515282
-116.519877 120.369500
-116.946687 120.210445
-117.380131 120.038194
-117.820307 119.852831
-118.267307 119.654444
-118.721213 119.443129
-119.182097 119.218989
-119.650023 118.982133
-120.125046 118.732674
-120.607210 118.470736
-121.096550 118.196446
-121.593089 117.909939
-122.096844 117.611356
-122.607817 117.300848
-123.126004 116.978568
-123.651388 116.644680
-124.183942 116.299353
-124.723630 115.942765
-125.270407 115.575099
-125.824220 115.196545
-126.385006 114.807301
-126.952695 114.407571
-127.527207 113.997565
-128.108458 113.577499
-128.696353 113.147595
-129.290792 112.708080
-129.891666 112.259185
-130.498860 111.801149
-131.112254 111.334212
-131.731719 110.858620
-132.357122 110.374621
-132.988322 109.882469
-133.625176 109.382418
-134.267530 108.874726
-134.915230 108.359651
-135.568113 107.837454
-136.226012 107.308398
-136.888755 106.772742
-137.556166 106.230751
-138.228062 105.682685
-138.904257 105.128807
-139.584562 104.569377
-140.268782 104.004656
-140.956720 103.434904
-141.648176 102.860379
-142.342943 102.281336
-143.040817 101.698032
-143.741585 101.110719
-144.445034 100.519648
-145.150949 99.925067
-145.859111 99.327223
-146.569299 98.726358
-147.281288 98.122714
-147.994855 97.516528
-148.709770 96.908033
-149.425804 96.297458
-150.142725 95.685031
-150.860298 95.070972
-151.578289 94.455499
-152.296459 93.838826
-153.014568 93.221160
-153.732375 92.602705
-154.449636 91.983659
-155.166105 91.364216
-155.881535 90.744563
-156.595676 90.124883
-157.308276 89.505353
-158.019082 88.886144
-158.727837 88.267423
-159.434281 87.649349
-160.138155 87.032077
-160.839192 86.415756
-161.537126 85.800529
-162.231689 85.186532
-162.922609 84.573897
-163.609612 83.962747
-164.292422 83.353203
-164.970762 82.745378
-165.644350 82.139377
-166.312905 81.535304
-166.976142 80.933252
-167.633776 80.333312
-168.285520 79.735567
-168.931086 79.140095
-169.570184 78.546967
-170.202525 77.956249
-170.827817 77.368002
-171.445769 76.782277
-172.056090 76.199124
-172.658489 75.618584
-173.252674 75.040693
-173.838354 74.465480
-174.415238 73.892971
-174.983036 73.323184
-175.541457 72.756131
-176.090214 72.191822
-176.629020 71.630257
-177.157590 71.071436
-177.675643 70.515351
-178.182900 69.961989
-178.679084 69.411334
-179.163926 68.863365
-179.637158 68.318053
-180.098518 67.775371
-180.547750 67.235281
-180.984602 66.697745
-181.408829 66.162719
-181.820191 65.630154
-182.218455 65.099999
-182.603398 64.572198
-182.974801 64.046689
-183.332457 63.523409
-183.676164 63.002288
-184.005732 62.483252
-184.320978 61.966224
-184.621733 61.451121
-184.907836 60.937856
-185.179138 60.426336
-185.435500 59.916465
-185.676795 59.408142
-185.902910 58.901261
-186.113743 58.395713
-186.309200 57.891385
-186.489205 57.388160
-186.653689 56.885915
-186.802597 56.384527
-186.935886 55.883868
-187.053526 55.383805
-187.155498 54.884205
-187.241795 54.384929
-187.312424 53.885839
-187.367403 53.386790
-187.406762 52.887640
-187.430545 52.388240
-187.438806 51.888443
-187.431615 51.388099
-187.409053 50.887060
-187.371215 50.385173
-187.318207 49.882290
-187.250150 49.378260
-187.167178 48.872933
-187.069437 48.366162
-186.957088 47.857796
-186.830306 47.347690
-186.689276 46.835696
-186.534201 46.321670
-186.365293 45.805467
-186.182778 45.286944
-185.986895 44.765960
-185.777894 44.242375
-185.556037 43.716052
-185.321597 43.186852
-185.074856 42.654643
-184.816109 42.119291
-184.545659 41.580665
-184.263819 41.038638
-183.970910 40.493084
-183.667263 39.943878
-183.353217 39.390898
-183.029117 38.834026
-182.695315 38.273145
-182.352172 37.708142
-182.000053 37.138906
-181.639328 36.565330
-181.270373 35.987311
-180.893565 35.404749
-180.509287 34.817548
-180.117925 34.225616
-179.719865 33.628864
-179.315498 33.027208
-178.905214 32.420566
-178.489408 31.808861
-178.068473 31.192017
-177.642806 30.569965
-177.212802 29.942638
-176.778859 29.309971
-176.341374 28.671905
-175.900745 28.028384
-175.457367 27.379354
-175.011637 26.724766
-174.563948 26.064575
-174.114693 25.398737
-173.664260 24.727213
-173.213036 24.049968
-172.761402 23.366970
-172.309735 22.678192
-171.858406 21.983607
-171.407780 21.283194
-170.958213 20.576934
-170.510057 19.864809
-170.063651 19.146808
-169.619327 18.422919
-169.177408 17.693135
-168.738206 16.957450
-168.302019 16.215863
-167.869137 15.468373
-167.439837 14.714986
-167.014384 13.955706
-166.593031 13.190542
-166.176016 12.419506
-165.763568 11.642613
-165.355898 10.859879
-164.953207 10.071325
-164.555684 9.276975
-164.163501 8.476854
-163.776821 7.670993
-163.395793 6.859424
-163.020552 6.042184
-162.651223 5.219312
-162.287918 4.390853
-161.930735 3.556853
-161.579762 2.717366
-161.235075 1.872446
-160.896737 1.022154
-160.564804 0.166554
-160.239317 -0.694284
-159.920311 -1.560286
-159.607807 -2.431371
-159.301819 -3.307456
-159.002349 -4.188448
-158.709390 -5.074251
-158.422927 -5.964761
-158.142933 -6.859867
-157.869373 -7.759453
-157.602203 -8.663396
-157.341369 -9.571566
-157.086810 -10.483825
-156.838454 -11.400029
-156.596224 -12.320026
-156.360033 -13.243656
-156.129789 -14.170753
-155.905390 -15.101142
-155.686730 -16.034642
-155.473699 -16.971063
-155.266177 -17.910207
-155.064044 -18.851871
-154.867175 -19.795843
-154.675442 -20.741903
-154.488714 -21.689825
-154.306859 -22.639374
-154.129745 -23.590310
-153.957238 -24.542385
-153.789205 -25.495345
-153.625515 -26.448928
-153.466035 -27.402866
-153.310636 -28.356885
-153.159191 -29.310706
-153.011574 -30.264040
-152.867664 -31.216597
-152.727341 -32.168078
-152.590490 -33.118178
-152.456998 -34.066589
-152.326758 -35.012998
-152.199666 -35.957084
-152.075623 -36.898524
-151.954532 -37.836989
-151.836301 -38.772145
-151.720842 -39.703655
-151.608070 -40.631180
-151.497906 -41.554374
-151.390273 -42.472893
-151.285098 -43.386388
-151.182312 -44.294510
-151.081849 -45.196909
-150.983647 -46.093235
-150.887645 -46.983137
-150.793785 -47.866267
-150.702013 -48.742279
-150.612276 -49.610827
-150.524524 -50.471571
-150.438710 -51.324174
-150.354788 -52.168303
-150.272715 -53.003630
-150.192450 -53.829834
-150.113955 -54.646598
-150.037191 -55.453614
-149.962125 -56.250580
-149.888722 -57.037204
-149.816951 -57.813200
-149.746781 -58.578293
-149.678185 -59.332220
-149.611134 -60.074725
-149.545603 -60.805565
-149.481569 -61.524511
-149.419007 -62.231343
-149.357896 -62.925857
-149.298216 -63.607861
-149.239946 -64.277176
-149.183067 -64.933636
-149.127561 -65.577089
-149.073408 -66.207397
-149.020592 -66.824433
-148.969093 -67.428087
-148.918895 -68.018259
-148.869978 -68.594866
-148.822326 -69.157837
-148.775919 -69.707115
-148.730739 -70.242656
-148.686766 -70.764432
-148.643982 -71.272428
-148.602366 -71.766641
-148.561897 -72.247084
-148.522555 -72.713785
-148.484315 -73.166785
-148.447156 -73.606140
-148.411054 -74.031921
-148.375982 -74.444214
-148.341915 -74.843118
-148.308827 -75.228746
-148.276690 -75.601228
-148.245476 -75.960702
-148.215157 -76.307323
-148.185702 -76.641257
-148.157082 -76.962681
-148.129268 -77.271785
-148.102229 -77.568770
-148.075936 -77.853845
-148.050359 -78.127231
-148.025469 -78.389158
-148.001239 -78.639862
-147.977639 -78.879589
-147.954643 -79.108593
-147.932224 -79.327130
-147.910356 -79.535468
-147.889012 -79.733877
-147.868170 -79.922632
-147.847804 -80.102014
-147.827893 -80.272307
-147.808413 -80.433798
-147.789343 -80.586778
-147.770663 -80.731539
-147.752351 -80.868373
-147.734388 -80.997576
-147.716754 -81.119441
-147.699427 -81.234260
-147.682387 -81.342325
-147.665613 -81.443927
-147.649084 -81.539353
-147.632775 -81.628889
-147.616664 -81.712821
-147.600726 -81.791430
-147.584931 -81.864998
-147.569252 -81.933802
-147.553657 -81.998118
-147.538111 -82.058219
-147.522577 -82.114375
-147.507014 -82.166853
-147.491380 -82.215916
-147.475625 -82.261825
-147.459698 -82.304835
-147.443542 -82.345198
-147.427096 -82.383161
-147.410294 -82.418964
-147.393067 -82.452843
-147.375338 -82.485026
-147.357027 -82.515736
-147.338047 -82.545187
-147.318307 -82.573588
-147.297708 -82.601138
-147.276145 -82.628032
-147.253509 -82.654454
-147.229680 -82.680582
-147.204536 -82.706589
-147.177944 -82.732636
-147.149766 -82.758879
-147.119857 -82.785467
-147.088064 -82.812541
-147.054226 -82.840233
-147.018175 -82.868671
-146.979733 -82.897973
-146.938717 -82.928253
-146.894934 -82.959617
-146.848182 -82.992163
-146.798253 -83.025984
-146.744928 -83.061165
-146.687982 -83.097783
-146.627181 -83.135909
-146.562282 -83.175605
-146.493034 -83.216927
-146.419177 -83.259920
-146.340445 -83.304625
-146.256562 -83.351073
-146.167247 -83.399288
-146.072209 -83.449286
-145.971152 -83.501076
-145.863774 -83.554660
-145.749764 -83.610033
-145.628810 -83.667183
-145.500591 -83.726089
-145.364784 -83.786725
-145.221063 -83.849054
-145.069098 -83.913032
-144.908556 -83.978608
-144.739105 -84.045723
-144.560411 -84.114307
-144.372143 -84.184286
-144.173968 -84.255576
-143.965559 -84.328086
-143.746590 -84.401719
-143.516739 -84.476371
-143.275690 -84.551933
-143.023130 -84.628290
-142.758755 -84.705324
-142.482265 -84.782912
-142.193369 -84.860929
-141.891783 -84.939247
-141.577233 -85.017735
-141.249453 -85.096263
-140.908189 -85.174695
-140.553197 -85.252899
-140.184245 -85.330738
-139.801113 -85.408077
-139.403592 -85.484779
-138.991488 -85.560709
-138.564620 -85.635732
-138.122819 -85.709713
-137.665932 -85.782519
-137.193822 -85.854017
-136.706364 -85.924076
-136.203453 -85.992567
-135.684997 -86.059359
-135.150923 -86.124326
-134.601174 -86.187344
-134.035709 -86.248290
-133.454507 -86.307047
-132.857564 -86.363498
-132.244892 -86.417534
-131.616525 -86.469049
-130.972512 -86.517942
-130.312923 -86.564118
-129.637845 -86.607487
-128.947383 -86.647966
-128.241663 -86.685477
-127.520825 -86.719949
-126.785027 -86.751317
-126.034446 -86.779520
-125.269275 -86.804507
-124.489721 -86.826232
-123.696008 -86.844653
-122.888374 -86.859740
-122.067074 -86.871467
-121.232372 -86.879816
-120.384546 -86.884778
-119.523887 -86.886350
-118.650695 -86.884539
-117.765279 -86.879359
-116.867959 -86.870829
-115.959059 -86.858978
-115.038915 -86.843840
-114.107865 -86.825458
-113.166255 -86.803877
-112.214435 -86.779149
-111.252759 -86.751331
-110.281586 -86.720483
-109.301275 -86.686669
-108.312189 -86.649957
-107.314690 -86.610416
-106.309143 -86.568120
-105.295911 -86.523144
-104.275358 -86.475566
-103.247843 -86.425466
-102.213727 -86.372927
-101.173366 -86.318032
-100.127115 -86.260867
-99.075322 -86.201517
-98.018336 -86.140069
-96.956497 -86.076612
-95.890144 -86.011233
-94.819607 -85.944022
-93.745213 -85.875070
-92.667283 -85.804468
-91.586130 -85.732305
-90.502062 -85.658672
-89.415381 -85.583657
-88.326381 -85.507350
-87.235350 -85.429837
-86.142568 -85.351202
-85.048306 -85.271529
-83.952830 -85.190899
-82.856396 -85.109389
-81.759253 -85.027075
-80.661643 -84.944031
-79.563800 -84.860326
-78.465952 -84.776027
-77.368322 -84.691199
-76.271122 -84.605903
-75.174561 -84.520197
-74.078841 -84.434135
-72.984159 -84.347769
-71.890705 -84.261147
-70.798665 -84.174312
-69.708222 -84.087303
-68.619552 -84.000155
-67.532831 -83.912900
-66.448230 -83.825562
-65.365919 -83.738162
-64.286065 -83.650717
-63.208835 -83.563238
-62.134394 -83.475731
-61.062905 -83.388198
-59.994533 -83.300636
-58.929441 -83.213037
-57.867795 -83.125391
-56.809760 -83.037681
-55.755501 -82.949885
-54.705188 -82.861980
-53.658992 -82.773936
-52.617084 -82.685717
-51.579642 -82.597286
-50.546843 -82.508597
-49.518870 -82.419602
-48.495909 -82.330247
-47.478150 -82.240474
-46.465786 -82.150220
-45.459015 -82.059415
-44.458039 -81.967986
-43.463062 -81.875855
-42.474294 -81.782939
-41.491946 -81.689147
-40.516235 -81.594386
-39.547377 -81.498556
-38.585594 -81.401552
-37.631108 -81.303264
-36.684144 -81.203577
-35.744928 -81.102371
-34.813688 -80.999520
-33.890653 -80.894895
-32.976053 -80.788360
-32.070120 -80.679775
-31.173083 -80.568995
-30.285174 -80.455872
-29.406623 -80.340251
-28.537656 -80.221974
-27.678501 -80.100878
-26.829380 -79.976799
-25.990516 -79.849566
-25.162127 -79.719005
-24.344430 -79.584941
-23.537637 -79.447195
-22.741957 -79.305584
-21.957597 -79.159924
-21.184756 -79.010031
-20.423629 -78.855717
-19.674408 -78.696794
-18.937276 -78.533075
-18.212410 -78.364371
-17.499982 -78.190497
-16.800154 -78.011265
-16.113081 -77.826491
-15.438913 -77.635993
-14.777786 -77.439588
-14.129830 -77.237098
-13.495164 -77.028348
-12.873900 -76.813166
-12.266136 -76.591381
-11.671959 -76.362830
-11.091447 -76.127353
-10.524664 -75.884794
-9.971663 -75.635002
-9.432482 -75.377834
-8.907149 -75.113149
-8.395678 -74.840816
-7.898068 -74.560705
-7.414306 -74.272698
-6.944365 -73.976680
-6.488207 -73.672544
-6.045780 -73.360190
-5.617019 -73.039527
-5.201849 -72.710471
-4.800179 -72.372947
-4.411911 -72.026888
-4.036934 -71.672238
-3.675125 -71.308948
-3.326354 -70.936981
-2.990476 -70.556309
-2.667340 -70.166915
-2.356784 -69.768793
-2.058636 -69.361947
-1.772717 -68.946394
-1.498840 -68.522162
-1.236811 -68.089290
-0.986426 -67.647827
-0.747480 -67.197837
-0.519757 -66.739393
-0.303039 -66.272580
-0.097101 -65.797492
0.098288 -65.314238
0.283363 -64.822933
0.458363 -64.323706
0.623534 -63.816695
0.779123 -63.302048
0.925384 -62.779923
1.062572 -62.250488
1.190945 -61.713918
1.310764 -61.170399
1.422290 -60.620123
1.525789 -60.063291
1.621523 -59.500112
1.709759 -58.930800
1.790760 -58.355579
1.864792 -57.774679
1.932117 -57.188335
1.992996 -56.596789
2.047690 -56.000290
2.096455 -55.399090
2.139544 -54.793447
2.177209 -54.183621
2.209694 -53.569878
2.237242 -52.952486
2.260089 -52.331716
2.278467 -51.707842
2.292602 -51.081139
2.302714 -50.451885
2.309016 -49.820360
2.311719 -49.186844
2.311023 -48.551619
2.307127 -47.914968
2.300220 -47.277171
2.290488 -46.638512
2.278109 -45.999272
2.263256 -45.359731
2.246094 -44.720167
2.226784 -44.080856
2.205481 -43.442074
2.182331 -42.804089
2.157477 -42.167171
2.131054 -41.531584
2.103192 -40.897586
2.074016 -40.265433
2.043645 -39.635377
2.012192 -39.007662
1.979766 -38.382528
1.946472 -37.760209
1.912409 -37.140935
1.877670 -36.524928
1.842347 -35.912405
1.806524 -35.303576
1.770281 -34.698645
1.733694 -34.097809
1.696833 -33.501257
1.659765 -32.909172
1.622549 -32.321729
1.585244 -31.739095
1.547903 -31.161427
1.510575 -30.588877
1.473306 -30.021587
1.436136 -29.459690
1.399105 -28.903310
1.362248 -28.352562
1.325595 -27.807548
1.289176 -27.268363
1.253017 -26.735091
1.217141 -26.207803
1.181567 -25.686562
1.146314 -25.171419
1.111398 -24.662414
1.076834 -24.159580
1.042634 -23.662937
1.008810 -23.172497
0.975371 -22.688265
0.942327 -22.210233
0.909682 -21.738388
0.877444 -21.272708
0.845617 -20.813159
0.814204 -20.359705
0.783205 -19.912296
0.752621 -19.470878
0.722451 -19.035388
0.692693 -18.605757
0.663342 -18.181909
0.634393 -17.763758
0.605842 -17.351216
0.577681 -16.944185
0.549903 -16.542563
0.522499 -16.146239
0.495462 -15.755100
0.468783 -15.369024
0.442452 -14.987886
0.416462 -14.611557
0.390800 -14.239902
0.365459 -13.872785
0.340426 -13.510066
0.315693 -13.151602
0.291247 -12.797248
0.267079 -12.446859
0.243176 -12.100286
0.219528 -11.757383
0.196123 -11.417999
0.172950 -11.081988
0.149999 -10.749200
0.127258 -10.419490
0.104716 -10.092714
0.082362 -9.768728
0.060198 -9.447471
0.038226 -9.128882
0.016448 -8.812906
-0.005133 -8.499492
-0.026516 -8.188594
-0.047698 -7.880174
-0.068677 -7.574198
-0.089451 -7.270642
-0.110018 -6.969487
-0.130375 -6.670725
-0.150520 -6.374356
-0.170448 -6.080388
-0.190160 -5.788840
-0.209653 -5.499739
-0.228928 -5.213121
-0.247984 -4.929031
-0.266822 -4.647524
-0.285442 -4.368660
-0.303842 -4.092512
-0.322020 -3.819158
-0.339975 -3.548684
-0.357702 -3.281187
-0.375196 -3.016770
-0.392451 -2.755544
-0.409159 -2.499373
-0.425314 -2.248335
-0.440912 -2.002512
-0.455948 -1.761992
-0.470412 -1.526866
-0.484296 -1.297231
-0.497590 -1.073188
-0.510283 -0.854842
-0.522365 -0.642303
-0.533823 -0.435684
-0.544647 -0.235101
-0.554824 -0.040675
-0.564341 0.147476
-0.573188 0.329228
-0.581350 0.504460
-0.588817 0.673049
-0.595576 0.834873
-0.601616 0.989811
-0.606925 1.137743
-0.611490 1.278551
-0.615300 1.412120
-0.618344 1.538334
-0.620609 1.657081
-0.622085 1.768253
-0.613949 1.821155
-0.605397 1.868248
-0.596442 1.909611
-0.587095 1.945327
-0.577366 1.975479
-0.567268 2.000152
-0.556812 2.019435
-0.546008 2.033419
-0.534867 2.042197
-0.523402 2.045867
-0.511621 2.044531
-0.499537 2.038292
-0.487160 2.027261
-0.474500 2.011550
-0.461568 1.991278
-0.448373 1.966568
-0.434923 1.937545
-0.421226 1.904342
-0.407291 1.867095
-0.393124 1.825942
-0.378736 1.781028
-0.364134 1.732501
-0.349327 1.680513
-0.334327 1.625220
