0.009330 3.148088
0.007586 3.343552
0.005348 3.543348
0.002552 3.747430
-0.000872 3.955747
-0.004999 4.168249
-0.009908 4.384885
-0.015686 4.605603
-0.022425 4.830350
-0.030222 5.059074
-0.039182 5.291720
-0.049417 5.528233
-0.061043 5.768556
-0.074186 6.012634
-0.088977 6.260407
-0.105556 6.511818
-0.124068 6.766807
-0.144667 7.025313
-0.167515 7.287274
-0.192780 7.552629
-0.220639 7.821313
-0.251276 8.093261
-0.284883 8.368407
-0.321661 8.646684
-0.361819 8.928022
-0.405574 9.212349
-0.453712 9.430996
-0.505938 9.648374
-0.562496 9.864295
-0.623632 10.078578
-0.689602 10.291051
-0.760669 10.501550
-0.837101 10.709916
-0.919173 10.915999
-1.007164 11.119652
-1.101360 11.320733
-1.202050 11.519104
-1.309528 11.714631
-1.424092 11.907183
-1.546043 12.096633
-1.675683 12.282855
-1.813317 12.465727
-1.959254 12.645125
-2.113800 12.820928
-2.277266 12.993016
-2.449959 13.161265
-2.632186 13.325555
-2.824252 13.485762
-3.026462 13.641763
-3.239114 13.793433
-3.462504 13.940646
-3.696925 14.083274
-3.942651 14.222709
-4.199965 14.358917
-4.469138 14.491866
-4.750437 14.621523
-5.044122 14.747856
-5.350445 14.870831
-5.669649 14.990417
-6.001968 15.106585
-6.347628 15.219304
-6.706841 15.328548
-7.079812 15.434290
-7.466736 15.536504
-7.867794 15.635167
-8.283157 15.730257
-8.712984 15.821750
-9.157422 15.909627
-9.616605 15.993871
-10.090653 16.074465
-10.579675 16.151394
-11.083764 16.224648
-11.602999 16.294215
-12.137445 16.360090
-12.687149 16.422268
-13.252146 16.480749
-13.832452 16.535536
-14.428074 16.586636
-15.038997 16.634060
-15.665192 16.677820
-16.306617 16.717925
-16.963213 16.754383
-17.634906 16.787206
-18.321608 16.816405
-19.023218 16.841992
-19.739617 16.863983
-20.470679 16.882398
-21.216258 16.897257
-21.976201 16.908584
-22.750341 16.916408
-23.538501 16.920759
-24.340494 16.921670
-25.156120 16.919182
-25.985173 16.913338
-26.827436 16.904188
-27.682684 16.891785
-28.550685 16.876191
-29.431202 16.857468
-30.323988 16.835688
-31.228793 16.810925
-32.145362 16.783260
-33.073436 16.752778
-34.012752 16.719570
-34.963043 16.683733
-35.924044 16.645365
-36.895484 16.604567
-37.877093 16.561443
-38.868598 16.516097
-39.869729 16.468637
-40.880213 16.419167
-41.899782 16.367794
-42.928167 16.314623
-43.965101 16.259761
-45.010316 16.203313
-46.063549 16.145385
-47.124536 16.086085
-48.193018 16.025518
-49.268737 15.963792
-50.351439 15.901010
-51.440873 15.837276
-52.536793 15.772691
-53.638958 15.707357
-54.747131 15.641371
-55.861081 15.574831
-56.980587 15.507835
-58.105432 15.440475
-59.235403 15.372845
-60.370297 15.305036
-61.509915 15.237134
-62.654067 15.169227
-63.802570 15.101397
-64.955248 15.033725
-66.111931 14.966289
-67.272458 14.899162
-68.436675 14.832414
-69.604437 14.766112
-70.775605 14.700319
-71.950046 14.635091
-73.127637 14.570485
-74.308260 14.506551
-75.491803 14.443336
-76.678159 14.380883
-77.867229 14.319230
-79.058917 14.258409
-80.253136 14.198449
-81.449802 14.139374
-82.648834 14.081203
-83.850158 14.023950
-85.053703 13.967626
-86.259403 13.912238
-87.467196 13.857787
-88.677021 13.804271
-89.888821 13.751682
-91.102542 13.700011
-92.318130 13.649243
-93.535536 13.599363
-94.754708 13.550354
-95.975598 13.502196
-97.198156 13.454870
-98.422332 13.408353
-99.648074 13.362625
-100.875331 13.317665
-102.104048 13.273450
-103.334172 13.229959
-104.565649 13.187169
-105.798422 13.145055
-107.032435 13.103594
-108.267630 13.062763
-109.503949 13.022538
-110.741329 12.982898
-111.979709 12.943823
-113.219022 12.905294
-114.459202 12.867290
-115.700177 12.829794
-116.941874 12.792787
-118.184216 12.756251
-119.427126 12.720167
-120.670524 12.684518
-121.914326 12.649289
-123.158448 12.614461
-124.402802 12.580020
-125.647298 12.545947
-126.891843 12.512228
-128.136343 12.478847
-129.380698 12.445789
-130.624808 12.413040
-131.868570 12.380587
-133.111876 12.348418
-134.354619 12.316521
-135.596687 12.284885
-136.837967 12.253502
-138.078345 12.222363
-139.317706 12.191462
-140.555930 12.160794
-141.792899 12.130354
-143.028489 12.100141
-144.262581 12.070152
-145.495050 12.040386
-146.725772 12.010842
-147.954623 11.981520
-149.181477 11.952422
-150.406209 11.923549
-151.628694 11.894906
-152.848807 11.866496
-154.066426 11.838324
-155.281432 11.810394
-156.493709 11.782714
-157.703143 11.755289
-158.909629 11.728124
-160.113066 11.701228
-161.313360 11.674604
-162.510426 11.648259
-163.704186 11.622197
-164.894570 11.596424
-166.081517 11.570944
-167.264973 11.545762
-168.444893 11.520882
-169.621241 11.496309
-170.793989 11.472047
-171.963119 11.448097
-173.128621 11.424463
-174.290494 11.401143
-175.448748 11.378141
-176.603400 11.355455
-177.754478 11.333086
-178.902018 11.311034
-180.046066 11.289298
-181.186674 11.267878
-182.323904 11.246772
-183.457825 11.225979
-184.588516 11.205497
-185.716062 11.185325
-186.840557 11.165461
-187.962100 11.145902
-189.080801 11.126645
-190.196775 11.107688
-191.310142 11.089024
-192.421030 11.070648
-193.529574 11.052552
-194.635912 11.034727
-195.740190 11.017164
-196.842556 10.999850
-197.943164 10.982772
-199.042175 10.965915
-200.139754 10.949265
-201.236071 10.932805
-202.331298 10.916520
-203.425614 10.900394
-204.519201 10.884412
-205.612245 10.868557
-206.704935 10.852813
-207.797464 10.837164
-208.890026 10.821594
-209.982817 10.806087
-211.076036 10.790626
-212.169877 10.775194
-213.264537 10.759774
-214.360209 10.744346
-215.457083 10.728894
-216.555347 10.713400
-217.655182 10.697844
-218.756764 10.682208
-219.860263 10.666475
-220.965842 10.650624
-222.073659 10.634638
-223.183861 10.618499
-224.296593 10.602186
-225.411987 10.585681
-226.530172 10.568965
-227.651268 10.552019
-228.775385 10.534824
-229.902627 10.517363
-231.033088 10.499617
-232.166854 10.481569
-233.304002 10.463200
-234.444603 10.444495
-235.588718 10.425438
-236.736399 10.406015
-237.887691 10.386209
-239.042633 10.366009
-240.201253 10.345400
-241.363573 10.324368
-242.529608 10.302903
-243.699365 10.280990
-244.872844 10.258620
-246.050041 10.235783
-247.230942 10.212469
-248.415532 10.188672
-249.603785 10.164386
-250.795676 10.139606
-251.991170 10.114331
-253.190230 10.088560
-254.392815 10.062296
-255.598877 10.035541
-256.808364 10.008299
-258.021219 9.980576
-259.237383 9.952376
-260.456790 9.923707
-261.679372 9.894573
-262.905054 9.864981
-264.133758 9.834939
-265.365404 9.804453
-266.599906 9.773531
-267.837178 9.742180
-269.077129 9.710409
-270.319666 9.678228
-271.564695 9.645646
-272.812119 9.612675
-274.061841 9.579325
-275.313758 9.545609
-276.567771 9.511539
-277.823777 9.477129
-279.081676 9.442392
-280.341365 9.407343
-281.602742 9.371997
-282.865704 9.336370
-284.130147 9.300477
-285.395968 9.264335
-286.663061 9.227959
-287.931322 9.191368
-289.200642 9.154578
-290.470914 9.117605
-291.742030 9.080469
-293.013881 9.043187
-294.286355 9.005776
-295.559340 8.968256
-296.832721 8.930645
-298.106380 8.892961
-299.380198 8.855224
-300.654051 8.817456
-301.927816 8.779678
-303.201364 8.741915
-304.474564 8.704192
-305.747280 8.666539
-307.019373 8.628984
-308.290698 8.591560
-309.561109 8.554302
-310.830450 8.517246
-312.098566 8.480432
-313.365291 8.443904
-314.630457 8.407705
-315.893889 8.371883
-317.155408 8.336488
-318.414826 8.301574
-319.671953 8.267197
-320.926588 8.233418
-322.178528 8.200303
-323.427561 8.167921
-324.673471 8.136347
-325.916035 8.105659
-327.155025 8.075944
-328.390207 8.047291
-329.621341 8.019795
-330.848182 7.993559
-332.070478 7.968689
-333.287975 7.945299
-334.500411 7.923508
-335.707520 7.903441
-336.909035 7.885230
-338.104682 7.869014
-339.294183 7.854940
-340.477257 7.843159
-341.653618 7.833833
-342.822976 7.827128
-343.985037 7.823220
-345.139502 7.822291
-346.286073 7.824531
-347.424447 7.830141
-348.554322 7.839326
-349.675395 7.852302
-350.787362 7.869292
-351.889921 7.890528
-352.982771 7.916248
-354.065612 7.946701
-355.138148 7.982139
-356.200087 8.022824
-357.251141 8.069022
-358.291027 8.121005
-359.319469 8.179052
-360.336194 8.243443
-361.340939 8.314465
-362.333445 8.392405
-363.313461 8.477553
-364.280746 8.570203
-365.235064 8.670647
-366.176192 8.779180
-367.103914 8.896096
-368.018023 9.021688
-368.918322 9.156247
-369.804627 9.300063
-370.676762 9.453425
-371.534565 9.616617
-372.377882 9.789919
-373.206573 9.973610
-374.020511 10.167962
-374.819581 10.373239
-375.603680 10.589703
-376.372720 10.817607
-377.126626 11.057197
-377.865335 11.308710
-378.588797 11.572374
-379.296977 11.848409
-379.989850 12.137023
-380.667407 12.438415
-381.329651 12.752770
-381.976595 13.080263
-382.608266 13.421055
-383.224703 13.775292
-383.825954 14.143110
-384.412079 14.524625
-384.983148 14.919940
-385.539243 15.329141
-386.080456 15.752299
-386.606892 16.189464
-387.118663 16.640671
-387.615893 17.105935
-388.098717 17.585251
-388.567275 18.078596
-389.021717 18.585926
-389.462200 19.107175
-389.888885 19.642258
-390.301940 20.191065
-390.701536 20.753468
-391.087850 21.329315
-391.461057 21.918432
-391.821334 22.520629
-392.168862 23.135689
-392.503818 23.763382
-392.826380 24.403453
-393.136724 25.055629
-393.435026 25.719621
-393.721459 26.395118
-393.996195 27.081795
-394.259399 27.779308
-394.511239 28.487297
-394.751874 29.205384
-394.981459 29.933180
-395.200147 30.670278
-395.408084 31.416258
-395.605407 32.170685
-395.792251 32.933113
-395.968741 33.703083
-396.134996 34.480125
-396.291126 35.263757
-396.437233 36.053489
-396.573409 36.848822
-396.699739 37.649248
-396.816294 38.454251
-396.923138 39.263309
-397.020323 40.075894
-397.107890 40.891471
-397.185872 41.709502
-397.254288 42.529448
-397.313149 43.350762
-397.362455 44.172901
-397.402197 44.995317
-397.432355 45.817465
-397.452902 46.638798
-397.463803 47.458775
-397.465015 48.276854
-397.456488 49.092498
-397.438164 49.905176
-397.409979 50.714362
-397.371864 51.519536
-397.323742 52.320186
-397.265531 53.115808
-397.197143 53.905908
-397.118485 54.690003
-397.029460 55.467617
-396.929963 56.238290
-396.819891 57.001575
-396.699135 57.757036
-396.567585 58.504255
-396.425131 59.242827
-396.271660 59.972364
-396.107064 60.692494
-395.931232 61.402858
-395.744055 62.103116
-395.545426 62.792946
-395.335241 63.472043
-395.113398 64.140120
-394.879798 64.796907
-394.634346 65.442151
-394.376952 66.075621
-394.107528 66.697102
-393.825994 67.306397
-393.532272 67.903329
-393.226292 68.487740
-392.907992 69.059489
-392.577315 69.618456
-392.234213 70.164539
-391.878643 70.697654
-391.510575 71.217733
-391.129984 71.724730
-390.736856 72.218612
-390.331186 72.699363
-389.912982 73.166988
-389.482258 73.621503
-389.039043 74.062943
-388.583375 74.491360
-388.115305 74.906820
-387.634894 75.309402
-387.142216 75.699205
-386.637354 76.076338
-386.120405 76.440926
-385.591474 76.793106
-385.050679 77.133030
-384.498147 77.460861
-383.934012 77.776775
-383.358419 78.080961
-382.771521 78.373617
-382.173481 78.654953
-381.564465 78.925186
-380.944650 79.184546
-380.314218 79.433270
-379.673358 79.671603
-379.022267 79.899797
-378.361147 80.118112
-377.690209 80.326812
-377.009667 80.526169
-376.319743 80.716458
-375.620662 80.897958
-374.912656 81.070951
-374.195957 81.235721
-373.470803 81.392554
-372.737435 81.541737
-371.996095 81.683556
-371.247031 81.818300
-370.490489 81.946252
-369.726717 82.067696
-368.955964 82.182913
-368.178479 82.292183
-367.394509 82.395779
-366.604303 82.493974
-365.808104 82.587033
-365.006157 82.675220
-364.198703 82.758791
-363.385981 82.837998
-362.568225 82.913086
-361.745668 82.984295
-360.918537 83.051857
-360.087054 83.116001
-359.251437 83.176945
-358.411901 83.234905
-357.568652 83.290088
-356.721893 83.342697
-355.871819 83.392925
-355.018620 83.440962
-354.162480 83.486989
-353.303574 83.531181
-352.442074 83.573706
-351.578140 83.614723
-350.711929 83.654386
-349.843588 83.692840
-348.973260 83.730223
-348.101078 83.766665
-347.227169 83.802287
-346.351654 83.837205
-345.474645 83.871524
-344.596251 83.905343
-343.716570 83.938754
-342.835696 83.971838
-341.953716 84.004674
-341.070712 84.037331
-340.186758 84.069870
-339.301923 84.102347
-338.416270 84.134811
-337.529854 84.167307
-336.642725 84.199869
-335.754928 84.232531
-334.866502 84.265317
-333.977478 84.298249
-333.087885 84.331343
-332.197745 84.364612
-331.307077 84.398063
-330.415894 84.431702
-329.524205 84.465531
-328.632016 84.499549
-327.739330 84.533753
-326.846143 84.568136
-325.952452 84.602691
-325.058251 84.637408
-324.163531 84.672276
-323.268282 84.707283
-322.372493 84.742414
-321.476152 84.777656
-320.579243 84.812993
-319.681755 84.848410
-318.783672 84.883890
-317.884981 84.919418
-316.985667 84.954976
-316.085717 84.990548
-315.185119 85.026118
-314.283863 85.061668
-313.381938 85.097182
-312.479336 85.132642
-311.576048 85.168030
-310.672069 85.203329
-309.767395 85.238521
-308.862021 85.273587
-307.955947 85.308510
-307.049173 85.343274
-306.141699 85.377860
-305.233528 85.412254
-304.324665 85.446439
-303.415115 85.480403
-302.504887 85.514132
-301.593991 85.547616
-300.682439 85.580846
-299.770246 85.613815
-298.857431 85.646516
-297.944013 85.678945
-297.030017 85.711100
-296.115469 85.742977
-295.200399 85.774577
-294.284842 85.805900
-293.368834 85.836947
-292.452418 85.867721
-291.535639 85.898224
-290.618549 85.928460
-289.701201 85.958430
-288.783656 85.988140
-287.865979 86.017593
-286.948240 86.046792
-286.030513 86.075742
-285.112878 86.104445
-284.195418 86.132905
-283.278223 86.161124
-282.361385 86.189105
-281.445004 86.216852
-280.529181 86.244367
-279.614025 86.271656
-278.699647 86.298721
-277.786163 86.325567
-276.873695 86.352200
-275.962368 86.378623
-275.052312 86.404845
-274.143659 86.430871
-273.236550 86.456710
-272.331125 86.482373
-271.427530 86.507869
-270.525915 86.533213
-269.626432 86.558420
-268.729237 86.583506
-267.834489 86.608495
-266.942351 86.633409
-266.052989 86.658277
-265.166574 86.683133
-264.283278 86.708014
-263.403278 86.732963
-262.526756 86.758029
-261.653895 86.783264
-260.784885 86.808729
-259.919919 86.834491
-259.059192 86.860620
-258.202905 86.887193
-257.351262 86.914296
-256.504468 86.942016
-255.662732 86.970449
-254.826267 86.999699
-253.995284 87.029872
-253.170000 87.061086
-252.350630 87.093462
-251.537391 87.127129
-250.730501 87.162227
-249.930176 87.198898
-249.136632 87.237296
-248.350085 87.277582
-247.570748 87.319927
-246.798831 87.364509
-246.034544 87.411515
-245.278090 87.461140
-244.529671 87.513589
-243.789484 87.569076
-243.057719 87.627821
-242.334564 87.690054
-241.620203 87.756013
-240.914813 87.825942
-240.218566 87.900094
-239.531630 87.978725
-238.854163 88.062101
-238.186323 88.150492
-237.528256 88.244171
-236.880104 88.343418
-236.242000 88.448517
-235.614070 88.559756
-234.996434 88.677425
-234.389201 88.801820
-233.792474 88.933235
-233.206349 89.071971
-232.630914 89.218327
-232.066247 89.372603
-231.512422 89.535101
-230.969504 89.706121
-230.437548 89.885957
-229.916605 90.074904
-229.406713 90.273250
-228.907906 90.481280
-228.420209 90.699272
-227.943637 90.927494
-227.478196 91.166208
-227.023885 91.415666
-226.580693 91.676109
-226.148600 91.947767
-225.727577 92.230859
-225.317587 92.525592
-224.918582 92.832158
-224.530507 93.150736
-224.153295 93.481492
-223.786874 93.824573
-223.431161 94.180113
-223.086067 94.548228
-222.751493 94.929017
-222.427333 95.322563
-222.113478 95.728931
-221.809809 96.148166
-221.516203 96.580294
-221.232531 97.025324
-220.958659 97.483241
-220.694450 97.954012
-220.439765 98.437584
-220.194459 98.933880
-219.958389 99.442807
-219.731410 99.964248
-219.513375 100.498067
-219.304138 101.044106
-219.103554 101.602189
-218.911477 102.172119
-218.727763 102.753679
-218.552272 103.346635
-218.384865 103.950732
-218.225405 104.565700
-218.073761 105.191248
-217.929806 105.827072
-217.793419 106.472847
-217.664485 107.128235
-217.542894 107.792880
-217.428544 108.466410
-217.321340 109.148435
-217.221192 109.838551
-217.128018 110.536337
-217.041742 111.241359
-216.962296 111.953168
-216.889618 112.671301
-216.823655 113.395285
-216.764361 114.124634
-216.711697 114.858855
-216.665634 115.597444
-216.626148 116.339889
-216.593227 117.085674
-216.566866 117.834279
-216.547069 118.585178
-216.533851 119.337845
-216.527234 120.091752
-216.527251 120.846373
-216.533945 121.601180
-216.547370 122.355653
-216.567589 123.109271
-216.594678 123.861521
-216.628723 124.611897
-216.669819 125.359898
-216.718075 126.105033
-216.773608 126.846817
-216.836547 127.584775
-216.907028 128.318439
-216.985199 129.047355
-217.071217 129.771076
-217.165247 130.489170
-217.267463 131.201213
-217.378046 131.906797
-217.497183 132.605525
-217.625070 133.297014
-217.761906 133.980893
-217.907895 134.656806
-218.063248 135.324409
-218.228175 135.983374
-218.402891 136.633386
-218.587613 137.274144
-218.782558 137.905364
-218.987944 138.526772
-219.203986 139.138111
-219.430900 139.739139
-219.668899 140.329628
-219.918191 140.909364
-220.178978 141.478150
-220.451459 142.035802
-220.735823 142.582155
-221.032256 143.117059
-221.340932 143.640381
-221.662022 144.152009
-221.995684 144.651845
-222.342069 145.139811
-222.701321 145.615846
-223.073569 146.079908
-223.458937 146.531971
-223.857536 146.972028
-224.269466 147.400086
-224.694819 147.816168
-225.133674 148.220314
-225.586097 148.612576
-226.052145 148.993021
-226.531860 149.361727
-227.025273 149.718784
-227.532403 150.064294
-228.053253 150.398367
-228.587815 150.721124
-229.136066 151.032693
-229.697969 151.333210
-230.273471 151.622818
-230.862506 151.901664
-231.464993 152.169902
-232.080835 152.427690
-232.709922 152.675193
-233.352128 152.912579
-234.007313 153.140021
-234.675321 153.357695
-235.355982 153.565783
-236.049113 153.764469
-236.754514 153.953939
-237.471974 154.134385
-238.201266 154.306000
-238.942152 154.468981
-239.694379 154.623525
-240.457685 154.769834
-241.231795 154.908111
-242.016423 155.038564
-242.811274 155.161398
-243.616045 155.276824
-244.430422 155.385055
-245.254086 155.486303
-246.086709 155.580783
-246.927957 155.668712
-247.777494 155.750306
-248.634979 155.825782
-249.500067 155.895356
-250.372416 155.959242
-251.251681 156.017656
-252.137517 156.070808
-253.029584 156.118908
-253.927543 156.162158
-254.831057 156.200762
-255.739797 156.234915
-256.653436 156.264809
-257.571656 156.290632
-258.494142 156.312565
-259.420586 156.330784
-260.350687 156.345460
-261.284152 156.356760
-262.220691 156.364843
-263.160025 156.369865
-264.101883 156.371979
-265.046001 156.371330
-265.992121 156.368060
-266.939999 156.362308
-267.889394 156.354207
-268.840080 156.343885
-269.791836 156.331471
-270.744453 156.317084
-271.697732 156.300845
-272.651484 156.282870
-273.605529 156.263270
-274.559698 156.242155
-275.513833 156.219632
-276.467786 156.195803
-277.421420 156.170767
-278.374607 156.144623
-279.327231 156.117462
-280.279188 156.089377
-281.230383 156.060455
-282.180734 156.030779
-283.130169 156.000432
-284.078628 155.969489
-285.026061 155.938027
-285.972428 155.906115
-286.917701 155.873821
-287.861858 155.841208
-288.804889 155.808336
-289.746791 155.775260
-290.687572 155.742032
-291.627245 155.708699
-292.565832 155.675303
-293.503363 155.641885
-294.439873 155.608480
-295.375401 155.575119
-296.309994 155.541831
-297.243698 155.508641
-298.176567 155.475570
-299.108654 155.442639
-300.040014 155.409862
-300.970703 155.377255
-301.900777 155.344829
-302.830291 155.312594
-303.759297 155.280558
-304.687849 155.248727
-305.615996 155.217105
-306.543787 155.185698
-307.471270 155.154506
-308.398489 155.123532
-309.325487 155.092775
-310.252305 155.062234
-311.178981 155.031907
-312.105552 155.001790
-313.032049 154.971881
-313.958505 154.942175
-314.884948 154.912668
-315.811403 154.883354
-316.737891 154.854229
-317.664430 154.825286
-318.591037 154.796519
-319.517723 154.767922
-320.444497 154.739489
-321.371363 154.711214
-322.298323 154.683090
-323.225373 154.655112
-324.152508 154.627274
-325.079717 154.599570
-326.006985 154.571995
-326.934294 154.544544
-327.861621 154.517213
-328.788938 154.489997
-329.716210 154.462893
-330.643400 154.435899
-331.570463 154.409011
-332.497351 154.382231
-333.424008 154.355558
-334.350377 154.328995
-335.276394 154.302546
-336.201990 154.276219
-337.127091 154.250023
-338.051621 154.223969
-338.975494 154.198073
-339.898623 154.172353
-340.820915 154.146830
-341.742273 154.121529
-342.662594 154.096476
-343.581774 154.071703
-344.499701 154.047246
-345.416263 154.023144
-346.331341 153.999442
-347.244813 153.976188
-348.156556 153.953435
-349.066442 153.931242
-349.974340 153.909673
-350.880115 153.888797
-351.783629 153.868690
-352.684741 153.849432
-353.583305 153.831110
-354.479172 153.813818
-355.372188 153.797655
-356.262196 153.782729
-357.149034 153.769153
-358.032535 153.757047
-358.912527 153.746537
-359.788835 153.737756
-360.661278 153.730845
-361.529671 153.725952
-362.393826 153.723229
-363.253550 153.722839
-364.108645 153.724949
-364.958912 153.729735
-365.804145 153.737381
-366.644140 153.748074
-367.478685 153.762012
-368.307570 153.779398
-369.130583 153.800441
-369.947509 153.825359
-370.758132 153.854374
-371.562236 153.887714
-372.359605 153.925615
-373.150022 153.968317
-373.933274 154.016067
-374.709148 154.069114
-375.477431 154.127716
-376.237914 154.192133
-376.990391 154.262629
-377.734658 154.339472
-378.470515 154.422934
-379.197762 154.513287
-379.916208 154.610807
-380.625661 154.715770
-381.325937 154.828455
-382.016856 154.949139
-382.698242 155.078102
-383.369927 155.215621
-384.031746 155.361975
-384.683542 155.517441
-385.325164 155.682294
-385.956467 155.856806
-386.577312 156.041243
-387.187569 156.235869
-387.787113 156.440941
-388.375825 156.656711
-388.953595 156.883421
-389.520320 157.121307
-390.075907 157.370594
-390.620269 157.631500
-391.153331 157.904229
-391.675025 158.188974
-392.185294 158.485917
-392.684090 158.795228
-393.171376 159.117060
-393.647125 159.451556
-394.111319 159.798843
-394.563952 160.159032
-395.005026 160.532222
-395.434555 160.918492
-395.852560 161.317909
-396.259072 161.730520
-396.654132 162.156354
-397.037789 162.595424
-397.410097 163.047724
-397.771120 163.513229
-398.120926 163.991895
-398.459591 164.483658
-398.787191 164.988436
-399.103811 165.506126
-399.409536 166.036606
-399.704454 166.579736
-399.988657 167.135353
-400.262235 167.703277
-400.525282 168.283308
-400.777890 168.875224
-401.020150 169.478788
-401.252153 170.093739
-401.473987 170.719802
-401.685737 171.356681
-401.887487 172.004061
-402.079313 172.661611
-402.261293 173.328982
-402.433495 174.005809
-402.595985 174.691709
-402.748824 175.386284
-402.892064 176.089120
-403.025753 176.799788
-403.149930 177.517844
-403.264631 178.242829
-403.369879 178.974274
-403.465693 179.711696
-403.552083 180.454604
-403.629050 181.202496
-403.696590 181.954863
-403.754688 182.711189
-403.803322 183.470953
-403.842458 184.233629
-403.872056 184.998688
-403.892063 185.765600
-403.902417 186.533832
-403.903047 187.302855
-403.893870 188.072136
-403.874794 188.841147
-403.845717 189.609362
-403.806527 190.376256
-403.757103 191.141310
-403.697315 191.904009
-403.627026 192.663842
-403.546090 193.420305
-403.454356 194.172901
-403.351666 194.921140
-403.237855 195.664544
-403.112754 196.402641
-402.976191 197.134970
-402.827989 197.861084
-402.667970 198.580544
-402.495954 199.292927
-402.311761 199.997823
-402.115211 200.694833
-401.906125 201.383574
-401.684328 202.063679
-401.449644 202.734796
-401.201902 203.396588
-400.940934 204.048736
-400.666578 204.690937
-400.378677 205.322905
-400.077078 205.944373
-399.761636 206.555089
-399.432213 207.154821
-399.088680 207.743357
-398.730916 208.320499
-398.358808 208.886071
-397.972253 209.439916
-397.571158 209.981893
-397.155441 210.511882
-396.725029 211.029781
-396.279864 211.535507
-395.819896 212.028996
-395.345090 212.510202
-394.855423 212.979096
-394.350885 213.435666
-393.831477 213.879919
-393.297218 214.311874
-392.748135 214.731568
-392.184273 215.139050
-391.605688 215.534384
-391.012452 215.917649
-390.404651 216.288932
-389.782385 216.648337
-389.145770 216.995976
-388.494933 217.331973
-387.830018 217.656462
-387.151181 217.969587
-386.458593 218.271505
-385.752436 218.562377
-385.032906 218.842378
-384.300209 219.111691
-383.554563 219.370507
-382.796196 219.619024
-382.025345 219.857450
-381.242257 220.085996
-380.447184 220.304880
-379.640391 220.514328
-378.822146 220.714569
-377.992725 220.905836
-377.152410 221.088368
-376.301487 221.262405
-375.440246 221.428191
-374.568982 221.585975
-373.687992 221.736006
-372.797576 221.878534
-371.898037 222.013813
-370.989678 222.142093
-370.072804 222.263630
-369.147721 222.378675
-368.214734 222.487482
-367.274148 222.590302
-366.326268 222.687384
-365.371398 222.778976
-364.409840 222.865323
-363.441894 222.946666
-362.467856 223.023246
-361.488021 223.095296
-360.502682 223.163049
-359.512127 223.226729
-358.516640 223.286558
-357.516503 223.342754
-356.511993 223.395526
-355.503382 223.445079
-354.490937 223.491615
-353.474923 223.535326
-352.455598 223.576400
-351.433214 223.615019
-350.408021 223.651361
-349.380262 223.685594
-348.350174 223.717883
-347.317991 223.748386
-346.283940 223.777257
-345.248242 223.804642
-344.211116 223.830681
-343.172773 223.855511
-342.133419 223.879259
-341.093259 223.902050
-340.052488 223.923999
-339.011301 223.945219
-337.969885 223.965815
-336.928427 223.985883
-335.887107 224.005519
-334.846105 224.024807
-333.805595 224.043829
-332.765751 224.062661
-331.726743 224.081374
-330.688739 224.100033
-329.651904 224.118698
-328.616402 224.137424
-327.582395 224.156262
-326.550043 224.175256
-325.519503 224.194447
-324.490933 224.213869
-323.464486 224.233553
-322.440316 224.253523
-321.418576 224.273803
-320.399416 224.294407
-319.382986 224.315347
-318.369435 224.336633
-317.358911 224.358267
-316.351559 224.380249
-315.347525 224.402577
-314.346952 224.425244
-313.349982 224.448240
-312.356757 224.471552
-311.367417 224.495167
-310.382101 224.519066
-309.400947 224.543231
-308.424091 224.567642
-307.451666 224.592277
-306.483805 224.617112
-305.520638 224.642124
-304.562292 224.667288
-303.608893 224.692579
-302.660562 224.717972
-301.717420 224.743441
-300.779584 224.768963
-299.847167 224.794511
-298.920279 224.820061
-297.999026 224.845591
-297.083512 224.871077
-296.173836 224.896495
-295.270092 224.921825
-294.372371 224.947046
-293.480758 224.972137
-292.595333 224.997080
-291.716172 225.021856
-290.843344 225.046449
-289.976915 225.070843
-289.116942 225.095023
-288.263477 225.118976
-287.416568 225.142690
-286.576253 225.166153
-285.742567 225.189355
-284.915534 225.212287
-284.095176 225.234940
-283.281505 225.257307
-282.474527 225.279380
-281.674244 225.301156
-280.880648 225.322629
-280.093726 225.343795
-279.313458 225.364652
-278.539820 225.385200
-277.772780 225.405436
-277.012301 225.425363
-276.258340 225.444979
-275.510848 225.464288
-274.769771 225.483290
-274.035051 225.501989
-273.306623 225.520387
-272.584419 225.538486
-271.868368 225.556290
-271.158393 225.573801
-270.454415 225.591021
-269.756349 225.607950
-269.064109 225.624591
-268.377605 225.640943
-267.696744 225.657004
-267.021434 225.672773
-266.351576 225.688248
-265.687075 225.703424
-265.027830 225.718296
-264.373742 225.732855
-263.724713 225.747094
-263.080640 225.761000
-262.441425 225.774562
-261.806968 225.787765
-261.177171 225.800591
-260.551935 225.813021
-259.931165 225.825034
-259.314766 225.836605
-258.702645 225.847709
-258.094712 225.858316
-257.490879 225.868394
-256.891061 225.877908
-256.295178 225.886819
-255.703151 225.895085
-255.114909 225.902661
-254.530384 225.909499
-253.949511 225.915547
-253.372234 225.920746
-252.798501 225.925038
-252.228265 225.928358
-251.661488 225.930638
-251.098135 225.931805
-250.538182 225.931781
-249.981607 225.930485
-249.428398 225.927829
-248.878549 225.923723
-248.332062 225.918067
-247.788945 225.910761
-247.249215 225.901696
-246.712894 225.890760
-246.180013 225.877835
-245.650609 225.862796
-245.124728 225.845515
-244.602420 225.825859
-244.083744 225.803688
-243.568762 225.778861
-243.057544 225.751227
-242.550164 225.720634
-242.046700 225.686925
-241.547236 225.649938
-241.051860 225.609505
-240.560662 225.565456
-240.073736 225.517615
-239.591178 225.465802
-239.113087 225.409833
-238.639562 225.349518
-238.170707 225.284663
-237.706623 225.215072
-237.247414 225.140542
-236.793186 225.060869
-236.344043 224.975844
-235.900089 224.885255
-235.461430 224.788887
-235.028169 224.686523
-234.600409 224.577941
-234.178252 224.462920
-233.761799 224.341233
-233.351149 224.212653
-232.946401 224.076953
-232.547649 223.933901
-232.154988 223.783271
-231.768510 223.624831
-231.388303 223.458353
-231.014451 223.283608
-230.647037 223.100370
-230.286138 222.908415
-229.931826 222.707520
-229.584170 222.497466
-229.243233 222.278039
-228.909072 222.049026
-228.581737 221.810223
-228.261273 221.561427
-227.947720 221.302445
-227.641107 221.033090
-227.341460 220.753182
-227.048795 220.462551
-226.763122 220.161036
-226.484441 219.848484
-226.212744 219.524753
-225.948014 219.189713
-225.690226 218.843242
-225.439344 218.485234
-225.195325 218.115590
-224.958118 217.734226
-224.727663 217.341073
-224.503892 216.936071
-224.286731 216.519177
-224.076101 216.090363
-223.871912 215.649613
-223.674071 215.196929
-223.482481 214.732325
-223.297037 214.255833
-223.117632 213.767502
-222.944154 213.267393
-222.776486 212.755586
-222.614512 212.232179
-222.458109 211.697283
-222.307152 211.151027
-222.161514 210.593557
-222.021067 210.025033
-221.885677 209.445633
-221.755211 208.855550
-221.629535 208.254990
-221.508511 207.644177
-221.392000 207.023346
-221.279864 206.392750
-221.171961 205.752654
-221.068149 205.103335
-220.968284 204.445085
-220.872222 203.778207
-220.779817 203.103013
-220.690922 202.419828
-220.605392 201.728988
-220.523078 201.030836
-220.443835 200.325727
-220.367516 199.614020
-220.293974 198.896083
-220.223064 198.172289
-220.154644 197.443017
-220.088572 196.708649
-220.024709 195.969572
-219.962917 195.226172
-219.903064 194.478838
-219.845017 193.727956
-219.788649 192.973911
-219.733838 192.217085
-219.680464 191.457855
-219.628416 190.696592
-219.577583 189.933663
-219.527866 189.169425
-219.479168 188.404230
-219.431400 187.638419
-219.384477 186.872323
-219.338322 186.106263
-219.292862 185.340546
-219.248029 184.575466
-219.203761 183.811303
-219.159999 183.048319
-219.116689 182.286760
-219.073782 181.526855
-219.031231 180.768816
-218.988995 180.012834
-218.947034 179.259086
-218.905313 178.507726
-218.863799 177.758892
-218.822462 177.012700
-218.781275 176.269248
-218.740212 175.528613
-218.699252 174.790853
-218.658375 174.056006
-218.617563 173.324091
-218.576800 172.595106
-218.536074 171.869033
-218.495371 171.145835
-218.454685 170.425457
-218.414006 169.707826
-218.373332 168.992853
-218.332661 168.280430
-218.291993 167.570438
-218.251332 166.862740
-218.210685 166.157184
-218.170060 165.453609
-218.129470 164.751836
-218.088928 164.051678
-218.048450 163.352934
-218.008055 162.655396
-217.967764 161.958846
-217.927599 161.263060
-217.887584 160.567805
-217.847744 159.872844
-217.808107 159.177938
-217.768699 158.482843
-217.729548 157.787315
-217.690684 157.091109
-217.652134 156.393984
-217.613925 155.695701
-217.576084 154.996024
-217.538634 154.294725
-217.501598 153.591582
-217.464997 152.886377
-217.428849 152.178903
-217.393168 151.468962
-217.357970 150.756364
-217.323265 150.040931
-217.289064 149.322498
-217.255372 148.600912
-217.222197 147.876038
-217.189542 147.147754
-217.157410 146.415955
-217.125800 145.680555
-217.094713 144.941482
-217.064144 144.198684
-217.034091 143.452126
-217.004547 142.701790
-216.975507 141.947676
-216.946962 141.189803
-216.918904 140.428207
-216.891323 139.662943
-216.864208 138.894082
-216.837548 138.121716
-216.811332 137.345952
-216.785547 136.566913
-216.760181 135.784738
-216.735220 134.999585
-216.710650 134.211624
-216.686457 133.421042
-216.662624 132.628037
-216.639134 131.832824
-216.615969 131.035628
-216.593109 130.236684
-216.570532 129.436239
-216.548214 128.634549
-216.526132 127.831877
-216.504259 127.028495
-216.482569 126.224678
-216.461034 125.420708
-216.439626 124.616868
-216.418314 123.813442
-216.397071 123.010718
-216.375864 122.208978
-216.354664 121.408505
-216.333441 120.609578
-216.312164 119.812470
-216.290804 119.017446
-216.269333 118.224767
-216.247725 117.434679
-216.225956 116.647423
-216.204001 115.863224
-216.181841 115.082299
-216.159456 114.304847
-216.136830 113.531060
-216.113950 112.761112
-216.090802 111.995163
-216.067377 111.233361
-216.043665 110.475833
-216.019660 109.722695
-215.995357 108.974041
-215.970753 108.229949
-215.945846 107.490479
-215.920639 106.755671
-215.895133 106.025549
-215.869334 105.300115
-215.843248 104.579355
-215.816882 103.863235
-215.790247 103.151705
-215.763352 102.444696
-215.736211 101.742120
-215.708838 101.043874
-215.681248 100.349835
-215.653460 99.659867
-215.625490 98.973816
-215.597358 98.291515
-215.569084 97.612780
-215.540691 96.937413
-215.512202 96.265205
-215.483642 95.595931
-215.455035 94.929354
-215.426409 94.265229
-215.397794 93.603300
-215.369219 92.943301
-215.340718 92.284958
-215.312325 91.627993
-215.284076 90.972119
-215.256006 90.317046
-215.228153 89.662482
-215.200556 89.008132
-215.173250 88.353701
-215.146275 87.698895
-215.119665 87.043422
-215.093458 86.386993
-215.067687 85.729325
-215.042387 85.070142
-215.017587 84.409173
-214.993316 83.746156
-214.969599 83.080842
-214.946459 82.412989
-214.923915 81.742372
-214.901983 81.068777
-214.880677 80.392003
-214.860008 79.711867
-214.839981 79.028197
-214.820603 78.340840
-214.801875 77.649657
-214.783798 76.954525
-214.766370 76.255339
-214.749587 75.552011
-214.733444 74.844473
-214.717931 74.132673
-214.703040 73.416581
-214.688759 72.696183
-214.675075 71.971485
-214.661972 71.242514
-214.649434 70.509313
-214.637442 69.771946
-214.625976 69.030496
-214.615015 68.285062
-214.604534 67.535764
-214.594507 66.782739
-214.584905 66.026141
-214.575698 65.266141
-214.566853 64.502926
-214.558334 63.736700
-214.550102 62.967681
-214.542117 62.196103
-214.534335 61.422215
-214.526708 60.646279
-214.519186 59.868571
-214.511716 59.089378
-214.504238 58.308998
-214.496692 57.527742
-214.489010 56.745928
-214.481121 55.963885
-214.472953 55.181950
-214.464425 54.400468
-214.455455 53.619790
-214.445956 52.840272
-214.435839 52.062275
-214.425011 51.286162
-214.413374 50.512300
-214.400827 49.741055
-214.387269 48.972794
-214.372593 48.207882
-214.356691 47.446683
-214.339453 46.689557
-214.320766 45.936858
-214.300518 45.188935
-214.278591 44.446132
-214.254867 43.708782
-214.229227 42.977214
-214.201549 42.251745
-214.171709 41.532686
-214.139581 40.820335
-214.105038 40.114984
-214.067950 39.416914
-214.028184 38.726395
-213.985607 38.043684
-213.940081 37.369029
-213.891469 36.702665
-213.839628 36.044814
-213.784417 35.395685
-213.725688 34.755475
-213.663294 34.124366
-213.597085 33.502530
-213.526907 32.890122
-213.452606 32.287286
-213.374024 31.694151
-213.291002 31.110836
-213.203379 30.537441
-213.110991 29.974057
-213.013671 29.420760
-212.911252 28.877614
-212.803566 28.344672
-212.690442 27.821971
-212.571708 27.309539
-212.447193 26.807392
-212.316723 26.315533
-212.180127 25.833957
-212.037232 25.362647
-211.887867 24.901578
-211.731863 24.450713
-211.569051 24.010008
-211.399266 23.579409
-211.222343 23.158853
-211.038122 22.748271
-210.846443 22.347585
-210.647152 21.956710
-210.440096 21.575556
-210.225127 21.204027
-210.002104 20.842023
-209.770887 20.489437
-209.531342 20.146163
-209.283343 19.812090
-209.026765 19.487106
-208.761492 19.171097
-208.487412 18.863951
-208.204417 18.565553
-207.912408 18.275791
-207.611289 17.994553
-207.300972 17.721724
-206.981372 17.457193
-206.652409 17.200848
-206.314007 16.952573
-205.966095 16.712257
-205.608604 16.479783
-205.241471 16.255037
-204.864635 16.037901
-204.478038 15.828258
-204.081628 15.625992
-203.675353 15.430985
-203.259166 15.243121
-202.833023 15.062282
-202.396884 14.888352
-201.950709 14.721216
-201.494463 14.560759
-201.028117 14.406866
-200.551639 14.259425
-200.065008 14.118324
-199.568201 13.983453
-199.061204 13.854702
-198.544003 13.731963
-198.016591 13.615132
-197.478964 13.504101
-196.931121 13.398767
-196.373067 13.299026
-195.804808 13.204775
-195.226356 13.115909
-194.637724 13.032326
-194.038931 12.953921
-193.429996 12.880590
-192.810942 12.812230
-192.181794 12.748734
-191.542581 12.689997
-190.893331 12.635915
-190.234077 12.586378
-189.564853 12.541279
-188.885693 12.500509
-188.196634 12.463957
-187.497711 12.431511
-186.788962 12.403056
-186.070423 12.378474
-185.342132 12.357646
-184.604124 12.340449
-183.856435 12.326757
-183.099101 12.316440
-182.332155 12.309365
-181.555634 12.305396
-180.769569 12.304395
-179.973994 12.306222
-179.168943 12.310735
-178.354447 12.317792
-177.530542 12.327252
-176.697262 12.338972
-175.854646 12.352815
-175.002732 12.368642
-174.141561 12.386322
-173.271177 12.405723
-172.391626 12.426720
-171.502955 12.449192
-170.605218 12.473019
-169.698466 12.498089
-168.782759 12.524292
-167.858155 12.551520
-166.924719 12.579671
-165.982515 12.608647
-165.031613 12.638350
-164.072086 12.668689
-163.104008 12.699574
-162.127455 12.730918
-161.142508 12.762638
-160.149246 12.794652
-159.147754 12.826884
-158.138118 12.859260
-157.120426 12.891707
-156.094767 12.924160
-155.061235 12.956554
-154.019924 12.988830
-152.970934 13.020931
-151.914364 13.052806
-150.850318 13.084408
-149.778902 13.115694
-148.700224 13.146623
-147.614396 13.177160
-146.521532 13.207276
-145.421749 13.236943
-144.315167 13.266140
-143.201911 13.294848
-142.082108 13.323056
-140.955887 13.350754
-139.823382 13.377939
-138.684730 13.404612
-137.540070 13.430779
-136.389544 13.456452
-135.233298 13.481646
-134.071481 13.506384
-132.904244 13.530690
-131.731743 13.554593
-130.554132 13.578127
-129.371573 13.601328
-128.184227 13.624233
-126.992260 13.646885
-125.795841 13.669327
-124.595140 13.691604
-123.390330 13.713763
-122.181587 13.735850
-120.969090 13.757911
-119.753018 13.779989
-118.533554 13.802127
-117.310882 13.824364
-116.085189 13.846740
-114.856664 13.869289
-113.625499 13.892046
-112.391887 13.915043
-111.156027 13.938312
-109.918117 13.961881
-108.678361 13.985778
-107.436965 14.010030
-106.194137 14.034664
-104.950089 14.059703
-103.705037 14.085171
-102.459199 14.111089
-101.212796 14.137477
-99.966056 14.164355
-98.719205 14.191739
-97.472477 14.219646
-96.226107 14.248089
-94.980334 14.277081
-93.735398 14.306631
-92.491543 14.336749
-91.249017 14.367440
-90.008069 14.398708
-88.768953 14.430557
-87.531925 14.462987
-86.297243 14.495996
-85.065169 14.529583
-83.835963 14.563740
-82.609890 14.598461
-81.387215 14.633737
-80.168205 14.669559
-78.953129 14.705913
-77.742259 14.742787
-76.535866 14.780167
-75.334227 14.818036
-74.137615 14.856379
-72.946308 14.895176
-71.760584 14.934411
-70.580721 14.974065
-69.407001 15.014119
-68.239701 15.054558
-67.079100 15.095363
-65.925476 15.136517
-64.779105 15.178004
-63.640261 15.219807
-62.509216 15.261911
-61.386240 15.304303
-60.271601 15.346972
-59.165564 15.389912
-58.068391 15.433120
-56.980342 15.476599
-55.901673 15.520355
-54.832637 15.564400
-53.773481 15.608751
-52.724446 15.653430
-51.685769 15.698464
-50.657679 15.743886
-49.640399 15.789736
-48.634147 15.836058
-47.639130 15.882904
-46.655551 15.930331
-45.683603 15.978406
-44.723474 16.027202
-43.775340 16.076800
-42.839373 16.127290
-41.915733 16.178771
-41.004573 16.231350
-40.106038 16.285143
-39.220262 16.340276
-38.347371 16.396883
-37.487482 16.455109
-36.640700 16.515108
-35.807123 16.577043
-34.986834 16.641088
-34.179910 16.707426
-33.386414 16.776248
-32.606401 16.847757
-31.839917 16.922163
-31.086995 16.999686
-30.347662 17.080557
-29.621933 17.165011
-28.909814 17.253295
-28.211299 17.345661
-27.526374 17.442369
-26.855014 17.543687
-26.197185 17.649889
-25.552843 17.761254
-24.921934 17.878071
-24.304397 18.000631
-23.700162 18.129232
-23.109152 18.264178
-22.531281 18.405773
-21.966459 18.554332
-21.414590 18.710169
-20.875569 18.873603
-20.349288 19.044955
-19.835634 19.224547
-19.334486 19.412702
-18.845722 19.609741
-18.369212 19.815984
-17.904823 20.031747
-17.452418 20.257344
-17.011855 20.493083
-16.582993 20.739267
-16.165684 20.996195
-15.759784 21.264157
-15.365142 21.543435
-14.981609 21.834302
-14.609034 22.137021
-14.247266 22.451845
-13.896153 22.779013
-13.555540 23.118751
-13.225274 23.471270
-12.905198 23.836766
-12.595156 24.215418
-12.294987 24.607385
-12.004531 25.012809
-11.723625 25.431814
-11.452105 25.864503
-11.189805 26.310956
-10.936556 26.771236
-10.692190 27.245379
-10.456534 27.733402
-10.229419 28.235296
-10.010671 28.751032
-9.800117 29.280556
-9.597582 29.823789
-9.402890 30.380631
-9.215863 30.950958
-9.036322 31.534621
-8.864088 32.131449
-8.698979 32.741247
-8.540815 33.363800
-8.389413 33.998865
-8.244591 34.646180
-8.106165 35.305459
-7.973952 35.976393
-7.847770 36.658652
-7.727433 37.351882
-7.612757 38.055710
-7.503555 38.769738
-7.399641 39.493551
-7.300824 40.226712
-7.206914 40.968765
-7.117718 41.719236
-7.033042 42.477631
-6.952690 43.243442
-6.876465 44.016143
-6.804168 44.795195
-6.735597 45.580046
-6.670551 46.370131
-6.608825 47.164871
-6.550211 47.963682
-6.494503 48.765966
-6.441489 49.571121
-6.390957 50.378536
-6.342693 51.187596
-6.296482 51.997681
-6.252107 52.808170
-6.209348 53.618440
-6.167987 54.427867
-6.127802 55.235832
-6.088576 56.041718
-6.050087 56.844913
-6.012120 57.644812
-5.974458 58.440817
-5.936890 59.232342
-5.899207 60.018807
-5.861204 60.799648
-5.822683 61.574312
-5.783448 62.342259
-5.743311 63.102966
-5.702088 63.855926
-5.659603 64.600649
-5.615684 65.336663
-5.570165 66.063513
-5.522887 66.780765
-5.473697 67.488003
-5.422449 68.184830
-5.369004 68.870871
-5.313228 69.545771
-5.254996 70.209195
-5.194186 70.860832
-5.130685 71.500392
-5.064384 72.127608
-4.995178 72.742236
-4.922971 73.344054
-4.847667 73.932865
-4.769177 74.508494
-4.687415 75.070788
-4.602303 75.619619
-4.513764 76.154880
-4.421729 76.676485
-4.326134 77.184374
-4.226917 77.678506
-4.124025 78.158862
-4.017407 78.625444
-3.907015 79.078275
-3.792809 79.517398
-3.674751 79.942873
-3.552807 80.354782
-3.426947 80.753221
-3.297144 81.138306
-3.163377 81.510168
-3.025625 81.868956
-2.883871 82.214834
-2.738100 82.547981
-2.588299 82.868590
-2.434457 83.176869
-2.276568 83.473038
-2.114623 83.757327
-1.948616 84.029980
-1.778541 84.291249
-1.604393 84.541397
-1.426165 84.780693
-1.243851 85.009413
-1.057442 85.227841
-0.866926 85.436265
-0.672289 85.634977
-0.473514 85.824272
-0.270581 86.004448
-0.063465 86.175804
0.147861 86.338639
0.363428 86.493251
0.583269 86.639940
0.807423 86.779001
1.035927 86.910731
1.268827 87.035420
1.506169 87.153358
1.748003 87.264830
1.994384 87.370118
2.245367 87.469499
2.501014 87.563244
2.761386 87.651618
3.026550 87.734881
3.296573 87.813285
3.571522 87.887077
3.851467 87.956495
4.136478 88.021770
4.426625 88.083129
4.721981 88.140789
5.022618 88.194962
5.328609 88.245853
5.640028 88.293660
5.956949 88.338575
6.279447 88.380781
6.607595 88.420457
6.941469 88.457773
7.281141 88.492896
7.626684 88.525982
7.978168 88.557186
8.335665 88.586653
8.699242 88.614525
9.068964 88.640936
9.444896 88.666015
9.827097 88.689881
10.215624 88.712648
10.610530 88.734422
11.011865 88.755302
11.419674 88.775379
11.833997 88.794737
12.254870 88.813455
12.682323 88.831602
13.116382 88.849243
13.557066 88.866436
14.004387 88.883232
14.458352 88.899681
14.918960 88.915822
15.386205 88.931695
15.860070 88.947332
16.340536 88.962763
16.827574 88.978017
17.321149 88.993117
17.821221 89.008086
18.327743 89.022942
18.840663 89.037703
19.359924 89.052386
19.885462 89.067006
20.417209 89.081574
20.955091 89.096105
21.499030 89.110607
22.048939 89.125091
22.604730 89.139567
23.166307 89.154041
23.733572 89.168522
24.306421 89.183017
24.884747 89.197531
25.468437 89.212071
26.057378 89.226642
26.651450 89.241249
27.250531 89.255895
27.854496 89.270582
28.463219 89.285312
29.076569 89.300084
29.694412 89.314896
30.316616 89.329745
30.943043 89.344628
31.573554 89.359537
32.208012 89.374467
32.846274 89.389409
33.488200 89.404352
34.133649 89.419286
34.782477 89.434198
35.434542 89.449075
36.089702 89.463904
36.747818 89.478672
37.408749 89.493368
38.072356 89.507981
38.738503 89.522501
39.407055 89.536919
40.077877 89.551230
40.750840 89.565427
41.425815 89.579505
42.102678 89.593461
42.781306 89.607295
43.461581 89.621004
44.143389 89.634588
44.826618 89.648049
45.511162 89.661389
46.196916 89.674608
46.883783 89.687708
47.571666 89.700690
48.260473 89.713557
48.950116 89.726310
49.640511 89.738948
50.331575 89.751473
51.023230 89.763884
51.715398 89.776180
52.408005 89.788361
53.100980 89.800424
53.794253 89.812367
54.487756 89.824188
55.181424 89.835884
55.875191 89.847453
56.568995 89.858892
57.262772 89.870197
57.956461 89.881366
58.649999 89.892396
59.343327 89.903284
60.036384 89.914028
60.729109 89.924624
61.421440 89.935072
62.113315 89.945369
62.804669 89.955515
63.495439 89.965511
64.185557 89.975356
64.874955 89.985054
65.563563 89.994604
66.251308 90.004011
66.938115 90.013277
67.623907 90.022407
68.308602 90.031405
68.992119 90.040276
69.674371 90.049025
70.355270 90.057660
71.034725 90.066186
71.712639 90.074610
72.388914 90.082938
73.063449 90.091178
73.736138 90.099336
74.406873 90.107419
75.075541 90.115434
75.742026 90.123391
76.406207 90.131297
77.067960 90.139162
77.727157 90.146994
78.383664 90.154806
79.037348 90.162608
79.688067 90.170414
80.335678 90.178237
80.980034 90.186093
81.620984 90.194000
82.258373 90.201976
82.892042 90.210042
83.521831 90.218221
84.147574 90.226538
84.769106 90.235021
85.386258 90.243698
85.998860 90.252603
86.606739 90.261771
87.209724 90.271239
87.807641 90.281048
88.400316 90.291241
88.987578 90.301863
89.569254 90.312964
90.145175 90.324596
90.715172 90.336815
91.279079 90.349680
91.836731 90.363255
92.387966 90.377605
92.932626 90.392803
93.470556 90.408921
94.001605 90.426041
94.525626 90.444246
95.042479 90.463624
95.552028 90.484268
96.054141 90.506277
96.548695 90.529755
97.035571 90.554810
97.514657 90.581558
97.985849 90.610117
98.449049 90.640614
98.904165 90.673178
99.351113 90.707946
99.789815 90.745059
100.220200 90.784662
100.642207 90.826908
101.055778 90.871953
101.460865 90.919958
101.857427 90.971089
102.245430 91.025517
102.624847 91.083418
102.995660 91.144972
103.357855 91.210366
103.711429 91.279787
104.056384 91.353428
104.392727 91.431486
104.720476 91.514162
105.039652 91.601657
105.350284 91.694181
105.652409 91.791941
105.946070 91.895149
106.231314 92.004020
106.508198 92.118768
106.776782 92.239611
107.037135 92.366768
107.289329 92.500458
107.533445 92.640901
107.769564 92.788317
107.997778 92.942926
108.218178 93.104949
108.430864 93.274605
108.635939 93.452113
108.833508 93.637688
109.023682 93.831547
109.206573 94.033901
109.382299 94.244959
109.550980 94.464928
109.712738 94.694010
109.867699 94.932401
110.015990 95.180293
110.157739 95.437871
110.293077 95.705312
110.422136 95.982786
110.545049 96.270452
110.661951 96.568463
110.772975 96.876957
110.878255 97.196066
110.977925 97.525906
111.072117 97.866584
111.160965 98.218194
111.244597 98.580816
111.323145 98.954517
111.396738 99.339350
111.465504 99.735355
111.529571 100.142556
111.589064 100.560963
111.644109 100.990571
111.694831 101.431357
111.741352 101.883285
111.783796 102.346301
111.822283 102.820336
111.856933 103.305303
111.887866 103.801098
111.915201 104.307603
111.939056 104.824681
111.959549 105.352180
111.976796 105.889931
111.990916 106.437750
112.002022 106.995435
112.010232 107.562772
112.015659 108.139529
112.018419 108.725459
112.018625 109.320303
112.016391 109.923786
112.011829 110.535618
112.005053 111.155497
111.996173 111.783107
111.985300 112.418120
111.972544 113.060197
111.958013 113.708984
111.941814 114.364119
111.924053 115.025229
111.904834 115.691930
111.884259 116.363829
111.862429 117.040526
111.839443 117.721610
111.815398 118.406665
111.790388 119.095270
111.764507 119.786996
111.737846 120.481413
111.710494 121.178088
111.682540 121.876589
111.654068 122.576482
111.625161 123.277336
111.595898 123.978723
111.566360 124.680221
111.536623 125.381411
111.506761 126.081884
111.476848 126.781237
111.446955 127.479077
111.417153 128.175023
111.387508 128.868702
111.358088 129.559757
111.328956 130.247842
111.300174 130.932627
111.271799 131.613797
111.243887 132.291054
111.216490 132.964117
111.189658 133.632724
111.163437 134.296632
111.137870 134.955618
111.112998 135.609480
111.088859 136.258036
111.065487 136.901127
111.042912 137.538616
111.021163 138.170386
111.000264 138.796344
110.980237 139.416419
110.961102 140.030562
110.942874 140.638745
110.925565 141.240963
110.909184 141.837236
110.893736 142.427601
110.879223 143.012121
110.865645 143.590879
110.852997 144.163977
110.841273 144.731542
110.830462 145.293718
110.820553 145.850669
110.811532 146.402577
110.803382 146.949643
110.796085 147.492085
110.789622 148.030138
110.783971 148.564053
110.779111 149.094096
110.775015 149.620548
110.771658 150.143703
110.769013 150.663869
110.767051 151.181364
110.765741 151.696517
110.765053 152.209663
110.764956 152.721147
110.765415 153.231318
110.766398 153.740532
110.767869 154.249144
110.769796 154.757513
110.772142 155.265999
110.774873 155.774956
110.777954 156.284740
110.781350 156.795701
110.785028 157.308182
110.788952 157.822524
110.793087 158.339057
110.797399 158.858105
110.801857 159.379983
110.806427 159.904994
110.811081 160.433429
110.815790 160.965566
110.820526 161.501671
110.825266 162.041992
110.829984 162.586764
110.834659 163.136205
110.839270 163.690512
110.843797 164.249870
110.848223 164.814438
110.852530 165.384362
110.856703 165.959766
110.860728 166.540753
110.864590 167.127408
110.868277 167.719796
110.871780 168.317960
110.875087 168.921923
110.878191 169.531688
110.881085 170.147239
110.883762 170.768539
110.886216 171.395530
110.888445 172.028137
110.890445 172.666265
110.892215 173.309799
110.893752 173.958610
110.895057 174.612550
110.896129 175.271455
110.896968 175.935146
110.897576 176.603429
110.897953 177.276095
110.898105 177.952924
110.898034 178.633681
110.897746 179.318123
110.897248 180.005993
110.896547 180.697029
110.895651 181.390957
110.894570 182.087501
110.893314 182.786375
110.891893 183.487292
110.890321 184.189961
110.888608 184.894088
110.886767 185.599381
110.884809 186.305547
110.882744 187.012296
110.880584 187.719339
110.878336 188.426390
110.876010 189.133167
110.873613 189.839392
110.871151 190.544793
110.868629 191.249103
110.866047 191.952062
110.863408 192.653417
110.860708 193.352924
110.857945 194.050348
110.855113 194.745464
110.852204 195.438057
110.849208 196.127924
110.846115 196.814875
110.842913 197.498731
110.839587 198.179329
110.836123 198.856519
110.832505 199.530166
110.828716 200.200151
110.824739 200.866369
110.820557 201.528732
110.816149 202.187166
110.811499 202.841616
110.806586 203.492040
110.801393 204.138413
110.795901 204.780727
110.790090 205.418990
110.783942 206.053225
110.777436 206.683472
110.770553 207.309788
110.763273 207.932246
110.755577 208.550930
110.747445 209.165943
110.738857 209.777398
110.729793 210.385423
110.720234 210.990159
110.710157 211.591758
110.699543 212.190383
110.688369 212.786207
110.676611 213.379415
110.664246 213.970199
110.651249 214.558758
110.637596 215.145301
110.623260 215.730039
110.608216 216.313192
110.592438 216.894982
110.575897 217.475636
110.558570 218.055380
110.540431 218.634445
110.521457 219.213061
110.501625 219.791458
110.480917 220.369867
110.459314 220.948517
110.436803 221.527636
110.413373 222.107448
110.389016 222.688177
110.363727 223.270041
110.337506 223.853257
110.310356 224.438035
110.282283 225.024580
110.253297 225.613093
110.223409 226.203766
110.192636 226.796787
110.160996 227.392333
110.128510 227.990574
110.095199 228.591670
110.061089 229.195772
110.026205 229.803019
109.990573 230.413540
109.954223 231.027450
109.917183 231.644853
109.879484 232.265842
109.841156 232.890494
109.802230 233.518876
109.762738 234.151040
109.722714 234.787022
109.682191 235.426845
109.641202 236.070516
109.599785 236.718027
109.557975 237.369355
109.515811 238.024459
109.473331 238.683286
109.430577 239.345766
109.387590 240.011815
109.344412 240.681335
109.301090 241.354212
109.257669 242.030321
109.214197 242.709521
109.170724 243.391659
109.127304 244.076569
109.083990 244.764070
109.040839 245.453973
108.997911 246.146073
108.955266 246.840158
108.912968 247.536003
108.871081 248.233374
108.829673 248.932028
108.788810 249.631715
108.748563 250.332175
108.708999 251.033146
108.670188 251.734355
108.632196 252.435528
108.595090 253.136385
108.558934 253.836641
108.523789 254.536010
108.489717 255.234202
108.456775 255.930925
108.425018 256.625887
108.394499 257.318795
108.365268 258.009354
108.337373 258.697271
108.310859 259.382254
108.285768 260.064012
108.262141 260.742256
108.240016 261.416699
108.219428 262.087058
108.200413 262.753053
108.183004 263.414409
108.167233 264.070857
108.153128 264.722134
108.140720 265.367982
108.130035 266.008154
108.121096 266.642408
108.113926 267.270512
108.108545 267.892242
108.104970 268.507386
108.103215 269.115741
108.103291 269.717115
108.105207 270.311330
108.108967 270.898219
108.114571 271.477628
108.122014 272.049415
108.131289 272.613452
108.142382 273.169625
108.155276 273.717831
108.169949 274.257984
108.186374 274.790008
108.204517 275.313845
108.224341 275.829447
108.245803 276.336784
108.268854 276.835837
108.293438 277.326604
108.319495 277.809098
108.346958 278.283346
108.375755 278.749386
108.405805 279.207274
108.437026 279.657075
108.469325 280.098868
108.502609 280.532745
108.536777 280.958809
108.571727 281.377174
108.607353 281.787967
108.643547 282.191325
108.680199 282.587397
108.717195 282.976342
108.754423 283.358330
108.791765 283.733543
108.829106 284.102169
108.866327 284.464408
108.903310 284.820470
108.939938 285.170571
108.976092 285.514940
109.011655 285.853811
109.046513 286.187431
109.080550 286.516052
109.113653 286.839938
109.145710 287.159360
109.176611 287.474595
109.206246 287.785930
109.234508 288.093657
109.261294 288.398074
109.286502 288.699487
109.310035 288.998204
109.331798 289.294541
109.351702 289.588820
109.369660 289.881364
109.385591 290.172502
109.399418 290.462566
109.411069 290.751891
109.420477 291.040813
109.427582 291.329671
109.432328 291.618807
109.434669 291.908562
109.434561 292.199276
109.431969 292.491291
109.426865 292.784948
109.419227 293.080588
109.409040 293.378549
109.396295 293.679168
109.380991 293.982780
109.363135 294.289715
109.342738 294.600301
109.319820 294.914859
109.294409 295.233710
109.266540 295.557166
109.236254 295.885539
109.203600 296.219133
109.168634 296.558250
109.131417 296.903184
109.092018 297.254225
109.050509 297.611657
109.006966 297.975755
108.961473 298.346786
108.914113 298.725007
108.864976 299.110668
108.814155 299.504007
108.761745 299.905254
108.707845 300.314625
108.652556 300.732328
108.595982 301.158557
108.538228 301.593495
108.479398 302.037309
108.419599 302.490158
108.358935 302.952181
108.297512 303.423505
108.235433 303.904241
108.172803 304.394485
108.109724 304.894315
108.046297 305.403794
107.982621 305.922969
107.918794 306.451871
107.854911 306.990510
107.791064 307.538883
107.727344 308.096967
107.663838 308.664722
107.600630 309.242089
107.537804 309.828993
107.475440 310.425339
107.413614 311.031018
107.352403 311.645901
107.291877 312.269839
107.232107 312.902670
107.173159 313.544213
107.115096 314.194270
107.057979 314.852627
107.001866 315.519054
106.946813 316.193303
106.892873 316.875113
106.840098 317.564207
106.788538 318.260292
106.738241 318.963064
106.689254 319.672203
106.641621 320.387377
106.595388 321.108242
106.550596 321.834438
106.507290 322.565598
106.465512 323.301341
106.425305 324.041273
106.386713 324.784993
106.349779 325.532091
106.314549 326.282146
106.281071 327.034733
106.249395 327.789419
106.219571 328.545767
106.191654 329.303336
106.165703 330.061681
106.141778 330.820355
106.119943 331.578910
106.100268 332.336897
106.082823 333.093867
106.067688 333.849372
106.054946 334.602967
106.044686 335.354211
106.037005 336.102666
106.032005 336.847897
106.029796 337.589479
106.030492 338.326991
106.034218 339.060020
106.041103 339.788162
106.051284 340.511023
106.064906 341.228217
106.082118 341.939370
106.103079 342.644119
106.127956 343.342113
106.156919 344.033015
106.190147 344.716499
106.227825 345.392252
106.270144 346.059974
106.317300 346.719380
106.369497 347.370197
106.426943 348.012168
106.489851 348.645050
106.558441 349.268616
106.632937 349.882652
106.713568 350.486961
106.800569 351.081359
106.894177 351.665678
106.994636 352.239768
107.102190 352.803492
107.217088 353.356729
107.339583 353.899372
107.469931 354.431331
107.608389 354.952529
107.755216 355.462905
107.910672 355.962412
108.075018 356.451017
108.248512 356.928702
108.431414 357.395463
108.623983 357.851309
108.826474 358.296260
109.039142 358.730349
109.262238 359.153622
109.496010 359.566134
109.740702 359.967951
109.996553 360.359151
110.263798 360.739818
110.542666 361.110049
110.833377 361.469947
111.136149 361.819627
111.451189 362.159210
111.778698 362.488825
112.118866 362.808609
112.471875 363.118708
112.837897 363.419272
113.217094 363.710459
113.609621 363.992433
114.015618 364.265364
114.435217 364.529424
114.868540 364.784793
115.315697 365.031652
115.776787 365.270185
116.251897 365.500579
116.741106 365.723023
117.244478 365.937709
117.762068 366.144828
118.293917 366.344572
118.840057 366.537136
119.400507 366.722715
119.975276 366.901503
120.564359 367.073695
121.167742 367.239484
121.785397 367.399064
122.417287 367.552624
123.063362 367.700356
123.723561 367.842449
124.397811 367.979088
125.086028 368.110458
125.788117 368.236739
126.503972 368.358109
127.233476 368.474742
127.976499 368.586811
128.732903 368.694484
129.502536 368.797928
130.285239 368.897305
131.080843 368.992774
131.889169 369.084491
132.710031 369.172609
133.543233 369.257277
134.388573 369.338639
135.245841 369.416840
136.114821 369.492019
136.995289 369.564315
137.887018 369.633861
138.789774 369.700791
139.703320 369.765234
140.627413 369.827318
141.561808 369.887168
142.506256 369.944906
143.460506 370.000649
144.424304 370.054514
145.397394 370.106612
146.379522 370.157050
147.370430 370.205932
148.369861 370.253357
149.377558 370.299421
150.393262 370.344215
151.416716 370.387825
152.447663 370.430333
153.485849 370.471818
154.531018 370.512354
155.582916 370.552011
156.641293 370.590857
157.705900 370.628952
158.776491 370.666358
159.852821 370.703128
160.934652 370.739315
162.021747 370.774967
163.113872 370.810129
164.210797 370.844843
165.312296 370.879149
166.418149 370.913083
167.528135 370.946681
168.642042 370.979974
169.759660 371.012992
170.880784 371.045763
172.005212 371.078312
173.132751 371.110664
174.263210 371.142840
175.396404 371.174864
176.532155 371.206754
177.670289 371.238529
178.810640 371.270206
179.953046 371.301802
181.097354 371.333330
182.243414 371.364805
183.391082 371.396237
184.540223 371.427639
185.690704 371.459021
186.842400 371.490394
187.995191 371.521765
189.148962 371.553142
190.303604 371.584532
191.459011 371.615939
192.615084 371.647367
193.771726 371.678818
194.928847 371.710294
196.086360 371.741795
197.244183 371.773319
198.402240 371.804866
199.560455 371.836431
200.718760 371.868013
201.877088 371.899607
203.035376 371.931209
204.193566 371.962816
205.351600 371.994423
206.509427 372.026024
207.666997 372.057616
208.824266 372.089194
209.981189 372.120753
211.137728 372.152289
212.293846 372.183797
213.449509 372.215274
214.604684 372.246717
215.759340 372.278123
216.913450 372.309490
218.066987 372.340817
219.219927 372.372102
220.372245 372.403344
221.523922 372.434543
222.674938 372.465698
223.825274 372.496809
224.974914 372.527875
226.123844 372.558897
227.272048 372.589874
228.419517 372.620805
229.566239 372.651692
230.712203 372.682532
231.857402 372.713324
233.001827 372.744067
234.145470 372.774759
235.288322 372.805397
236.430376 372.835979
237.571625 372.866502
238.712060 372.896961
239.851672 372.927355
240.990453 372.957677
242.128393 372.987924
243.265484 373.018091
244.401713 373.048170
245.537071 373.078158
246.671545 373.108048
247.805123 373.137833
248.937793 373.167508
250.069542 373.197066
251.200355 373.226501
252.330218 373.255807
253.459116 373.284979
254.587031 373.314013
255.713948 373.342906
256.839847 373.371656
257.964711 373.400264
259.088519 373.428730
260.211250 373.457058
261.332884 373.485254
262.453398 373.513327
263.572768 373.541288
264.690969 373.569151
265.807976 373.596933
266.923761 373.624656
268.038295 373.652344
269.151548 373.680023
270.263490 373.707726
271.374087 373.735488
272.483306 373.763346
273.591112 373.791343
274.697468 373.819526
275.802336 373.847944
276.905677 373.876651
278.007450 373.905707
279.107614 373.935173
280.206126 373.965114
281.302943 373.995600
282.398021 374.026705
283.491314 374.058504
284.582775 374.091079
285.672356 374.124515
286.760007 374.158902
287.845679 374.194332
288.929320 374.230903
290.010880 374.268716
291.090304 374.307874
292.167542 374.348487
293.242539 374.390662
294.315243 374.434515
295.385600 374.480160
296.453557 374.527717
297.519062 374.577305
298.582060 374.629048
299.642502 374.683069
300.700334 374.739495
301.755506 374.798452
302.807970 374.860067
303.857675 374.924469
304.904575 374.991784
305.948623 375.062141
306.989776 375.135663
308.027990 375.212476
309.063224 375.292701
310.095441 375.376454
311.124603 375.463850
312.150677 375.554996
313.173631 375.649996
314.193438 375.748946
315.210073 375.851936
316.223514 375.959046
317.233745 376.070350
318.240751 376.185913
319.244524 376.305788
320.245058 376.430020
321.242353 376.558641
322.236414 376.691675
323.227251 376.829131
324.214876 376.971010
325.199310 377.117297
326.180577 377.267968
327.158707 377.422984
328.133737 377.582295
329.105707 377.745835
330.074662 377.913529
331.040653 378.085287
332.003735 378.261005
332.963968 378.440571
333.921414 378.623856
334.876143 378.810721
335.828226 379.001015
336.777740 379.194573
337.724764 379.391218
338.669380 379.590760
339.611671 379.793000
340.551725 379.997723
341.489628 380.204708
342.425469 380.413720
343.359338 380.624514
344.291321 380.836838
345.221506 381.050427
346.149978 381.265010
347.076822 381.480307
348.002121 381.696028
348.925953 381.911879
349.848395 382.127556
350.769520 382.342749
351.689397 382.557144
352.608090 382.770420
353.525656 382.982251
354.442151 383.192309
355.357619 383.400261
356.272103 383.605772
357.185636 383.808505
358.098242 384.008122
359.009942 384.204284
359.920742 384.396655
360.830644 384.584899
361.739638 384.768682
362.647701 384.947675
363.554802 385.121551
364.460898 385.289987
365.365934 385.452669
366.269841 385.609284
367.172540 385.759529
368.073937 385.903109
368.973926 386.039733
369.872387 386.169121
370.769188 386.291000
371.664183 386.405104
372.557210 386.511179
373.448095 386.608977
374.336650 386.698262
375.222673 386.778808
376.105949 386.850396
376.986248 386.912819
377.863329 386.965880
378.736938 387.009391
379.606807 387.043172
380.472658 387.067057
381.334203 387.080886
382.191141 387.084511
383.043166 387.077793
383.889961 387.060604
384.731205 387.032826
385.566569 386.994352
386.395721 386.945085
387.218323 386.884937
388.034037 386.813832
388.842524 386.731704
389.643444 386.638494
390.436460 386.534157
391.221232 386.418653
391.997424 386.291954
392.764703 386.154039
393.522739 386.004898
394.271208 385.844532
395.009791 385.672946
395.738176 385.490160
396.456059 385.296199
397.163142 385.091095
397.859138 384.874890
398.543769 384.647636
399.216768 384.409391
399.877879 384.160221
400.526857 383.900202
401.163473 383.629413
401.787511 383.347944
402.398769 383.055890
402.997063 382.753352
403.582225 382.440438
404.154103 382.117260
404.712561 381.783936
405.257485 381.440591
405.788773 381.087351
406.306346 380.724347
406.810140 380.351715
407.300109 379.969594
407.776228 379.578125
408.238487 379.177456
408.686897 378.767733
409.121486 378.349108
409.542301 377.921733
409.949406 377.485763
410.342884 377.041356
410.722837 376.588669
411.089381 376.127862
411.442653 375.659096
411.782805 375.182534
412.110004 374.698339
412.424434 374.206675
412.726289 373.707708
413.015779 373.201602
413.293124 372.688522
413.558555 372.168632
413.812312 371.642095
414.054642 371.109073
414.285800 370.569725
414.506047 370.024210
414.715647 369.472683
414.914867 368.915296
415.103979 368.352202
415.283255 367.783548
415.452971 367.209481
415.613400 366.630145
415.764818 366.045680
415.907496 365.456223
416.041703 364.861907
416.167705 364.262861
416.285764 363.659211
416.396138 363.051080
416.499077 362.438586
416.594829 361.821842
416.683630 361.200957
416.765711 360.576035
416.841295 359.947178
416.910594 359.314478
416.973810 358.678029
417.031133 358.037916
417.082744 357.394220
417.128809 356.747020
417.169483 356.096390
417.204912 355.442400
417.235224 354.785118
417.260538 354.124607
417.280962 353.460930
417.296587 352.794146
417.307496 352.124312
417.313759 351.451484
417.315432 350.775717
417.312561 350.097065
417.305180 349.415580
417.293309 348.731314
417.276960 348.044322
417.256130 347.354655
417.230806 346.662367
417.200964 345.967511
417.166567 345.270142
417.127570 344.570314
417.083916 343.868083
417.035540 343.163505
416.982370 342.456637
416.924324 341.747539
416.861314 341.036270
416.793247 340.322893
416.720027 339.607469
416.641552 338.890066
416.557718 338.170749
416.468421 337.449589
416.373552 336.726656
416.273006 336.002023
416.166675 335.275765
416.054452 334.547959
415.936232 333.818681
415.811911 333.088009
415.681391 332.356024
415.544574 331.622806
415.401368 330.888435
415.251689 330.152994
415.095452 329.416566
414.932583 328.679234
414.763011 327.941081
414.586672 327.202191
414.403508 326.462649
414.213468 325.722540
414.016511 324.981948
413.812600 324.240959
413.601707 323.499656
413.383816 322.758123
413.158914 322.016442
412.927002 321.274694
412.688086 320.532961
412.442183 319.791320
412.189319 319.049849
411.929529 318.308622
411.662856 317.567710
411.389354 316.827184
411.109083 316.087111
410.822113 315.347553
410.528523 314.608570
410.228400 313.870221
409.921839 313.132558
409.608943 312.395631
409.289824 311.659486
408.964600 310.924165
408.633400 310.189704
408.296360 309.456138
407.953621 308.723495
407.605334 307.991801
407.251653 307.261078
406.892739 306.531344
406.528759 305.802612
406.159885 305.074892
405.786292 304.348190
405.408160 303.622506
405.025669 302.897838
404.639003 302.174181
404.248345 301.451523
403.853881 300.729852
403.455796 300.009148
403.054275 299.289392
402.649504 298.570561
402.241666 297.852627
401.830942 297.135563
401.417513 296.419337
401.001555 295.703916
400.583240 294.989265
400.162737 294.275348
399.740212 293.562128
399.315824 292.849566
398.889729 292.137623
398.462078 291.426258
398.033016 290.715431
397.602684 290.005099
397.171217 289.295221
396.738746 288.585756
396.305395 287.876663
395.871285 287.167899
395.436528 286.459427
395.001233 285.751205
394.565503 285.043194
394.129433 284.335358
393.693115 283.627659
393.256632 282.920060
392.820064 282.212526
392.383480 281.505023
391.946949 280.797517
391.510529 280.089975
391.074275 279.382365
390.638235 278.674656
390.202448 277.966815
389.766949 277.258811
389.331768 276.550613
388.896926 275.842188
388.462440 275.133507
388.028320 274.424537
387.594568 273.715248
387.161185 273.005608
386.728165 272.295584
386.295497 271.585143
385.863166 270.874250
385.431152 270.162871
384.999428 269.450972
384.567964 268.738515
384.136724 268.025467
383.705669 267.311789
383.274757 266.597444
382.843941 265.882395
382.413172 265.166602
381.982395 264.450025
381.551557 263.732623
381.120597 263.014355
380.689456 262.295178
380.258072 261.575047
379.826382 260.853918
379.394323 260.131744
378.961830 259.408481
378.528839 258.684079
378.095286 257.958491
377.661107 257.231668
377.226238 256.503559
376.790617 255.774114
376.354181 255.043282
375.916868 254.311012
375.478618 253.577250
375.039369 252.841944
374.599063 252.105037
374.157640 251.366476
373.715043 250.626204
373.271217 249.884163
372.826106 249.140298
372.379656 248.394549
371.931813 247.646859
371.482526 246.897171
371.031742 246.145425
370.579411 245.391565
370.125484 244.635533
369.669913 243.877271
369.212652 243.116723
368.753658 242.353834
368.292888 241.588549
367.830303 240.820816
367.365865 240.050585
366.899539 239.277807
366.431293 238.502434
365.961099 237.724424
365.488930 236.943733
365.014763 236.160325
364.538576 235.374166
364.060354 234.585225
363.580082 233.793475
363.097751 232.998895
362.613358 232.201467
362.126902 231.401176
361.638388 230.598013
361.147824 229.791973
360.655224 228.983058
360.160606 228.171272
359.663991 227.356626
359.165404 226.539136
358.664877 225.718824
358.162443 224.895714
357.658139 224.069840
357.152007 223.241236
356.644088 222.409945
356.134428 221.576014
355.623075 220.739493
355.110079 219.900437
354.595493 219.058905
354.079371 218.214961
353.561771 217.368670
353.042751 216.520103
352.522372 215.669334
352.000697 214.816441
351.477791 213.961502
350.953718 213.104605
350.428547 212.245835
349.902344 211.385284
349.375178 210.523046
348.847119 209.659217
348.318236 208.793898
347.788602 207.927191
347.258290 207.059199
346.727374 206.190030
346.195932 205.319791
345.664040 204.448593
345.131775 203.576549
344.599215 202.703774
344.066437 201.830382
343.533518 200.956492
343.000537 200.082223
342.467569 199.207693
341.934689 198.333022
341.401972 197.458331
340.869488 196.583736
340.337307 195.709357
339.805494 194.835309
339.274111 193.961705
338.743217 193.088656
338.212868 192.216268
337.683114 191.344642
337.153999 190.473876
336.625565 189.604063
336.097847 188.735288
335.570878 187.867635
335.044682 187.001178
334.519283 186.135987
333.994697 185.272125
333.470938 184.409648
332.948015 183.548607
332.425930 182.689043
331.904684 181.830992
331.384271 180.974483
330.864682 180.119536
330.345903 179.266168
329.827917 178.414385
329.310705 177.564189
328.794239 176.715575
328.278492 175.868533
327.763430 175.023044
327.249016 174.179088
326.735209 173.336634
326.221965 172.495650
325.709237 171.656093
325.196975 170.817920
324.685127 169.981079
324.173638 169.145511
323.662450 168.311157
323.151507 167.477947
322.640746 166.645811
322.130104 165.814673
321.619516 164.984450
321.108914 164.155059
320.598229 163.326411
320.087389 162.498414
319.576321 161.670971
319.064954 160.843983
318.553213 160.017346
318.041025 159.190953
317.528316 158.364696
317.015013 157.538462
316.501044 156.712136
315.986337 155.885600
315.470823 155.058739
314.954433 154.231431
314.437104 153.403559
313.918771 152.575004
313.399376 151.745648
312.878863 150.915376
312.357178 150.084077
311.834272 149.251640
311.310100 148.417961
310.784620 147.582939
310.257796 146.746475
309.729593 145.908478
309.199981 145.068860
308.668936 144.227539
308.136433 143.384436
307.602453 142.539483
307.066980 141.692612
306.530003 140.843767
305.991512 139.992894
305.451504 139.139948
304.909978 138.284890
304.366939 137.427688
303.822395 136.568317
303.276357 135.706756
302.728842 134.842993
302.179871 133.977022
301.629468 133.108844
301.077661 132.238464
300.524483 131.365897
299.969968 130.491160
299.414153 129.614282
298.857080 128.735294
298.298791 127.854234
297.739332 126.971149
297.178752 126.086089
296.617102 125.199110
296.054437 124.310273
295.490813 123.419646
294.926293 122.527301
294.360939 121.633311
293.794818 120.737757
293.228001 119.840724
292.660560 118.942296
292.092571 118.042567
291.524112 117.141628
290.955264 116.239576
290.386112 115.336511
289.816741 114.432533
289.247240 113.527747
288.677701 112.622257
288.108220 111.716171
287.538893 110.809596
286.969821 109.902642
286.401108 108.995416
285.832858 108.088029
285.265182 107.180589
284.698190 106.273203
284.131997 105.365979
283.566720 104.459024
283.002478 103.552444
282.439392 102.646343
281.877585 101.740826
281.317183 100.835995
280.758311 99.931950
280.201100 99.028792
279.645679 98.126616
279.092180 97.225519
278.540737 96.325592
277.991481 95.426927
277.444547 94.529610
276.900067 93.633727
276.358175 92.739361
275.819001 91.846591
275.282678 90.955495
274.749334 90.066148
274.219098 89.178623
273.692098 88.292990
273.168459 87.409319
272.648306 86.527674
272.131763 85.648121
271.618955 84.770719
271.110000 83.895530
270.605020 83.022610
270.104130 82.152018
269.607445 81.283808
269.115076 80.418037
268.627131 79.554760
268.143712 78.694033
267.664918 77.835914
267.190844 76.980463
266.721579 76.127741
266.257205 75.277814
265.797800 74.430749
265.343437 73.586619
264.894178 72.745502
264.450083 71.907477
264.011200 71.072632
263.577573 70.241058
263.149236 69.412854
262.726214 68.588124
262.308521 67.766977
261.896164 66.949531
261.489138 66.135908
261.087428 65.326238
260.691008 64.520659
260.299842 63.719315
259.913882 62.922355
259.533073 62.129938
259.157344 61.342226
258.786619 60.559388
258.420808 59.781600
258.059813 59.009042
257.703528 58.241904
257.351835 57.480379
257.004613 56.724669
256.661729 55.974981
256.323048 55.231531
255.988427 54.494538
255.657718 53.764231
255.330768 53.040844
255.007424 52.324619
254.687527 51.615803
254.370917 50.914650
254.057433 50.221419
253.746916 49.536378
253.439203 48.859795
253.134133 48.191946
252.831549 47.533113
252.531291 46.883580
252.233203 46.243638
251.937130 45.613579
251.642923 44.993703
251.350433 44.384309
251.059519 43.785701
250.770046 43.198182
250.481882 42.622060
250.194904 42.057640
249.908995 41.505228
249.624047 40.965128
249.339957 40.437642
249.056632 39.923068
248.773985 39.421703
248.491938 38.933835
248.210422 38.459750
247.929376 37.999727
247.648746 37.554039
247.368488 37.122952
247.088568 36.706723
246.808958 36.305603
246.529644 35.919835
246.250620 35.549652
245.971894 35.195281
245.693480 34.856937
245.415407 34.534828
245.137714 34.229151
244.860449 33.940094
244.583672 33.667836
244.307453 33.412546
244.031874 33.174387
243.757025 32.953508
243.483005 32.750054
243.209925 32.564157
242.937900 32.395940
242.667058 32.245516
242.397529 32.112988
242.129450 31.998447
241.862962 31.901973
241.598212 31.823636
241.335347 31.763493
241.074519 31.721592
240.815880 31.697969
240.559585 31.692648
240.305785 31.705641
240.054634 31.736951
239.806279 31.786566
239.560870 31.854469
239.318548 31.940627
239.079455 32.044999
238.843725 32.167534
238.611488 32.308169
238.382867 32.466831
238.157982 32.643438
237.936941 32.837896
237.719848 33.050105
237.506796 33.279954
237.297871 33.527325
237.093149 33.792090
236.892696 34.074115
236.696569 34.373256
236.504819 34.689365
236.317486 35.022286
236.134602 35.371860
235.956192 35.737918
235.782270 36.120289
235.612846 36.518796
235.447919 36.933260
235.287483 37.363494
235.131524 37.809310
234.980021 38.270516
234.832945 38.746915
234.690260 39.238308
234.551922 39.744490
234.417880 40.265256
234.288077 40.800396
234.162447 41.349698
234.040920 41.912948
233.923417 42.489928
233.809854 43.080418
233.700143 43.684193
233.594188 44.301028
233.491891 44.930693
233.393147 45.572956
233.297847 46.227583
233.205880 46.894338
233.117130 47.572985
233.031481 48.263288
232.948815 48.965009
232.869014 49.677913
232.791958 50.401762
232.717527 51.136320
232.645600 51.881350
232.576056 52.636617
232.508774 53.401885
232.443635 54.176921
232.380521 54.961492
232.319316 55.755367
232.259906 56.558314
232.202177 57.370104
232.146022 58.190509
232.091335 59.019303
232.038012 59.856261
231.985956 60.701159
231.935070 61.553779
231.885264 62.413899
231.836451 63.281303
231.788549 64.155775
231.741482 65.037105
231.695177 65.925081
231.649564 66.819497
231.604579 67.720149
231.560160 68.626835
231.516250 69.539356
231.472795 70.457516
231.429745 71.381121
231.387054 72.309980
231.344678 73.243907
231.302580 74.182717
231.260723 75.126228
231.219075 76.074262
231.177606 77.026645
231.136290 77.983203
231.095104 78.943769
231.054028 79.908177
231.013043 80.876266
230.972135 81.847878
230.931294 82.822855
230.890510 83.801048
230.849776 84.782305
230.809088 85.766482
230.768443 86.753437
230.727841 87.743032
230.687281 88.735132
230.646768 89.729605
230.606305 90.726324
230.565896 91.725161
230.525546 92.725992
230.485260 93.728694
230.445039 94.733145
230.404890 95.739229
230.364815 96.746827
230.324821 97.755826
230.284912 98.766114
230.245094 99.777579
230.205374 100.790114
230.165759 101.803612
230.126255 102.817967
230.086871 103.833079
230.047613 104.848846
230.008489 105.865172
229.969506 106.881961
229.930673 107.899121
229.891997 108.916559
229.853484 109.934187
229.815142 110.951920
229.776978 111.969674
229.738998 112.987367
229.701206 114.004919
229.663608 115.022252
229.626210 116.039290
229.589016 117.055957
229.552032 118.072182
229.515261 119.087892
229.478709 120.103020
229.442380 121.117498
229.406278 122.131260
229.370407 123.144241
229.334768 124.156378
229.299365 125.167607
229.264199 126.177868
229.229271 127.187101
229.194583 128.195247
229.160134 129.202251
229.125926 130.208057
229.091957 131.212612
229.058226 132.215864
229.024731 133.217764
228.991469 134.218264
228.958438 135.217319
228.925634 136.214886
228.893053 137.210925
228.860691 138.205398
228.828544 139.198268
228.796605 140.189501
228.764870 141.179066
228.733335 142.166936
228.701995 143.153083
228.670847 144.137488
228.639888 145.120129
228.609116 146.100992
228.578528 147.080061
228.548122 148.057328
228.517896 149.032783
228.487848 150.006423
228.457976 150.978243
228.428278 151.948245
228.398749 152.916430
228.369386 153.882802
228.340184 154.847365
228.311138 155.810127
228.282240 156.771096
228.253485 157.730280
228.224865 158.687689
228.196373 159.643334
228.168000 160.597225
228.139740 161.549376
228.111584 162.499798
228.083525 163.448505
228.055555 164.395510
228.027666 165.340830
227.999851 166.284479
227.972102 167.226476
227.944412 168.166837
227.916773 169.105582
227.889176 170.042729
227.861614 170.978300
227.834077 171.912318
227.806555 172.844809
227.779040 173.775798
227.751523 174.705312
227.723993 175.633382
227.696442 176.560036
227.668860 177.485304
227.641237 178.409220
227.613564 179.331814
227.585830 180.253121
227.558026 181.173173
227.530141 182.092004
227.502164 183.009648
227.474085 183.926138
227.445893 184.841508
227.417576 185.755792
227.389124 186.669022
227.360524 187.581234
227.331766 188.492461
227.302835 189.402737
227.273721 190.312095
227.244408 191.220567
227.214884 192.128188
227.185134 193.034988
227.155146 193.941001
227.124903 194.846257
227.094392 195.750788
227.063596 196.654622
227.032498 197.557792
227.001083 198.460327
226.969338 199.362258
226.937250 200.263618
226.904811 201.164439
226.872010 202.064753
226.838842 202.964594
226.805301 203.863998
226.771380 204.762999
226.737077 205.661634
226.702388 206.559939
226.667309 207.457951
226.631837 208.355707
226.595970 209.253243
226.559706 210.150594
226.523043 211.047795
226.485979 211.944879
226.448512 212.841876
226.410643 213.738818
226.372370 214.635729
226.333695 215.532631
226.294620 216.429544
226.255150 217.326481
226.215290 218.223450
226.175047 219.120458
226.134429 220.017505
226.093446 220.914585
226.052109 221.811691
226.010429 222.708806
225.968420 223.605911
225.926096 224.502981
225.883473 225.399987
225.840570 226.296895
225.797405 227.193665
225.753998 228.090253
225.710373 228.986609
225.666552 229.882680
225.622559 230.778406
225.578421 231.673722
225.534163 232.568558
225.489813 233.462839
225.445397 234.356484
225.400946 235.249406
225.356486 236.141514
225.312047 237.032711
225.267658 237.922895
225.223347 238.811957
225.179145 239.699785
225.135081 240.586260
225.091183 241.471259
225.047482 242.354652
225.004006 243.236305
224.960781 244.116076
224.917830 244.993816
224.875175 245.869372
224.832834 246.742584
224.790822 247.613285
224.749154 248.481304
224.707841 249.346463
224.666893 250.208578
224.626317 251.067463
224.586119 251.922924
224.546302 252.774766
224.506867 253.622790
224.467813 254.466795
224.429135 255.306577
224.390827 256.141931
224.352879 256.972652
224.315276 257.798532
224.278003 258.619368
224.241034 259.434956
224.204343 260.245096
224.167896 261.049591
224.131651 261.848248
224.095565 262.640874
224.059582 263.427281
224.023645 264.207287
223.987685 264.980711
223.951631 265.747378
223.915400 266.507118
223.878904 267.259762
223.842048 268.005148
223.804726 268.743115
223.766826 269.473508
223.728229 270.196176
223.688806 270.910972
223.648419 271.617753
223.606925 272.316383
223.564171 273.006728
223.519997 273.688661
223.474235 274.362061
223.426710 275.026810
223.377240 275.682799
223.325634 276.329923
223.271695 276.968084
223.215218 277.597189
223.155990 278.217152
223.093793 278.827895
223.028399 279.429343
222.959577 280.021431
222.887086 280.604098
222.810679 281.177290
222.730102 281.740963
222.645095 282.295077
222.555394 282.839602
222.460727 283.374512
222.360818 283.899793
222.255385 284.415432
222.144141 284.921427
222.026793 285.417782
221.903043 285.904504
221.772591 286.381609
221.635130 286.849118
221.490352 287.307054
221.337942 287.755448
221.177585 288.194332
221.008965 288.623744
220.831763 289.043724
220.645659 289.454315
220.450335 289.855564
220.245472 290.247518
220.030757 290.630229
219.805875 291.003747
219.570517 291.368127
219.324377 291.723425
219.067156 292.069701
218.798558 292.407013
218.518294 292.735426
218.226082 293.055006
217.921648 293.365823
217.604726 293.667949
217.275058 293.961462
216.932396 294.246441
216.576499 294.522973
216.207138 294.791145
215.824094 295.051050
215.427158 295.302784
215.016134 295.546448
214.590835 295.782143
214.151088 296.009976
213.696729 296.230053
213.227607 296.442487
212.743586 296.647387
212.244539 296.844870
211.730358 297.035051
211.200943 297.218047
210.656213 297.393978
210.096097 297.562963
209.520542 297.725124
208.929506 297.880582
208.322965 298.029460
207.700910 298.171883
207.063347 298.307973
206.410300 298.437856
205.741806 298.561656
205.057920 298.679497
204.358711 298.791505
203.644266 298.897804
202.914687 298.998520
202.170093 299.093779
201.410617 299.183707
200.636409 299.268430
199.847633 299.348075
199.044468 299.422769
198.227107 299.492640
197.395756 299.557816
196.550636 299.618427
195.691977 299.674602
194.820024 299.726471
193.935029 299.774161
193.037258 299.817802
192.126982 299.857521
191.204485 299.893443
190.270058 299.925696
189.323999 299.954403
188.366616 299.979685
187.398219 300.001664
186.419126 300.020457
185.429660 300.036178
184.430148 300.048939
183.420918 300.058848
182.402306 300.066010
181.374646 300.070525
180.338277 300.072490
179.293538 300.071997
178.240768 300.069135
177.180307 300.063988
176.112494 300.056637
175.037668 300.047159
173.956166 300.035629
172.868323 300.022117
171.774471 300.006690
170.674939 299.989412
169.570054 299.970345
168.460135 299.949546
167.345498 299.927070
166.226454 299.902970
165.103308 299.877295
163.976357 299.850092
162.845894 299.821403
161.712201 299.791272
160.575555 299.759738
159.436223 299.726837
158.294465 299.692605
157.150530 299.657076
156.004660 299.620281
154.857086 299.582251
153.708031 299.543014
152.557705 299.502599
151.406310 299.461032
150.254038 299.418339
149.101070 299.374546
147.947575 299.329679
146.793716 299.283762
145.639643 299.236820
144.485495 299.188878
143.331405 299.139958
142.177494 299.090086
141.023875 299.039288
139.870654 298.987589
138.717925 298.935019
137.565776 298.881606
136.414286 298.827381
135.263526 298.772375
134.113559 298.716621
132.964440 298.660154
131.816217 298.603011
130.668932 298.545226
129.522618 298.486840
128.377303 298.427891
127.233009 298.368419
126.089752 298.308465
124.947542 298.248070
123.806384 298.187277
122.666280 298.126130
121.527226 298.064671
120.389214 298.002943
119.252233 297.940991
118.116270 297.878856
116.981306 297.816583
115.847323 297.754215
114.714297 297.691795
113.582205 297.629366
112.451023 297.566974
111.320724 297.504660
110.191282 297.442469
109.062671 297.380444
107.934863 297.318631
106.807833 297.257073
105.681556 297.195814
104.556007 297.134900
103.431165 297.074373
102.307010 297.014278
101.183523 296.954657
100.060689 296.895553
98.938494 296.837007
97.816928 296.779060
96.695984 296.721752
95.575659 296.665120
94.455951 296.609200
93.336864 296.554026
92.218405 296.499631
91.100586 296.446044
89.983422 296.393293
88.866932 296.341402
87.751141 296.290395
86.636077 296.240293
85.521774 296.191114
84.408270 296.142873
83.295608 296.095584
82.183835 296.049257
81.073005 296.003900
79.963176 295.959519
78.854412 295.916118
77.746781 295.873698
76.640356 295.832259
75.535219 295.791800
74.431452 295.752318
73.329148 295.713810
72.228401 295.676273
71.129312 295.639700
70.031985 295.604088
68.936532 295.569431
67.843066 295.535725
66.751708 295.502964
65.662581 295.471147
64.575813 295.440270
63.491537 295.410332
62.409888 295.381332
61.331009 295.353271
60.255041 295.326151
59.182135 295.299974
58.112441 295.274745
57.046116 295.250468
55.983316 295.227148
54.924205 295.204793
53.868947 295.183409
52.817710 295.163006
51.770664 295.143592
50.727982 295.125177
49.689839 295.107773
48.656409 295.091394
47.627870 295.076052
46.604402 295.061765
45.586185 295.048547
44.573400 295.036416
43.566234 295.025392
42.564870 295.015493
41.569496 295.006740
40.580302 294.999154
39.597478 294.992757
38.621214 294.987572
37.651705 294.983621
36.689144 294.980928
35.733723 294.979517
34.785638 294.979414
33.845082 294.980642
32.912246 294.983226
31.987321 294.987193
31.070498 294.992567
30.161962 294.999372
29.261899 295.007634
28.370490 295.017375
27.487914 295.028619
26.614347 295.041387
25.749962 295.055699
24.894928 295.071574
24.049410 295.089030
23.213570 295.108081
22.387565 295.128742
21.571550 295.151024
20.765674 295.174937
19.970083 295.200487
19.184920 295.227681
18.410321 295.256520
17.646420 295.287005
16.893343 295.319134
16.151215 295.352902
15.420153 295.388302
14.700269 295.425324
13.991671 295.463957
13.294458 295.504185
12.608725 295.545994
11.934561 295.589365
11.272047 295.634277
10.621256 295.680710
9.982255 295.728639
9.355102 295.778039
8.739848 295.828885
8.136538 295.881149
7.545206 295.934800
6.965883 295.989807
6.398589 296.046139
5.843336 296.103763
5.300127 296.162646
4.768954 296.222758
4.249800 296.284067
3.742635 296.346545
3.247419 296.410168
2.764101 296.474912
2.292616 296.540761
1.832890 296.607700
1.384835 296.675724
0.948352 296.744827
0.523335 296.815014
0.109664 296.886291
-0.292790 296.958672
-0.684161 297.032177
-1.064597 297.106832
-1.434249 297.182671
-1.793279 297.259734
-2.141852 297.338070
-2.480143 297.417734
-2.808333 297.498790
-3.126607 297.581311
-3.435157 297.665378
-3.734070 297.748535
-4.023434 297.828324
-4.303344 297.902294
-4.573901 297.967992
-4.835207 298.022969
-5.087372 298.064778
-5.330507 298.090972
-5.564730 298.099109
-5.790159 298.086746
-6.006917 298.051443
-6.215130 297.990761
-6.414925 297.902262
-6.606429 297.783511
-6.789773 297.632070
-6.965088 297.445504
-7.132504 297.221377
-7.292151 296.957252
-7.444159 296.650694
-7.588654 296.299264
-7.725763 295.900525
-7.855606 295.452034
-7.978301 294.951351
-8.093963 294.396028
-8.202702 293.783619
-8.302026 293.049886
-8.392125 292.194792
-8.473184 291.218296
-8.545386 290.120356
-8.608904 288.900926
-8.663907 287.559957
-8.710556 286.097394
-8.749006 284.513174
-8.779401 282.807230
-8.801879 280.979486
-8.816567 279.029856
-8.823585 276.958247
-8.823041 274.764553
-8.815038 272.448660
-8.799669 270.010444
-8.777019 267.449769
-8.747167 264.766489
-8.710182 261.960447
-8.666129 259.031472
-8.615066 255.979382
-8.557043 252.803982
-8.492106 249.505066
-8.420295 246.082412
-8.341642 242.535785
-8.165843 236.539453
-7.987738 230.540401
-7.807498 224.541054
-7.625292 218.543836
-7.441284 212.551173
-7.255634 206.565487
-7.068497 200.589202
-6.880024 194.624741
-6.690362 188.674526
-6.499654 182.740981
-6.308039 176.826526
-6.115653 170.933584
-5.922629 165.064576
-5.729096 159.221925
-5.535182 153.408054
-5.341011 147.625385
-5.146704 141.876344
-4.952383 136.163355
-4.758164 130.488845
-4.564166 124.855241
-4.370505 119.264975
-4.177294 113.720477
-3.984650 108.224182
-3.792687 102.778526
