-0.668748 3.368372
-0.726008 3.614735
-0.786674 3.871429
-0.850886 4.138688
-0.918786 4.416742
-0.990517 4.705821
-1.066228 5.006150
-1.146066 5.317955
-1.230185 5.641457
-1.318737 5.976874
-1.411879 6.324423
-1.509768 6.684317
-1.612565 7.056764
-1.720431 7.441972
-1.833531 7.840141
-1.952029 8.251470
-2.076092 8.676153
-2.205889 9.114380
-2.341590 9.566336
-2.483364 10.032201
-2.631386 10.512152
-2.785829 11.006357
-2.946869 11.514982
-3.114681 12.038188
-3.289443 12.576126
-3.471333 13.128947
-3.651724 13.638443
-3.838728 14.158596
-4.032462 14.689315
-4.233041 15.230502
-4.440578 15.782050
-4.655181 16.343847
-4.876956 16.915768
-5.106005 17.497685
-5.342427 18.089457
-5.586318 18.690939
-5.837768 19.301974
-6.096868 19.922400
-6.363700 20.552043
-6.638346 21.190725
-6.920883 21.838256
-7.211384 22.494438
-7.509919 23.159064
-7.816555 23.831916
-8.131354 24.512770
-8.454375 25.201390
-8.785674 25.897531
-9.125302 26.600941
-9.473307 27.311358
-9.829735 28.028511
-10.194627 28.752121
-10.568019 29.481903
-10.950014 30.218440
-11.340652 30.961514
-11.739971 31.710903
-12.148008 32.466383
-12.564795 33.227729
-12.990363 33.994714
-13.424739 34.767108
-13.867950 35.544681
-14.320020 36.327202
-14.780973 37.114439
-15.250828 37.906159
-15.729605 38.702127
-16.217322 39.502112
-16.713996 40.305879
-17.219641 41.113195
-17.734273 41.923830
-18.257904 42.737551
-18.790544 43.554129
-19.332204 44.373337
-19.882892 45.194949
-20.442614 46.018741
-21.011375 46.844492
-21.589179 47.671982
-22.176027 48.500996
-22.771920 49.331321
-23.376855 50.162747
-23.990829 50.995067
-24.613834 51.828075
-25.245864 52.661567
-25.886908 53.495339
-26.536954 54.329190
-27.195987 55.162920
-27.863992 55.996329
-28.540950 56.829223
-29.226840 57.661407
-29.921639 58.492689
-30.625322 59.322882
-31.337859 60.151800
-32.059221 60.979260
-32.789374 61.805085
-33.528280 62.629101
-34.275899 63.451140
-35.032188 64.271038
-35.797101 65.088636
-36.570586 65.903780
-37.352588 66.716324
-38.143048 67.526126
-38.941901 68.333048
-39.749077 69.136962
-40.564502 69.937742
-41.388095 70.735270
-42.219771 71.529433
-43.059440 72.320125
-43.907004 73.107243
-44.762361 73.890693
-45.625402 74.670385
-46.496009 75.446235
-47.374060 76.218168
-48.259424 76.986112
-49.151960 77.750003
-50.051522 78.509785
-50.957955 79.265406
-51.871096 80.016823
-52.790773 80.763997
-53.716804 81.506897
-54.649002 82.245498
-55.587169 82.979783
-56.531098 83.709738
-57.480576 84.435359
-58.435382 85.156648
-59.395285 85.873612
-60.360047 86.586266
-61.329425 87.294633
-62.303167 87.998742
-63.281013 88.698628
-64.262699 89.394334
-65.247954 90.085912
-66.236502 90.773418
-67.228061 91.456919
-68.222344 92.136489
-69.219058 92.812209
-70.217907 93.484167
-71.218589 94.152461
-72.220799 94.817194
-73.224227 95.478476
-74.228563 96.136423
-75.233489 96.791158
-76.238688 97.442812
-77.243839 98.091519
-78.248621 98.737420
-79.252709 99.380660
-80.255777 100.021391
-81.257500 100.659765
-82.257552 101.295943
-83.255604 101.930086
-84.251332 102.562361
-85.244411 103.192937
-86.234518 103.821987
-87.221333 104.449686
-88.204539 105.076211
-89.183820 105.701745
-90.158865 106.326470
-91.129365 106.950573
-92.095018 107.574242
-93.055522 108.197667
-94.010584 108.821042
-94.959913 109.444560
-95.903226 110.068419
-96.840244 110.692816
-97.770696 111.317951
-98.694315 111.944025
-99.610843 112.571241
-100.520028 113.199804
-101.421626 113.829921
-102.315399 114.461800
-103.201119 115.095652
-104.078563 115.731685
-104.947519 116.370114
-105.807779 117.011150
-106.659145 117.655008
-107.501426 118.301901
-108.334439 118.952043
-109.158007 119.605650
-109.971959 120.262934
-110.776133 120.924110
-111.570372 121.589388
-112.354526 122.258981
-113.128451 122.933098
-113.892007 123.611945
-114.645060 124.295727
-115.387484 124.984648
-116.119153 125.678906
-116.839948 126.378700
-117.549753 127.084225
-118.248456 127.795673
-118.935947 128.513233
-119.612116 129.237093
-120.276859 129.967437
-120.930068 130.704446
-121.571638 131.448298
-122.201464 132.199166
-122.819439 132.957224
-123.425454 133.722637
-124.019400 134.495571
-124.601164 135.276185
-125.170630 136.064633
-125.727680 136.861067
-126.272188 137.665630
-126.804027 138.478464
-127.323064 139.299700
-127.829162 140.129466
-128.322179 140.967882
-128.801967 141.815058
-129.268374 142.671100
-129.721242 143.536102
-130.160410 144.410153
-130.585708 145.293328
-130.996965 146.185695
-131.394004 147.087310
-131.776643 147.998220
-132.144694 148.918456
-132.497966 149.848040
-132.836263 150.786979
-133.159384 151.735265
-133.467124 152.692878
-133.759274 153.659782
-134.035619 154.635927
-134.295943 155.621248
-134.540024 156.615661
-134.767639 157.619071
-134.978561 158.631363
-135.172561 159.652407
-135.349408 160.682056
-135.508871 161.720148
-135.650716 162.766500
-135.774711 163.820916
-135.880620 164.883182
-135.968213 165.953064
-136.037257 167.030315
-136.087522 168.114667
-136.118779 169.205836
-136.130805 170.303521
-136.123376 171.407403
-136.096276 172.517145
-136.049292 173.632393
-135.982219 174.752776
-135.894858 175.877906
-135.787019 177.007377
-135.658520 178.140769
-135.509191 179.277642
-135.338872 180.417545
-135.147418 181.560010
-134.934695 182.704554
-134.700585 183.850683
-134.444985 184.997889
-134.167809 186.145653
-133.868988 187.293445
-133.548470 188.440727
-133.206224 189.586948
-132.842235 190.731553
-132.456507 191.873979
-132.049067 193.013657
-131.619956 194.150013
-131.169239 195.282470
-130.696999 196.410446
-130.203339 197.533360
-129.688381 198.650628
-129.152269 199.761667
-128.595162 200.865898
-128.017242 201.962744
-127.418707 203.051632
-126.799774 204.131997
-126.160681 205.203279
-125.501681 206.264928
-124.823048 207.316404
-124.125070 208.357177
-123.408056 209.386730
-122.672329 210.404558
-121.918230 211.410172
-121.146114 212.403097
-120.356352 213.382876
-119.549329 214.349069
-118.725446 215.301252
-117.885113 216.239022
-117.028756 217.161998
-116.156812 218.069816
-115.269728 218.962136
-114.367963 219.838641
-113.451984 220.699036
-112.522269 221.543050
-111.579304 222.370437
-110.623582 223.180976
-109.655604 223.974471
-108.675874 224.750753
-107.684903 225.509679
-106.683207 226.251133
-105.671302 226.975026
-104.649707 227.681296
-103.618940 228.369911
-102.579518 229.040861
-101.531958 229.694168
-100.476769 230.329875
-99.414459 230.948057
-98.345528 231.548809
-97.270470 232.132255
-96.189773 232.698541
-95.103912 233.247839
-94.013358 233.780344
-92.918566 234.296272
-91.819984 234.795865
-90.718047 235.279381
-89.613178 235.747103
-88.505786 236.199332
-87.396270 236.636388
-86.285013 237.058611
-85.172385 237.466357
-84.058743 237.860000
-82.944428 238.239929
-81.829770 238.606546
-80.715083 238.960267
-79.600666 239.301522
-78.486808 239.630750
-77.373778 239.948400
-76.261836 240.254929
-75.151224 240.550805
-74.042173 240.836498
-72.934897 241.112488
-71.829598 241.379256
-70.726465 241.637286
-69.625673 241.887068
-68.527384 242.129088
-67.431746 242.363838
-66.338896 242.591804
-65.248960 242.813476
-64.162048 243.029337
-63.078263 243.239870
-61.997692 243.445553
-60.920416 243.646860
-59.846501 243.844257
-58.776005 244.038206
-57.708976 244.229163
-56.645454 244.417575
-55.585467 244.603879
-54.529038 244.788507
-53.476182 244.971879
-52.426904 245.154404
-51.381205 245.336482
-50.339080 245.518503
-49.300519 245.700843
-48.265505 245.883868
-47.234021 246.067933
-46.206043 246.253381
-45.181547 246.440543
-44.160504 246.629735
-43.142884 246.821265
-42.128654 247.015425
-41.117780 247.212495
-40.110229 247.412743
-39.105963 247.616424
-38.104949 247.823780
-37.107150 248.035038
-36.112531 248.250417
-35.121057 248.470120
-34.132695 248.694339
-33.147410 248.923252
-32.165171 249.157028
-31.185946 249.395823
-30.209708 249.639780
-29.236425 249.889033
-28.266073 250.143706
-27.298623 250.403911
-26.334051 250.669751
-25.372334 250.941321
-24.413450 251.218706
-23.457377 251.501981
-22.504096 251.791215
-21.553588 252.086469
-20.605835 252.387795
-19.660821 252.695239
-18.718530 253.008842
-17.778947 253.328638
-16.842058 253.654653
-15.907851 253.986910
-14.976314 254.325425
-14.047437 254.670211
-13.121212 255.021275
-12.197629 255.378620
-11.276684 255.742244
-10.358370 256.112142
-9.442684 256.488305
-8.529623 256.870722
-7.619184 257.259380
-6.711366 257.654262
-5.806170 258.055351
-4.903595 258.462626
-4.003645 258.876068
-3.106321 259.295655
-2.211626 259.721366
-1.319563 260.153176
-0.430138 260.591063
0.456646 261.035004
1.340783 261.484975
2.222268 261.940956
3.101093 262.402922
3.977251 262.870856
4.850734 263.344736
5.721534 263.824548
6.589641 264.310275
7.455047 264.801905
8.317739 265.299427
9.177709 265.802836
10.034944 266.312125
10.889432 266.827294
11.741161 267.348344
12.590117 267.875278
13.436285 268.408104
14.279652 268.946832
15.120200 269.491475
15.957911 270.042050
16.792768 270.598576
17.624748 271.161073
18.453830 271.729566
19.279989 272.304081
20.103199 272.884646
20.923432 273.471293
21.740657 274.064053
22.554841 274.662960
23.365947 275.268051
24.173937 275.879361
24.978771 276.496929
25.780405 277.120792
26.578793 277.750990
27.373886 278.387562
28.165635 279.030549
28.953987 279.679989
29.738888 280.335924
30.520282 280.998393
31.298110 281.667437
32.072315 282.343093
32.842834 283.025401
33.609606 283.714397
34.372568 284.410116
35.131656 285.112591
35.886805 285.821852
36.637950 286.537927
37.385027 287.260840
38.127969 287.990611
38.866712 288.727258
39.601190 289.470792
40.331338 290.221223
41.057093 290.978555
41.778390 291.742787
42.495164 292.513912
43.207353 293.291921
43.914893 294.076798
44.617719 294.868522
45.315768 295.667066
46.008974 296.472398
46.697272 297.284480
47.380595 298.103270
48.058877 298.928716
48.732049 299.760765
49.400042 300.599354
50.062785 301.444416
50.720207 302.295878
51.372236 303.153660
52.018798 304.017677
52.659819 304.887837
53.295225 305.764042
53.924940 306.646189
54.548889 307.534168
55.166995 308.427865
55.779183 309.327158
56.385376 310.231924
56.985499 311.142030
57.579478 312.057341
58.167240 312.977719
58.748711 313.903020
59.323819 314.833097
59.892493 315.767799
60.454662 316.706974
61.010258 317.650464
61.559211 318.598112
62.101455 319.549759
62.636923 320.505241
63.165549 321.464396
63.687268 322.427060
64.202017 323.393068
64.709732 324.362254
65.210350 325.334455
65.703810 326.309506
66.190049 327.287243
66.669006 328.267507
67.140620 329.250137
67.604828 330.234979
68.061568 331.221879
68.510775 332.210690
68.952384 333.201268
69.386327 334.193475
69.812534 335.187180
70.230934 336.182255
70.641454 337.178581
71.044018 338.176042
71.438551 339.174532
71.824975 340.173947
72.203212 341.174190
72.573184 342.175173
72.934813 343.176810
73.288022 344.179023
73.632734 345.181741
73.968874 346.184896
74.296370 347.188430
74.615151 348.192288
74.925150 349.196423
75.226302 350.200792
75.518545 351.205360
75.801822 352.210098
76.076080 353.214984
76.341270 354.219999
76.597347 355.225135
76.844273 356.230387
77.082013 357.235756
77.310538 358.241250
77.529822 359.246884
77.739845 360.252677
77.940590 361.258653
78.132044 362.264844
78.314200 363.271282
78.487051 364.278008
78.650597 365.285063
78.804839 366.292495
78.949784 367.300353
79.085439 368.308690
79.211816 369.317559
79.328932 370.327020
79.436803 371.337129
79.535451 372.347946
79.624901 373.359533
79.705180 374.371950
79.776319 375.385258
79.838352 376.399519
79.891315 377.414792
79.935248 378.431136
79.970195 379.448608
79.996203 380.467264
80.013324 381.487154
80.021616 382.508328
80.021140 383.530830
80.011965 384.554702
79.994166 385.579977
79.967824 386.606689
79.933026 387.634862
79.889866 388.664519
79.838444 389.695676
79.778866 390.728346
79.711245 391.762538
79.635697 392.798254
79.552347 393.835495
79.461321 394.874255
79.362753 395.914527
79.256777 396.956296
79.143535 397.999545
79.023170 399.044252
78.895827 400.090391
78.761655 401.137933
78.620804 402.186841
78.473426 403.237077
78.319674 404.288597
78.159699 405.341354
77.993654 406.395293
77.821690 407.450357
77.643958 408.506483
77.460608 409.563605
77.271787 410.621649
77.077646 411.680540
76.878332 412.740196
76.673992 413.800530
76.464775 414.861453
76.250829 415.922870
76.032300 416.984682
75.809338 418.046789
75.582090 419.109084
75.350704 420.171459
75.115329 421.233802
74.876114 422.296000
74.633208 423.357937
74.386759 424.419494
74.136915 425.480553
73.883826 426.540992
73.627641 427.600692
73.368509 428.659529
73.106578 429.717383
72.841998 430.774131
72.574920 431.829651
72.305492 432.883823
72.033865 433.936528
71.760187 434.987646
71.484607 436.037060
71.207271 437.084655
70.928328 438.130318
70.647922 439.173936
70.366198 440.215400
70.083299 441.254603
69.799369 442.291440
69.514549 443.325806
69.228979 444.357600
68.942800 445.386723
68.656153 446.413078
68.369177 447.436570
68.082013 448.457104
67.794801 449.474591
67.507681 450.488943
67.220794 451.500073
66.934283 452.507898
66.648290 453.512337
66.362959 454.513312
66.078436 455.510749
65.794868 456.504574
65.512406 457.494719
65.231202 458.481117
64.951412 459.463707
64.673194 460.442428
64.396710 461.417226
64.122125 462.388048
63.849606 463.354848
63.579323 464.317581
63.311451 465.276209
63.046165 466.230697
62.783645 467.181013
62.524075 468.127132
62.267640 469.069031
62.014531 470.006693
61.764942 470.940105
61.519069 471.869256
61.277115 472.794141
61.039283 473.714756
60.805783 474.631100
60.576829 475.543177
60.352638 476.450992
60.133430 477.354551
59.919431 478.253864
59.710869 479.148941
59.507975 480.039795
59.310985 480.926438
59.120134 481.808883
58.935663 482.687146
58.757814 483.561239
58.586830 484.431177
58.422955 485.296974
58.266437 486.158641
58.117521 487.016190
57.976457 487.869630
57.843491 488.718969
57.718873 489.564215
57.602850 490.405369
57.495669 491.242435
57.397576 492.075409
57.308816 492.904288
57.229631 493.729064
57.160262 494.549723
57.100948 495.366251
57.051926 496.178627
57.013428 496.986825
56.985687 497.790815
56.968928 498.590562
56.963378 499.386025
56.969254 500.177156
56.986774 500.963904
57.016147 501.746210
57.057582 502.524007
57.111277 503.297224
57.177430 504.065781
57.256229 504.829591
57.347860 505.588560
57.452500 506.342584
57.570320 507.091554
57.701484 507.835350
57.846150 508.573843
58.004465 509.306898
58.176572 510.034369
58.362601 510.756102
58.562677 511.471935
58.776912 512.181697
59.005412 512.885208
59.248270 513.582283
59.505571 514.272726
59.777388 514.956336
60.063785 515.632902
60.364815 516.302208
60.680520 516.964030
61.010931 517.618137
61.356070 518.264291
61.715948 518.902251
62.090566 519.531767
62.479913 520.152585
62.883972 520.764447
63.302713 521.367090
63.736100 521.960248
64.184087 522.543651
64.646617 523.117028
65.123627 523.680104
65.615044 524.232604
66.120786 524.774252
66.640766 525.304768
67.174886 525.823878
67.723043 526.331302
68.285124 526.826766
68.861011 527.309995
69.450578 527.780718
70.053693 528.238665
70.670217 528.683573
71.300004 529.115179
71.942903 529.533228
72.598755 529.937471
73.267399 530.327662
73.948664 530.703564
74.642378 531.064946
75.348362 531.411585
76.066433 531.743266
76.796405 532.059781
77.538087 532.360935
78.291284 532.646539
79.055800 532.916417
79.831435 533.170402
80.617985 533.408340
81.415246 533.630087
82.223013 533.835514
83.041080 534.024501
83.869239 534.196942
84.707284 534.352746
85.555008 534.491832
86.412207 534.614133
87.278678 534.719597
88.154217 534.808183
89.038626 534.879865
89.931706 534.934630
90.833264 534.972480
91.743109 534.993429
92.661052 534.997509
93.586909 534.984761
94.520500 534.955245
95.461646 534.909031
96.410174 534.846203
97.365914 534.766860
98.328701 534.671113
99.298372 534.559084
100.274768 534.430910
101.257734 534.286737
102.247120 534.126725
103.242777 533.951043
104.244565 533.759873
105.252345 533.553406
106.265981 533.331842
107.285345 533.095392
108.310310 532.844277
109.340754 532.578726
110.376560 532.298976
111.417614 532.005271
112.463808 531.697865
113.515035 531.377017
114.571194 531.042990
115.632190 530.696057
116.697927 530.336491
117.768316 529.964573
118.843271 529.580586
119.922708 529.184818
121.006548 528.777559
122.094713 528.359102
123.187127 527.929741
124.283719 527.489774
125.384418 527.039497
126.489153 526.579209
127.597857 526.109208
128.710463 525.629793
129.826903 525.141261
130.947110 524.643909
132.071017 524.138033
133.198554 523.623926
134.329652 523.101881
135.464239 522.572187
136.602241 522.035132
137.743582 521.491001
138.888183 520.940077
140.035963 520.382638
141.186839 519.818962
142.340722 519.249322
143.497524 518.673987
144.657149 518.093224
145.819501 517.507295
146.984480 516.916459
148.151981 516.320972
149.321899 515.721086
150.494122 515.117049
151.668538 514.509108
152.845031 513.897504
154.023480 513.282479
155.203764 512.664270
156.385756 512.043111
157.569330 511.419237
158.754355 510.792876
159.940697 510.164259
161.128220 509.533612
162.316784 508.901163
163.506248 508.267135
164.696469 507.631754
165.887302 506.995243
167.078598 506.357826
168.270210 505.719729
169.461984 505.081177
170.653769 504.442397
171.845411 503.803616
173.036754 503.165066
174.227642 502.526981
175.417920 501.889597
176.607429 501.253154
177.796012 500.617896
178.983513 499.984071
180.169775 499.351932
181.354642 498.721735
182.537959 498.093743
183.719574 497.468222
184.899337 496.845446
186.077100 496.225691
187.252720 495.609241
188.426055 494.996385
189.596970 494.387417
190.765333 493.782637
191.931018 493.182350
193.093906 492.586868
194.253880 491.996508
195.410834 491.411591
196.564666 490.832446
197.715279 490.259403
198.862586 489.692799
200.006504 489.132976
201.146955 488.580277
202.283871 488.035050
203.417188 487.497648
204.546848 486.968423
205.672800 486.447733
206.794998 485.935936
207.913401 485.433393
209.027974 484.940466
210.138686 484.457516
211.245513 483.984907
212.348433 483.523002
213.447430 483.072161
214.542494 482.632746
215.633616 482.205116
216.720792 481.789626
217.804021 481.386631
218.883307 480.996480
219.958655 480.619519
221.030073 480.256085
222.097572 479.906512
223.161164 479.571125
224.220865 479.250241
225.276689 478.944166
226.328654 478.653198
227.376779 478.377621
228.421084 478.117708
229.461589 477.873720
230.498315 477.645901
231.531283 477.434480
232.560513 477.239672
233.586028 477.061673
234.607847 476.900661
235.625993 476.756796
236.640486 476.630218
237.651346 476.521047
238.658593 476.429379
239.662245 476.355291
240.662317 476.298836
241.658827 476.260045
242.651787 476.238923
243.641209 476.235454
244.627105 476.249595
245.609480 476.281280
246.588341 476.330415
247.563689 476.396882
248.535523 476.480537
249.503840 476.581211
250.468631 476.698708
251.429889 476.832807
252.387599 476.983260
253.341747 477.149796
254.292314 477.332119
255.239279 477.529907
256.182620 477.742815
257.122312 477.970472
258.058328 478.212486
258.990640 478.468441
259.919218 478.737897
260.844033 479.020392
261.765053 479.315444
262.682244 479.622547
263.595574 479.941176
264.505008 480.270784
265.410514 480.610806
266.312055 480.960657
267.209597 481.319735
268.103106 481.687419
268.992547 482.063075
269.877885 482.446052
270.759087 482.835686
271.636117 483.231301
272.508941 483.632210
273.377526 484.037717
274.241837 484.447118
275.101841 484.859700
275.957503 485.274746
276.808792 485.691536
277.655675 486.109345
278.498121 486.527447
279.336100 486.945116
280.169580 487.361623
280.998532 487.776246
281.822923 488.188264
282.642723 488.596961
283.457897 489.001627
284.268411 489.401561
285.074230 489.796069
285.875314 490.184470
286.671624 490.566092
287.463113 490.940274
288.249735 491.306372
289.031436 491.663754
289.808162 492.011804
290.579852 492.349924
291.346443 492.677534
292.107866 492.994071
292.864049 493.298994
293.614916 493.591780
294.360385 493.871927
295.100369 494.138957
295.834778 494.392408
296.563516 494.631845
297.286480 494.856850
298.003565 495.067029
298.714658 495.262011
299.419639 495.441446
300.118386 495.605005
300.810766 495.752382
301.496644 495.883295
302.175877 495.997482
302.848316 496.094704
303.513806 496.174746
304.172188 496.237415
304.823296 496.282539
305.466958 496.309972
306.102999 496.319588
306.731239 496.311285
307.351493 496.284981
307.963571 496.240616
308.567283 496.178151
309.162436 496.097569
309.748833 495.998871
310.326277 495.882076
310.894571 495.747222
311.453515 495.594366
312.002909 495.423578
312.542552 495.234946
313.072242 495.028574
313.591774 494.804580
314.100948 494.563095
314.599559 494.304267
315.087407 494.028255
315.564293 493.735228
316.030019 493.425370
316.484393 493.098872
316.927223 492.755935
317.358328 492.396770
317.777526 492.021593
318.184646 491.630629
318.579523 491.224111
318.962002 490.802274
319.331936 490.365360
319.689185 489.913613
320.033624 489.447281
320.365134 488.966614
320.683611 488.471864
320.988960 487.963282
321.281100 487.441120
321.559960 486.905629
321.825484 486.357061
322.077630 485.795668
322.316368 485.221697
322.541683 484.635398
322.753573 484.037017
322.952053 483.426802
323.137153 482.804994
323.308917 482.171838
323.467405 481.527574
323.612693 480.872439
323.744874 480.206671
323.864054 479.530504
323.970354 478.844168
324.063914 478.147892
324.144884 477.441902
324.213433 476.726418
324.269742 476.001658
324.314007 475.267835
324.346438 474.525160
324.367257 473.773837
324.376701 473.014069
324.375016 472.246052
324.362461 471.469981
324.339306 470.686044
324.305833 469.894428
324.262332 469.095316
324.209105 468.288889
324.146464 467.475322
324.074733 466.654791
323.994243 465.827465
323.905337 464.993512
323.808366 464.153095
323.703691 463.306376
323.591679 462.453513
323.472707 461.594663
323.347155 460.729978
323.215411 459.859611
323.077867 458.983710
322.934921 458.102422
322.786974 457.215895
322.634428 456.324272
322.477689 455.427699
322.317163 454.526318
322.153258 453.620273
321.986379 452.709709
321.816933 451.794770
321.645321 450.875602
321.471945 449.952351
321.297200 449.025166
321.121479 448.094198
320.945169 447.159597
320.768651 446.221517
320.592299 445.280114
320.416482 444.335542
320.241559 443.387959
320.067881 442.437526
319.895790 441.484401
319.725618 440.528748
319.557687 439.570729
319.392308 438.610509
319.229778 437.648252
319.070387 436.684126
318.914409 435.718298
318.762105 434.750936
318.613724 433.782210
318.469503 432.812291
318.329661 431.841351
318.194404 430.869562
318.063925 429.897097
317.938400 428.924133
317.817988 427.950845
317.702834 426.977409
317.593067 426.004003
317.488799 425.030806
317.390125 424.057997
317.297123 423.085756
317.209854 422.114263
317.128362 421.143701
317.052671 420.174251
316.982789 419.206097
316.918703 418.239421
316.860385 417.274407
316.807785 416.311241
316.760836 415.350106
316.719453 414.391188
316.683533 413.434671
316.652954 412.480738
316.627577 411.529575
316.607245 410.581361
316.591784 409.636279
316.581001 408.694505
316.574688 407.756216
316.572620 406.821581
316.574556 405.890768
316.580237 404.963939
316.589392 404.041249
316.601735 403.122848
316.616964 402.208879
316.634765 401.299478
316.654813 400.394774
316.676767 399.494887
316.700279 398.599930
316.724986 397.710009
316.750517 396.825222
316.776491 395.945660
316.802520 395.071403
316.828206 394.202527
316.853144 393.339097
316.876923 392.481172
316.899130 391.628802
316.919343 390.782027
316.937141 389.940883
316.952099 389.105395
316.963791 388.275580
316.971792 387.451448
316.975676 386.632998
316.975023 385.820224
316.969413 385.013110
316.958430 384.211631
316.941668 383.415753
316.918723 382.625436
316.889201 381.840628
316.852717 381.061269
316.808895 380.287288
316.757370 379.518607
316.697789 378.755137
316.629809 377.996778
316.553103 377.243421
316.467356 376.494947
316.372269 375.751226
316.267556 375.012119
316.152950 374.277478
316.028198 373.547142
315.893066 372.820943
315.747333 372.098704
315.590802 371.380236
315.423288 370.665345
315.244629 369.953826
315.054680 369.245468
314.853314 368.540053
314.640426 367.837356
314.415928 367.137147
314.179752 366.439193
313.931850 365.743257
313.672193 365.049098
313.400771 364.356475
313.117596 363.665144
312.822697 362.974862
312.516123 362.285383
312.197940 361.596464
311.868236 360.907861
311.527113 360.219331
311.174696 359.530633
310.811124 358.841524
310.436555 358.151766
310.051162 357.461120
309.655138 356.769349
309.248689 356.076218
308.832036 355.381495
308.405414 354.684947
307.969072 353.986348
307.523270 353.285470
307.068279 352.582090
306.604381 351.875989
306.131865 351.166950
305.651031 350.454760
305.162184 349.739210
304.665633 349.020095
304.161695 348.297215
303.650686 347.570375
303.132928 346.839384
302.608739 346.104060
302.078440 345.364225
301.542350 344.619709
301.000786 343.870349
300.454060 343.115989
299.902482 342.356482
299.346356 341.591688
298.785983 340.821476
298.221652 340.045725
297.653651 339.264321
297.082257 338.477159
296.507739 337.684144
295.930359 336.885189
295.350367 336.080218
294.768004 335.269161
294.183503 334.451959
293.597082 333.628560
293.008950 332.798922
292.419306 331.963010
291.828335 331.120796
291.236214 330.272261
290.643104 329.417390
290.049158 328.556177
289.454514 327.688619
288.859300 326.814723
288.263629 325.934498
287.667604 325.047960
287.071315 324.155130
286.474837 323.256035
285.878236 322.350705
285.281565 321.439175
284.684863 320.521484
284.088158 319.597678
283.491465 318.667805
282.894789 317.731918
282.298119 316.790075
281.701436 315.842336
281.104709 314.888768
280.507896 313.929441
279.910947 312.964428
279.313799 311.993806
278.716383 311.017654
278.118622 310.036055
277.520430 309.049095
276.921716 308.056861
276.322381 307.059445
275.722323 306.056936
275.121433 305.049431
274.519601 304.037022
273.916712 303.019807
273.312651 301.997881
272.707300 300.971339
272.100540 299.940278
271.492252 298.904792
270.882315 297.864976
270.270611 296.820926
269.657022 295.772733
269.041431 294.720491
268.423724 293.664289
267.803789 292.604216
267.181515 291.540361
266.556798 290.472808
265.929532 289.401643
265.299620 288.326947
264.666966 287.248800
264.031480 286.167280
263.393077 285.082463
262.751675 283.994423
262.107199 282.903231
261.459578 281.808957
260.808744 280.711668
260.154637 279.611432
259.497201 278.508310
258.836386 277.402366
258.172146 276.293659
257.504442 275.182246
256.833242 274.068183
256.158519 272.951522
255.480253 271.832316
254.798429 270.710612
254.113040 269.586458
253.424084 268.459899
252.731566 267.330979
252.035500 266.199739
251.335904 265.066217
250.632804 263.930450
249.926232 262.792472
249.216228 261.652316
248.502838 260.510012
247.786112 259.365589
247.066109 258.219074
246.342894 257.070491
245.616535 255.919864
244.887108 254.767216
244.154692 253.612566
243.419371 252.455934
242.681234 251.297338
241.940375 250.136794
241.196891 248.974316
240.450882 247.809920
239.702453 246.643619
238.951712 245.475424
238.198768 244.305349
237.443737 243.133404
236.686734 241.959599
235.927880 240.783945
235.167294 239.606449
234.405102 238.427120
233.641427 237.245964
232.876398 236.062989
232.110143 234.878200
231.342792 233.691601
230.574477 232.503198
229.805330 231.312994
229.035483 230.120991
228.265070 228.927193
227.494225 227.731603
226.723080 226.534221
225.951770 225.335049
225.180428 224.134090
224.409187 222.931344
223.638181 221.726812
222.867541 220.520496
222.097397 219.312397
221.327878 218.102518
220.559110 216.890861
219.791218 215.677430
219.024321 214.462228
218.258538 213.245262
217.493983 212.026537
216.730765 210.806061
215.968990 209.583841
215.208758 208.359887
214.450166 207.134210
213.693303 205.906822
212.938255 204.677736
212.185100 203.446967
211.433912 202.214533
210.684757 200.980451
209.937694 199.744743
209.192778 198.507430
208.450053 197.268538
207.709560 196.028091
206.971331 194.786119
206.235391 193.542652
205.501759 192.297723
204.770447 191.051367
204.041458 189.803623
203.314789 188.554530
202.590428 187.304133
201.868358 186.052478
201.148554 184.799613
200.430981 183.545590
199.715599 182.290463
199.002360 181.034290
198.291209 179.777130
197.582082 178.519049
196.874909 177.260112
196.169612 176.000390
195.466105 174.739955
194.764296 173.478884
194.064082 172.217256
193.365357 170.955155
192.668005 169.692665
191.971905 168.429876
191.276927 167.166880
190.582936 165.903772
189.889790 164.640648
189.197340 163.377610
188.505433 162.114758
187.813907 160.852199
187.122597 159.590039
186.431333 158.328386
185.739941 157.067350
185.048242 155.807041
184.356055 154.547573
183.663196 153.289056
182.969477 152.031603
182.274713 150.775327
181.578713 149.520339
180.881289 148.266752
180.182253 147.014677
179.481414 145.764223
178.778586 144.515499
178.073582 143.268614
177.366218 142.023673
176.656312 140.780780
175.943685 139.540038
175.228160 138.301546
174.509566 137.065400
173.787732 135.831695
173.062494 134.600519
172.333692 133.371962
171.601170 132.146105
170.864775 130.923030
170.124361 129.702813
169.379786 128.485527
168.630915 127.271241
167.877619 126.060018
167.119773 124.851919
166.357259 123.647000
165.589965 122.445312
164.817787 121.246901
164.040624 120.051810
163.258384 118.860074
162.470983 117.671725
161.678342 116.486789
160.880391 115.305286
160.077067 114.127230
159.268314 112.952632
158.454085 111.781496
157.634341 110.613821
156.809050 109.449600
155.978187 108.288823
155.141736 107.131473
154.299688 105.977528
153.452042 104.826962
152.598805 103.679744
151.739989 102.535838
150.875618 101.395205
150.005719 100.257799
149.130328 99.123572
148.249487 97.992472
147.363243 96.864441
146.471651 95.739422
145.574771 94.617351
144.672666 93.498163
143.765407 92.381789
142.853067 91.268160
141.935723 90.157203
141.013457 89.048843
140.086354 87.943003
139.154500 86.839607
138.217986 85.738574
137.276906 84.639824
136.331355 83.543275
135.381430 82.448846
134.427231 81.356454
133.468861 80.266017
132.506423 79.177452
131.540020 78.090678
130.569758 77.005613
129.595745 75.922177
128.618087 74.840290
127.636895 73.759874
126.652278 72.680850
125.664344 71.603141
124.673203 70.526670
123.678966 69.451362
122.681740 68.377144
121.681635 67.303943
120.678761 66.231688
119.673225 65.160309
118.665135 64.089741
117.654599 63.019920
116.641723 61.950783
115.626612 60.882274
114.609370 59.814335
113.590100 58.746915
112.568904 57.679965
111.545883 56.613437
110.521138 55.547289
109.494767 54.481480
108.466869 53.415972
107.437542 52.350732
106.406885 51.285729
105.374993 50.220933
104.341965 49.156322
103.307897 48.091873
102.272885 47.027569
101.237026 45.963398
100.200417 44.899349
99.163155 43.835417
98.125339 42.771601
97.087068 41.707905
96.048443 40.644336
95.009567 39.580908
93.970543 38.517638
92.931478 37.454551
91.892478 36.391676
90.853656 35.329047
89.815122 34.266708
88.776991 33.204706
87.739380 32.143096
86.702407 31.081942
85.666193 30.021311
84.630858 28.961283
83.596528 27.901942
82.563327 26.843381
81.531384 25.785703
80.500827 24.729018
79.471788 23.673443
78.444401 22.619107
77.418800 21.566146
76.395121 20.514706
75.373505 19.464943
74.354091 18.417023
73.337025 17.371121
72.322450 16.327423
71.310517 15.286127
70.301376 14.247439
69.295181 13.211578
68.292088 12.178770
67.292256 11.149255
66.295846 10.123279
65.303021 9.101101
64.313947 8.082988
63.328791 7.069219
62.347721 6.060082
61.370909 5.055876
60.398525 4.056910
59.430740 3.063503
58.467729 2.075985
57.509664 1.094694
56.556717 0.119981
55.609063 -0.847794
54.666875 -1.808261
53.730323 -2.761041
52.799582 -3.705746
51.874821 -4.641978
50.956210 -5.569332
50.043916 -6.487394
49.138104 -7.395744
48.238938 -8.293955
47.346577 -9.181592
46.461176 -10.058219
45.582890 -10.923390
44.711866 -11.776661
43.848250 -12.617582
42.992184 -13.445703
42.143805 -14.260571
41.303244 -15.061735
40.470631 -15.848744
39.646089 -16.621149
38.829741 -17.378504
38.021702 -18.120367
37.222085 -18.846301
36.430997 -19.555872
35.648544 -20.248655
34.874825 -20.924231
34.109938 -21.582189
33.353975 -22.222124
32.607025 -22.843643
31.869174 -23.446364
31.140504 -24.029914
30.421090 -24.593934
29.711007 -25.138076
29.010322 -25.662005
28.319098 -26.165402
27.637393 -26.647964
26.965259 -27.109401
26.302743 -27.549440
25.649885 -27.967825
25.006720 -28.364316
24.373278 -28.738690
23.749581 -29.090743
23.135649 -29.420288
22.531492 -29.727160
21.937117 -30.011210
21.352528 -30.272312
20.777719 -30.510359
20.212681 -30.725266
19.657400 -30.916966
19.111854 -31.085417
18.576015 -31.230599
18.049850 -31.352511
17.533320 -31.451176
17.026378 -31.526641
16.528972 -31.578972
16.041042 -31.608258
15.562524 -31.614611
15.093345 -31.598163
14.633455 -31.559141
14.182801 -31.497799
13.741323 -31.414416
13.308960 -31.309296
12.885648 -31.182771
12.471320 -31.035192
12.065903 -30.866938
11.669325 -30.678407
11.281509 -30.470024
10.902379 -30.242230
10.531852 -29.995489
10.169844 -29.730285
9.816269 -29.447121
9.471040 -29.146517
9.134065 -28.829012
8.805252 -28.495161
8.484505 -28.145535
8.171728 -27.780722
7.866821 -27.401324
7.569680 -27.007960
7.280201 -26.601257
6.998277 -26.181859
6.723798 -25.750417
6.456652 -25.307595
6.196889 -24.854034
5.944402 -24.390489
5.699082 -23.917713
5.460817 -23.436461
5.229498 -22.947488
5.005009 -22.451546
4.787239 -21.949386
4.576073 -21.441757
4.371396 -20.929404
4.173093 -20.413068
3.981050 -19.893485
3.795153 -19.371386
3.615286 -18.847494
3.441336 -18.322528
3.273189 -17.797197
3.110735 -17.272204
2.953863 -16.748243
2.802467 -16.225997
2.656442 -15.706141
2.515688 -15.189341
2.380107 -14.676250
2.249607 -14.167515
2.124099 -13.663767
2.003501 -13.165629
1.886767 -12.629690
1.775111 -12.104579
1.668384 -11.590505
1.566437 -11.087660
1.469126 -10.596217
1.376307 -10.116333
1.287842 -9.648148
1.203596 -9.191785
1.123433 -8.747351
1.047225 -8.314934
0.974842 -7.894610
0.906160 -7.486433
0.841055 -7.090446
0.779409 -6.706674
0.721104 -6.335125
0.666026 -5.975794
0.614062 -5.628659
0.565103 -5.293683
0.519041 -4.970813
0.475774 -4.659984
0.435198 -4.361111
0.397216 -4.074099
0.361731 -3.798837
0.328650 -3.535200
