2.261705 1.372883
2.442810 1.460501
2.633156 1.550125
2.833008 1.641677
3.042625 1.735069
3.262268 1.830207
3.492191 1.926990
3.732648 2.025311
3.983888 2.125056
4.246156 2.226103
4.519694 2.328325
4.804740 2.431585
5.101526 2.535740
5.410282 2.640642
5.731229 2.746133
6.064587 2.852048
6.410567 2.958216
6.769378 3.064459
7.141220 3.170591
7.526290 3.276422
7.924778 3.381754
8.336868 3.486381
8.762738 3.590095
9.202560 3.692680
9.656501 3.793916
10.124719 3.893577
10.574600 3.964050
11.036000 4.030582
11.508864 4.092870
11.993124 4.150611
12.488700 4.203504
12.995498 4.251247
13.513411 4.293543
14.042321 4.330101
14.582097 4.360629
15.132595 4.384846
15.693662 4.402471
16.265133 4.413235
16.846834 4.416871
17.438579 4.413120
18.040176 4.401734
18.651421 4.382468
19.272103 4.355090
19.902004 4.319375
20.540897 4.275107
21.188551 4.222079
21.844728 4.160094
22.509186 4.088965
23.181675 4.008512
23.861946 3.918566
24.549741 3.818968
25.244801 3.709570
25.947173 3.590704
26.656632 3.462284
27.372958 3.324232
28.095928 3.176487
28.825325 3.018996
29.560930 2.851720
30.302526 2.674633
31.049901 2.487722
31.802841 2.290987
32.561138 2.084441
33.324585 1.868112
34.092979 1.642041
34.866121 1.406284
35.643815 1.160912
36.425868 0.906010
37.212093 0.641675
38.002306 0.368022
38.796328 0.085175
39.593984 -0.206725
40.395104 -0.507527
41.199523 -0.817065
42.007082 -1.135163
42.817627 -1.461632
43.631008 -1.796274
44.447083 -2.138880
45.265715 -2.489232
46.086774 -2.847102
46.910134 -3.212258
47.735679 -3.584457
48.563297 -3.963454
49.392882 -4.348998
50.224336 -4.740831
51.057567 -5.138695
51.892486 -5.542327
52.729015 -5.951461
53.567077 -6.365828
54.406601 -6.785156
55.247521 -7.209175
56.089778 -7.637609
56.933314 -8.070184
57.778077 -8.506626
58.624020 -8.946661
59.471096 -9.390014
60.319264 -9.836411
61.168482 -10.285579
62.018711 -10.737246
62.869916 -11.191140
63.722059 -11.646989
64.575108 -12.104524
65.429028 -12.563479
66.283789 -13.023586
67.139359 -13.484583
67.995708 -13.946210
68.852809 -14.408209
69.710633 -14.870326
70.569157 -15.332311
71.428356 -15.793917
72.288208 -16.254903
73.148695 -16.715031
74.009797 -17.174071
74.871500 -17.631796
75.733788 -18.087989
76.596648 -18.542436
77.460069 -18.994934
78.324043 -19.445285
79.188560 -19.893299
80.053616 -20.338793
80.919203 -20.781591
81.785318 -21.221523
82.651959 -21.658428
83.519122 -22.092150
84.386806 -22.522538
85.255010 -22.949451
86.123733 -23.372751
86.992975 -23.792308
87.862735 -24.207995
88.733013 -24.619694
89.603807 -25.027290
90.475115 -25.430673
91.346932 -25.829741
92.219256 -26.224394
93.092079 -26.614539
93.965394 -27.000089
94.839191 -27.380959
95.713460 -27.757072
96.588188 -28.128356
97.463362 -28.494744
98.338965 -28.856173
99.214978 -29.212589
100.091383 -29.563939
100.968156 -29.910177
101.845273 -30.251263
102.722709 -30.587158
103.600436 -30.917833
104.478425 -31.243261
105.356645 -31.563421
106.235063 -31.878296
107.113645 -32.187876
107.992354 -32.492154
108.871152 -32.791129
109.749998 -33.084802
110.628852 -33.373179
111.507670 -33.656270
112.386407 -33.934088
113.265016 -34.206646
114.143450 -34.473962
115.021657 -34.736054
115.899587 -34.992944
116.777184 -35.244654
117.654394 -35.491206
118.531158 -35.732624
119.407419 -35.968930
120.283114 -36.200147
121.158182 -36.426295
122.032559 -36.647395
122.906178 -36.863466
123.778974 -37.074526
124.650877 -37.280594
125.521818 -37.481687
126.391725 -37.677823
127.260528 -37.869017
128.128153 -38.055288
128.994527 -38.236649
129.859576 -38.413117
130.723224 -38.584709
131.585399 -38.751441
132.446025 -38.913330
133.305028 -39.070394
134.162335 -39.222652
135.017872 -39.370122
135.871566 -39.512824
136.723348 -39.650779
137.573147 -39.784007
138.420895 -39.912530
139.266523 -40.036367
140.109966 -40.155538
140.951158 -40.270063
141.790036 -40.379959
142.626538 -40.485243
143.460605 -40.585928
144.292177 -40.682029
145.121199 -40.773556
145.947616 -40.860518
146.771377 -40.942921
147.592430 -41.020768
148.410731 -41.094062
149.226234 -41.162800
150.038899 -41.226977
150.848688 -41.286586
151.655566 -41.341617
152.459502 -41.392057
153.260466 -41.437892
154.058434 -41.479107
154.853383 -41.515684
155.645293 -41.547606
156.434150 -41.574856
157.219940 -41.597414
158.002654 -41.615261
158.782285 -41.628381
159.558831 -41.636754
160.332292 -41.640366
161.102675 -41.639200
161.869985 -41.633245
162.634237 -41.622490
163.395444 -41.606927
164.153627 -41.586550
164.908810 -41.561355
165.661019 -41.531341
166.410287 -41.496509
167.156649 -41.456861
167.900145 -41.412402
168.640817 -41.363140
169.378711 -41.309083
170.113876 -41.250241
170.846365 -41.186627
171.576235 -41.118252
172.303543 -41.045128
173.028352 -40.967269
173.750726 -40.884689
174.470733 -40.797401
175.188442 -40.705421
175.903924 -40.608761
176.617255 -40.507437
177.328509 -40.401463
178.037768 -40.290856
178.745111 -40.175632
179.450623 -40.055812
180.154390 -39.931415
180.856499 -39.802466
181.557041 -39.668990
182.256108 -39.531017
182.953794 -39.388579
183.650195 -39.241711
184.345405 -39.090452
185.039522 -38.934846
185.732643 -38.774937
186.424865 -38.610777
187.116284 -38.442417
187.806996 -38.269917
188.497097 -38.093336
189.186679 -37.912738
189.875838 -37.728191
190.564664 -37.539764
191.253251 -37.347529
191.941688 -37.151561
192.630064 -36.951936
193.318467 -36.748731
194.006982 -36.542025
194.695695 -36.331897
195.384686 -36.118429
196.074037 -35.901702
196.763824 -35.681796
197.454122 -35.458791
198.145005 -35.232767
198.836541 -35.003801
199.528799 -34.771969
200.221840 -34.537346
200.915725 -34.300004
201.610508 -34.060013
202.306243 -33.817442
203.002977 -33.572355
203.700758 -33.324817
204.399626 -33.074888
205.099623 -32.822627
205.800782 -32.568092
206.503137 -32.311339
207.206716 -32.052421
207.911545 -31.791389
208.617643 -31.528295
209.325031 -31.263187
210.033722 -30.996111
210.743728 -30.727114
211.455057 -30.456239
212.167715 -30.183531
212.881701 -29.909029
213.597014 -29.632773
214.313648 -29.354799
215.031593 -29.075143
215.750836 -28.793836
216.471362 -28.510905
217.193150 -28.226377
217.916176 -27.940273
218.640416 -27.652611
219.365840 -27.363404
220.092418 -27.072663
220.820116 -26.780395
221.548899 -26.486604
222.278731 -26.191288
223.009575 -25.894443
223.741392 -25.596064
224.474142 -25.296139
225.207783 -24.994655
225.942275 -24.691597
226.677573 -24.386946
227.413633 -24.080681
228.150411 -23.772781
228.887862 -23.463221
229.625940 -23.151975
230.364600 -22.839015
231.103795 -22.524312
231.843480 -22.207837
232.583608 -21.889559
233.324133 -21.569447
234.065010 -21.247471
234.806191 -20.923602
235.547631 -20.597810
236.289285 -20.270068
237.031110 -19.940349
237.773064 -19.608627
238.515106 -19.274880
239.257196 -18.939084
239.999294 -18.601217
240.741362 -18.261261
241.483363 -17.919197
242.225260 -17.575006
242.967018 -17.228674
243.708604 -16.880184
244.449986 -16.529526
245.191134 -16.176685
245.932017 -15.821651
246.672611 -15.464414
247.412887 -15.104964
248.152824 -14.743291
248.892399 -14.379387
249.631591 -14.013243
250.370382 -13.644852
251.108755 -13.274208
251.846696 -12.901303
252.584192 -12.526133
253.321232 -12.148695
254.057808 -11.768985
254.793915 -11.387005
255.529549 -11.002756
256.264709 -10.616241
256.999399 -10.227467
257.733624 -9.836440
258.467392 -9.443170
259.200713 -9.047669
259.933600 -8.649948
260.666068 -8.250020
261.398134 -7.847900
262.129816 -7.443601
262.861133 -7.037136
263.592107 -6.628520
264.322760 -6.217765
265.053115 -5.804882
265.783196 -5.389883
266.513025 -4.972777
267.242629 -4.553574
267.972030 -4.132280
268.701253 -3.708900
269.430323 -3.283439
270.159263 -2.855895
270.888100 -2.426269
271.616857 -1.994556
272.345559 -1.560748
273.074228 -1.124837
273.802887 -0.686808
274.531556 -0.246648
275.260253 0.195663
275.988997 0.640145
276.717803 1.086822
277.446688 1.535719
278.175666 1.986864
278.904748 2.440288
279.633948 2.896022
280.363274 3.354100
281.092734 3.814561
281.822336 4.277441
282.552085 4.742781
283.281984 5.210621
284.012034 5.681003
284.742237 6.153967
285.472591 6.629557
286.203094 7.107816
286.933742 7.588786
287.664533 8.072513
288.395461 8.559039
289.126519 9.048412
289.857700 9.540675
290.588995 10.035875
291.320392 10.534060
292.051878 11.035276
292.783439 11.539570
293.515055 12.046991
294.246703 12.557586
294.978359 13.071401
295.709993 13.588484
296.441576 14.108882
297.173075 14.632640
297.904457 15.159801
298.635686 15.690405
299.366727 16.224492
300.097544 16.762097
300.828102 17.303253
301.558364 17.847987
302.288294 18.396327
303.017859 18.948293
303.747024 19.503903
304.475756 20.063170
305.204024 20.626105
305.931799 21.192712
306.659053 21.762989
307.385760 22.336933
308.111897 22.914533
308.837441 23.495772
309.562376 24.080631
310.286685 24.669084
311.010358 25.261100
311.733386 25.856643
312.455764 26.455671
313.177493 27.058138
313.898573 27.663993
314.619012 28.273181
315.338820 28.885641
316.058011 29.501311
316.776601 30.120120
317.494613 30.741995
318.212071 31.366859
318.929003 31.994631
319.645442 32.625227
320.361421 33.258558
321.076981 33.894536
321.792160 34.533067
322.507002 35.174055
323.221551 35.817403
323.935853 36.463009
324.649957 37.110770
325.363910 37.760581
326.077763 38.412333
326.791568 39.065918
327.505378 39.721225
328.219244 40.378141
328.933221 41.036554
329.647365 41.696350
330.361735 42.357414
331.076387 43.019633
331.791381 43.682891
332.506776 44.347070
333.222628 45.012056
333.938995 45.677731
334.655932 46.343981
335.373493 47.010689
336.091728 47.677742
336.810685 48.345026
337.530411 49.012426
338.250948 49.679832
338.972335 50.347132
339.694609 51.014216
340.417800 51.680974
341.141937 52.347300
341.867043 53.013086
342.593137 53.678230
343.320234 54.342627
344.048344 55.006178
344.777473 55.668783
345.507623 56.330345
346.238788 56.990768
346.970960 57.649960
347.704123 58.307829
348.438259 58.964286
349.173343 59.619243
349.909345 60.272616
350.646230 60.924320
351.383958 61.574273
352.122486 62.222396
352.861762 62.868611
353.601733 63.512840
354.342340 64.155009
355.083518 64.795045
355.825201 65.432875
356.567315 66.068428
357.309785 66.701632
358.052531 67.332419
358.795470 67.960719
359.538515 68.586464
360.281577 69.209586
361.024567 69.830017
361.767390 70.447689
362.509952 71.062535
363.252156 71.674484
363.993905 72.283470
364.735101 72.889421
365.475645 73.492268
366.215441 74.091940
366.954391 74.688364
367.692398 75.281467
368.429370 75.871176
369.165216 76.457417
369.899846 77.040115
370.633176 77.619196
371.365126 78.194584
372.095619 78.766204
372.824584 79.333981
373.551955 79.897838
374.277670 80.457701
375.001675 81.013494
375.723921 81.565143
376.444363 82.112572
377.162965 82.655709
377.879696 83.194481
378.594531 83.728814
379.307452 84.258636
380.018444 84.783877
380.727501 85.304466
381.434620 85.820332
382.139802 86.331406
382.843057 86.837620
383.544398 87.338907
384.243842 87.835202
384.941413 88.326439
385.637138 88.812554
386.331046 89.293484
387.023171 89.769166
387.713552 90.239538
388.402230 90.704539
389.089248 91.164108
389.774653 91.618188
390.458494 92.066719
391.140824 92.509646
391.821696 92.946913
392.501167 93.378466
393.179294 93.804253
393.856139 94.224222
394.531764 94.638323
395.206231 95.046507
395.879606 95.448726
396.551953 95.844937
397.223338 96.235096
397.893826 96.619163
398.563483 96.997099
399.232374 97.368870
399.900561 97.734440
400.568106 98.093780
401.235067 98.446862
401.901499 98.793662
402.567453 99.134158
403.232975 99.468334
403.898106 99.796174
404.562881 100.117670
405.227327 100.432815
405.891464 100.741605
406.555305 101.044041
407.218852 101.340127
407.882101 101.629871
408.545036 101.913282
409.207632 102.190376
409.869855 102.461169
410.531661 102.725680
411.192996 102.983931
411.853797 103.235948
412.513991 103.481758
413.173496 103.721391
413.832219 103.954880
414.490059 104.182261
415.146908 104.403571
415.802649 104.618850
416.457159 104.828139
417.110304 105.031482
417.761946 105.228924
418.411940 105.420510
419.060135 105.606290
419.706376 105.786316
420.350502 105.960639
420.992349 106.129315
421.631748 106.292401
422.268528 106.449958
422.902513 106.602044
423.533527 106.748725
424.161390 106.890064
424.785921 107.026130
425.406936 107.156993
426.024252 107.282727
426.637681 107.403410
427.247039 107.519122
427.852139 107.629948
428.452798 107.735977
429.048831 107.837302
429.640059 107.934018
430.226302 108.026226
430.807386 108.114033
431.383141 108.197548
431.953401 108.276884
432.518008 108.352159
433.076808 108.423495
433.629658 108.491016
434.176421 108.554850
434.716967 108.615128
435.251180 108.671984
435.778952 108.725552
436.300188 108.775972
436.814805 108.823383
437.322733 108.867928
437.823919 108.909751
438.318321 108.949000
438.805917 108.985824
439.286697 109.020374
439.760667 109.052803
440.227852 109.083268
440.688289 109.111927
441.142032 109.138942
441.589151 109.164475
442.029733 109.188693
442.463882 109.211762
442.891716 109.233854
443.313370 109.255143
443.728990 109.275803
444.138740 109.296015
444.542796 109.315959
444.941349 109.335822
445.334601 109.355793
445.722769 109.376063
446.106079 109.396828
446.484771 109.418286
446.859096 109.440639
447.229314 109.464089
447.595697 109.488846
447.958526 109.515117
448.318094 109.543116
448.674698 109.573057
449.028650 109.605155
449.380264 109.639628
449.729867 109.676692
450.077790 109.716565
450.424371 109.759464
450.769953 109.805604
451.114884 109.855199
451.459516 109.908461
451.804206 109.965597
452.149311 110.026810
452.495190 110.092300
452.842204 110.162259
453.190713 110.236877
453.541075 110.316337
453.893646 110.400818
454.248783 110.490492
454.606837 110.585525
454.968155 110.686077
455.333082 110.792299
455.701957 110.904336
456.075112 111.022326
456.452874 111.146398
456.835559 111.276672
457.223478 111.413258
457.616930 111.556260
458.016206 111.705767
458.421586 111.861861
458.833341 112.024614
459.251732 112.194086
459.677008 112.370324
460.109409 112.553365
460.549163 112.743235
460.996485 112.939945
461.451582 113.143497
461.914648 113.353879
462.385865 113.571067
462.865406 113.795022
463.353433 114.025695
463.850099 114.263023
464.355544 114.506929
464.869901 114.757320
465.393292 115.014092
465.925828 115.277125
466.467612 115.546288
467.018738 115.821433
467.579288 116.102398
468.149338 116.389011
468.728952 116.681081
469.318188 116.978406
469.917094 117.280771
470.525708 117.587946
471.144064 117.899689
471.772185 118.215744
472.410089 118.535842
473.057788 118.859703
473.715284 119.187034
474.382576 119.517532
475.059657 119.850884
475.746513 120.186766
476.443125 120.524849
477.149472 120.864794
477.865524 121.206255
478.591250 121.548882
479.326616 121.892315
480.071581 122.236193
480.826104 122.580145
481.590138 122.923802
482.363635 123.266787
483.146545 123.608726
483.938813 123.949242
484.740383 124.287958
485.551200 124.624500
486.371204 124.958497
487.200338 125.289579
488.038543 125.617383
488.885757 125.941551
489.741922 126.261732
490.606977 126.577580
491.480863 126.888759
492.363521 127.194940
493.254892 127.495805
494.154919 127.791045
495.063546 128.080361
495.980716 128.363467
496.906376 128.640084
497.840472 128.909947
498.782953 129.172802
499.733768 129.428406
500.692866 129.676527
501.660199 129.916949
502.635720 130.149465
503.619381 130.373883
504.611136 130.590023
505.610941 130.797717
506.618750 130.996812
507.634521 131.187167
508.658210 131.368656
509.689776 131.541166
510.729177 131.704595
511.776371 131.858860
512.831318 132.003885
513.893976 132.139615
514.964304 132.266004
516.042259 132.383023
517.127799 132.490657
518.220881 132.588904
519.321460 132.677777
520.429491 132.757302
521.544928 132.827519
522.667724 132.888480
523.797830 132.940250
524.935197 132.982906
526.079775 133.016536
527.231513 133.041240
528.390357 133.057129
529.556255 133.064324
530.729152 133.062957
531.908992 133.053169
533.095718 133.035108
534.289271 133.008934
535.489591 132.974808
536.696615 132.932903
537.910278 132.883394
539.130516 132.826460
540.357258 132.762286
541.590433 132.691059
542.829967 132.612967
544.075783 132.528201
545.327799 132.436955
546.585931 132.339421
547.850090 132.235793
549.120182 132.126262
550.396110 132.011021
551.677769 131.890261
552.965052 131.764172
554.257846 131.632943
555.556029 131.496762
556.859476 131.355817
558.168054 131.210292
559.481624 131.060371
560.800040 130.906236
562.123150 130.748067
563.450793 130.586043
564.782801 130.420341
566.119000 130.251135
567.459205 130.078596
568.803227 129.902896
570.150866 129.724200
571.501915 129.542674
572.856159 129.358478
574.213376 129.171772
575.573334 128.982710
576.935796 128.791442
578.300515 128.598116
579.667237 128.402872
581.035698 128.205848
582.405629 128.007173
583.776749 127.806973
585.148772 127.605368
586.521401 127.402470
587.894334 127.198387
589.267255 126.993219
590.639843 126.787061
592.011767 126.580001
593.382686 126.372121
594.752250 126.163496
596.120102 125.954193
597.485872 125.744274
598.849185 125.533792
600.209655 125.322793
601.566887 125.111319
602.920477 124.899402
604.270013 124.687069
605.615072 124.474340
606.955226 124.261231
608.290033 124.047748
609.619048 123.833893
610.941814 123.619664
612.257869 123.405048
613.566742 123.190033
614.867958 122.974595
616.161034 122.758709
617.445483 122.542342
618.720810 122.325457
619.986521 122.108010
621.242113 121.889952
622.487085 121.671226
623.720930 121.451772
624.943142 121.231522
626.153214 121.010402
627.350640 120.788331
628.534914 120.565223
629.705532 120.340985
630.861993 120.115519
632.003800 119.888719
633.130458 119.660477
634.241480 119.430676
635.336380 119.199197
636.414682 118.965917
637.475913 118.730708
638.519608 118.493439
639.545308 118.253977
640.552558 118.012186
641.540914 117.767930
642.509938 117.521071
643.459201 117.271473
644.388283 117.018997
645.296777 116.763509
646.184283 116.504875
647.050412 116.242962
647.894790 115.977642
648.717052 115.708787
649.516849 115.436272
650.293844 115.159979
651.047711 114.879789
651.778143 114.595592
652.484845 114.307280
653.167538 114.014751
653.825960 113.717908
654.459862 113.416660
655.069013 113.110923
655.653202 112.800618
656.212235 112.485673
656.745936 112.166020
657.254149 111.841600
657.736741 111.512359
658.193595 111.178249
658.624619 110.839231
659.029741 110.495269
659.408910 110.146336
659.762096 109.792411
660.089292 109.433479
660.390509 109.069533
660.665783 108.700574
660.915167 108.326607
661.138736 107.947649
661.336586 107.563720
661.508831 107.174852
661.655603 106.781083
661.777056 106.382459
661.873359 105.979035
661.944700 105.570874
661.991285 105.158046
662.013336 104.740628
662.011092 104.318706
661.984808 103.892370
661.934756 103.461718
661.861221 103.026854
661.764507 102.587886
661.644931 102.144926
661.502825 101.698092
661.338539 101.247505
661.152438 100.793291
660.944901 100.335580
660.716323 99.874504
660.467111 99.410198
660.197690 98.942802
659.908492 98.472455
659.599967 97.999300
659.272576 97.523482
658.926793 97.045149
658.563102 96.564450
658.181998 96.081538
657.783988 95.596563
657.369593 95.109682
656.939338 94.621049
656.493764 94.130822
656.033416 93.639157
655.558849 93.146213
655.070629 92.652147
654.569325 92.157118
654.055514 91.661285
653.529775 91.164807
652.992691 90.667844
652.444853 90.170556
651.886846 89.673102
651.319262 89.175643
650.742691 88.678340
650.157721 88.181354
649.564941 87.684845
648.964935 87.188975
648.358288 86.693906
647.745581 86.199799
647.127391 85.706814
646.504293 85.215114
645.876859 84.724856
645.245653 84.236203
644.611239 83.749312
643.974174 83.264341
643.335008 82.781447
642.694289 82.300787
642.052556 81.822516
641.410341 81.346789
640.768172 80.873759
640.126563 80.403581
639.486026 79.936409
638.847060 79.472394
638.210154 79.011689
637.575789 78.554447
636.944431 78.100819
636.316538 77.650955
635.692550 77.205003
635.072897 76.763108
634.457991 76.325413
633.848230 75.892056
633.243997 75.463171
632.645657 75.038889
632.053558 74.619334
631.468030 74.204624
630.889386 73.794870
630.317918 73.390177
629.753899 72.990640
629.197585 72.596349
628.649207 72.207383
628.108978 71.823813
627.577091 71.445702
627.053714 71.073101
626.538998 70.706054
626.033074 70.344595
625.536048 69.988750
625.048011 69.638533
624.569030 69.293948
624.099156 68.954992
623.638419 68.621649
623.186830 68.293894
622.744384 67.971690
622.311054 67.654990
621.886799 67.343738
621.471557 67.037864
621.065251 66.737290
620.667786 66.441924
620.279050 66.151666
619.898913 65.866401
619.527230 65.586006
619.163838 65.310344
618.808558 65.039267
618.461196 64.772618
618.121541 64.510224
617.789369 64.251905
617.464439 63.997468
617.146499 63.746709
616.835281 63.499415
616.530503 63.255358
616.231874 63.014303
615.939087 62.776003
615.651828 62.540199
615.369769 62.306626
615.092573 62.075005
614.819897 61.845050
614.551386 61.616468
614.286683 61.388958
614.025422 61.162209
613.767238 60.935911
613.511757 60.709744
613.258609 60.483389
613.007421 60.256522
612.757819 60.028818
612.509433 59.799951
612.261895 59.569596
612.014839 59.337430
611.767906 59.103131
611.520739 58.866381
611.272988 58.626865
611.024312 58.384273
610.774375 58.138300
610.522849 57.888645
610.269414 57.635016
610.013760 57.377126
609.755584 57.114693
609.494593 56.847446
609.230502 56.575118
608.963037 56.297453
608.691934 56.014201
608.416938 55.725121
608.137806 55.429983
607.854304 55.128566
607.566211 54.820657
607.273316 54.506055
606.975421 54.184571
606.672339 53.856024
606.363895 53.520247
606.049929 53.177085
605.730292 52.826395
605.404847 52.468046
605.073474 52.101923
604.736063 51.727921
604.392519 51.345951
604.042760 50.955938
603.686718 50.557819
603.324337 50.151545
602.955576 49.737083
602.580405 49.314411
602.198810 48.883525
601.810789 48.444431
601.416354 47.997153
601.015532 47.541727
600.608363 47.078206
600.194898 46.606655
599.775205 46.127154
599.349361 45.639796
598.917458 45.144688
598.479598 44.641949
598.035894 44.131710
597.586470 43.614114
597.131459 43.089315
596.671004 42.557476
596.205254 42.018772
595.734371 41.473387
595.258520 40.921514
594.777875 40.363353
594.292617 39.799116
593.802934 39.229018
593.309020 38.653287
592.811072 38.072152
592.309295 37.485852
591.803898 36.894633
591.295095 36.298744
590.783106 35.698441
590.268151 35.093985
589.750460 34.485642
589.230260 33.873684
588.707787 33.258384
588.183277 32.640022
587.656968 32.018880
587.129103 31.395243
586.599925 30.769401
586.069681 30.141645
585.538615 29.512270
585.006978 28.881572
584.475017 28.249848
583.942983 27.617396
583.411126 26.984518
582.879696 26.351511
582.348945 25.718675
581.819123 25.086309
581.290481 24.454710
580.763267 23.824175
580.237731 23.194998
579.714120 22.567472
579.192680 21.941888
578.673657 21.318532
578.157293 20.697691
577.643830 20.079644
577.133504 19.464669
576.626550 18.853038
576.123198 18.245017
575.623674 17.640868
575.128198 17.040845
574.636985 16.445199
574.150246 15.854172
573.668185 15.267999
573.190999 14.686909
572.718882 14.111127
572.252019 13.540868
571.790592 12.976341
571.334774 12.417750
570.884735 11.865290
570.440636 11.319149
570.002635 10.779510
569.570881 10.246547
569.145519 9.720425
568.726686 9.201306
568.314513 8.689339
567.909124 8.184670
567.510636 7.687435
567.119159 7.197760
566.734798 6.715767
566.357649 6.241567
565.987801 5.775262
565.625336 5.316948
565.270331 4.866712
564.922853 4.424630
564.582963 3.990774
564.250715 3.565203
563.926155 3.147971
563.609321 2.739119
563.300245 2.338683
562.998950 1.946686
562.705452 1.563144
562.419758 1.188063
562.141869 0.821440
561.871777 0.463264
561.609465 0.113514
561.354910 -0.227840
561.108079 -0.560836
560.868931 -0.885520
560.637419 -1.201949
560.413487 -1.510185
560.197072 -1.810299
559.988104 -2.102371
559.786505 -2.386488
559.592192 -2.662741
559.405073 -2.931231
559.225052 -3.192064
559.052029 -3.445350
558.885897 -3.691205
558.726545 -3.929751
558.569407 -4.161021
558.409910 -4.385053
558.243482 -4.601888
558.065544 -4.811570
557.871516 -5.014145
557.656814 -5.209663
557.416854 -5.398176
557.147046 -5.579738
556.842798 -5.754406
556.499517 -5.922239
556.112607 -6.083299
555.677469 -6.237647
555.189503 -6.385347
554.644108 -6.526465
554.036679 -6.661066
553.362613 -6.789219
552.617303 -6.910989
551.796146 -7.026445
550.894533 -7.135654
549.907861 -7.238681
548.831522 -7.335592
547.660911 -7.426453
546.391422 -7.511326
545.018450 -7.590273
543.426070 -7.661283
541.614132 -7.724490
539.582489 -7.780025
537.330995 -7.828018
534.859509 -7.868597
532.167888 -7.901884
529.255995 -7.928002
526.123696 -7.947067
522.770858 -7.959192
519.197353 -7.964489
515.403057 -7.963063
511.387849 -7.955015
507.151611 -7.940445
502.694231 -7.919445
498.015600 -7.892104
493.115614 -7.858507
487.994172 -7.818734
482.651177 -7.772860
477.086538 -7.720958
471.300167 -7.663093
465.291979 -7.599330
459.061894 -7.529725
452.609835 -7.454335
445.935729 -7.373209
434.809941 -7.210713
423.684528 -7.046465
412.563887 -6.880616
401.452416 -6.713315
390.354516 -6.544707
379.274592 -6.374936
368.217051 -6.204141
357.186303 -6.032462
346.186762 -5.860034
335.222844 -5.686989
324.298966 -5.513457
313.419552 -5.339567
302.589025 -5.165445
291.811812 -4.991212
281.092345 -4.816991
270.435056 -4.642899
259.844379 -4.469053
249.324752 -4.295567
238.880614 -4.122554
228.516408 -3.950125
218.236576 -3.778389
208.045564 -3.607453
197.947820 -3.437424
187.947793 -3.268407
