-0.368645 6.595839
-0.394511 7.054303
-0.421334 7.529147
-0.449129 8.020580
-0.477911 8.528805
-0.507694 9.054014
-0.538493 9.596390
-0.570320 10.156109
-0.603189 10.733333
-0.637114 11.328219
-0.672108 11.940911
-0.708182 12.571543
-0.745350 13.220241
-0.783624 13.887116
-0.823015 14.572272
-0.863534 15.275798
-0.905193 15.997775
-0.948002 16.738271
-0.991969 17.497341
-1.037105 18.275027
-1.083416 19.071361
-1.130909 19.886358
-1.179591 20.720025
-1.229466 21.572353
-1.280537 22.443321
-1.332807 23.332896
-1.379476 24.118304
-1.426852 24.913377
-1.474908 25.717667
-1.523621 26.530720
-1.572959 27.352076
-1.622894 28.181267
-1.673391 29.017818
-1.724416 29.861249
-1.775930 30.711070
-1.827892 31.566785
-1.880259 32.427891
-1.932983 33.293878
-1.986016 34.164226
-2.039303 35.038411
-2.092789 35.915899
-2.146414 36.796148
-2.200113 37.678609
-2.253818 38.562726
-2.307461 39.447936
-2.360964 40.333668
-2.414250 41.219344
-2.467236 42.104380
-2.519837 42.988188
-2.571961 43.870171
-2.623515 44.749731
-2.674402 45.626263
-2.724633 46.501241
-2.774114 47.374228
-2.822744 48.244791
-2.870419 49.112501
-2.917031 49.976932
-2.962469 50.837665
-3.006615 51.694289
-3.049349 52.546396
-3.090545 53.393586
-3.130074 54.235467
-3.167800 55.071656
-3.203585 55.901778
-3.237285 56.725468
-3.268751 57.542371
-3.297828 58.352140
-3.324359 59.154443
-3.348179 59.948956
-3.369121 60.735371
-3.387015 61.513391
-3.401681 62.282732
-3.412940 63.043124
-3.420606 63.794309
-3.424490 64.536045
-3.424398 65.268101
-3.420137 65.990263
-3.411505 66.702327
-3.398303 67.404108
-3.380325 68.095424
-3.357367 68.776105
-3.329221 69.445985
-3.295679 70.104909
-3.256532 70.752730
-3.211572 71.389312
-3.160592 72.014526
-3.103383 72.628256
-3.039740 73.230393
-2.969460 73.820842
-2.892340 74.399518
-2.808180 74.966348
-2.716785 75.521271
-2.617960 76.064239
-2.511515 76.595214
-2.397263 77.114173
-2.275019 77.621102
-2.144604 78.116003
-2.005842 78.598886
-1.858560 79.069776
-1.702591 79.528706
-1.537769 79.975721
-1.363937 80.410875
-1.180939 80.834236
-0.988625 81.245880
-0.786853 81.645892
-0.575483 82.034369
-0.354385 82.411416
-0.123435 82.777144
0.117486 83.131675
0.368488 83.475139
0.629671 83.807672
0.901131 84.129418
1.182951 84.440525
1.475207 84.741150
1.777966 85.031454
2.091282 85.311603
2.415201 85.581768
2.749754 85.842125
3.094965 86.092855
3.450842 86.334143
3.817383 86.566176
4.194573 86.789147
4.582382 87.003252
4.980770 87.208688
5.389681 87.405658
5.809048 87.594367
6.238792 87.775020
6.678818 87.947827
7.129020 88.113001
7.589281 88.270756
8.059469 88.421308
8.539442 88.564875
9.029045 88.701678
9.528113 88.831938
10.036470 88.955878
10.553928 89.073722
11.080289 89.185694
11.615346 89.292020
12.158880 89.392925
12.710663 89.488634
13.270457 89.579373
13.838016 89.665364
14.413083 89.746832
14.995390 89.823998
15.584662 89.897086
16.180614 89.966316
16.782951 90.031909
17.391371 90.094085
18.005563 90.153062
18.625207 90.209060
19.249975 90.262301
19.879532 90.313003
20.513534 90.361389
21.151631 90.407679
21.793469 90.452096
22.438685 90.494863
23.086913 90.536206
23.737784 90.576352
24.390921 90.615531
25.045947 90.653973
25.702481 90.691913
26.360142 90.729588
27.018544 90.767235
27.677306 90.805096
28.336041 90.843415
28.994369 90.882440
29.651909 90.922421
30.308284 90.963610
30.963122 91.006261
31.616054 91.050633
32.266717 91.096985
32.914755 91.145577
33.559816 91.196672
34.201556 91.250535
34.839639 91.307432
35.473735 91.367631
36.103523 91.431400
36.728689 91.499010
37.348929 91.570730
37.963947 91.646829
38.573456 91.727577
39.177179 91.813242
39.774851 91.904091
40.366215 92.000391
40.951027 92.102402
41.529055 92.210386
42.100079 92.324599
42.663889 92.445295
43.220292 92.572724
43.769105 92.707132
44.310161 92.848760
44.843308 92.997847
45.368406 93.154624
45.885333 93.319318
46.393983 93.492151
46.894264 93.673338
47.386098 93.863089
47.869425 94.061607
48.344198 94.269091
48.810386 94.485729
49.267973 94.711703
49.716957 94.947188
50.157351 95.192350
50.589179 95.447345
51.012482 95.712322
51.427309 95.987421
51.833726 96.272770
52.231806 96.568487
52.621637 96.874682
53.003316 97.191451
53.376950 97.518879
53.742655 97.857043
54.100559 98.206004
54.450795 98.565816
54.793504 98.936520
55.128838 99.318143
55.456950 99.710704
55.778002 100.114208
56.092160 100.528647
56.399595 100.954003
56.700482 101.390247
56.994999 101.837337
57.283328 102.295220
57.565654 102.763835
57.842166 103.243105
58.113052 103.732947
58.378504 104.233263
58.638717 104.743950
58.893885 105.264890
59.144203 105.795962
59.389865 106.337031
59.631069 106.887956
59.868006 107.448590
60.100869 108.018776
60.329847 108.598353
60.555125 109.187152
60.776886 109.785002
60.995305 110.391723
61.210554 111.007132
61.422799 111.631044
61.632200 112.263267
61.838908 112.903608
62.043067 113.551869
62.244814 114.207853
62.444273 114.871360
62.641565 115.542189
62.836796 116.220137
63.030068 116.904999
63.221473 117.596568
63.411093 118.294640
63.599001 118.999010
63.785261 119.709473
63.969930 120.425826
64.153056 121.147865
64.334679 121.875388
64.514832 122.608196
64.693541 123.346091
64.870826 124.088879
65.046697 124.836367
65.221161 125.588366
65.394217 126.344693
65.565860 127.105164
65.736076 127.869603
65.904850 128.637836
66.072160 129.409694
66.237977 130.185010
66.402273 130.963624
66.565012 131.745380
66.726156 132.530128
66.885663 133.317721
67.043487 134.108020
67.199581 134.900889
67.353892 135.696198
67.506367 136.493820
67.656950 137.293637
67.805582 138.095533
67.952202 138.899396
68.096750 139.705119
68.239162 140.512600
68.379376 141.321739
68.517325 142.132443
68.652945 142.944619
68.786170 143.758182
68.916936 144.573050
69.045179 145.389142
69.170835 146.206382
69.293843 147.024697
69.414141 147.844017
69.531673 148.664274
69.646381 149.485407
69.758210 150.307352
69.867110 151.130053
69.973033 151.953450
70.075935 152.777487
70.175777 153.602108
70.272524 154.427256
70.366144 155.252877
70.456611 156.078920
70.543904 156.905331
70.628005 157.732059
70.708902 158.559049
70.786588 159.386249
70.861061 160.213605
70.932324 161.041066
71.000384 161.868578
71.065252 162.696089
71.126942 163.523543
71.185474 164.350888
71.240870 165.178066
71.293157 166.005022
71.342367 166.831699
71.388534 167.658038
71.431695 168.483979
71.471892 169.309460
71.509172 170.134421
71.543581 170.958797
71.575173 171.782526
71.604000 172.605543
71.630120 173.427780
71.653594 174.249171
71.674484 175.069646
71.692855 175.889136
71.708777 176.707569
71.722317 177.524875
71.733548 178.340980
71.742545 179.155813
71.749381 179.969306
71.754132 180.781390
71.756874 181.591999
71.757686 182.401067
71.756644 183.208530
71.753829 184.014324
71.749318 184.818385
71.743191 185.620651
71.735528 186.421058
71.726408 187.219545
71.715909 188.016049
71.704110 188.810508
71.691089 189.602861
71.676924 190.393046
71.661690 191.180998
71.645462 191.966659
71.628311 192.749966
71.610305 193.530863
71.591508 194.309293
71.571980 195.085200
71.551778 195.858530
71.530954 196.629229
71.509554 197.397244
71.487622 198.162522
71.465193 198.925013
71.442301 199.684665
71.418971 200.441428
71.395225 201.195249
71.371078 201.946076
71.346540 202.693857
71.321618 203.438536
71.296312 204.180058
71.270616 204.918367
71.244519 205.653405
71.218005 206.385111
71.191051 207.113427
71.163627 207.838289
71.135697 208.559634
71.107218 209.277396
71.078141 209.991507
71.048410 210.701894
71.017964 211.408484
70.986733 212.111200
70.954642 212.809962
70.921609 213.504687
70.887545 214.195290
70.852354 214.881680
70.815935 215.563765
70.778178 216.241451
70.738968 216.914635
70.698181 217.583211
70.655688 218.247067
70.611354 218.906085
70.565035 219.560142
70.516583 220.209111
70.465839 220.852861
70.412640 221.491258
70.356815 222.124165
70.298184 222.751442
70.236563 223.372947
70.171761 223.988536
70.103579 224.598063
70.031812 225.201377
69.956253 225.798331
69.876684 226.388773
69.792889 226.972549
69.704646 227.549504
69.611732 228.119480
69.513923 228.682321
69.410993 229.237865
69.302717 229.785954
69.188870 230.326427
69.069225 230.859128
68.943559 231.383900
68.811649 231.900586
68.673273 232.409034
68.528210 232.909094
68.376242 233.400620
68.217153 233.883469
68.050729 234.357504
67.876757 234.822594
67.695026 235.278614
67.505331 235.725446
67.307468 236.162977
67.101236 236.591104
66.886442 237.009727
66.662897 237.418758
66.430416 237.818115
66.188823 238.207727
65.937945 238.587529
65.677617 238.957468
65.407679 239.317501
65.127979 239.667594
64.838372 240.007722
64.538719 240.337872
64.228891 240.658040
63.908765 240.968232
63.578229 241.268465
63.237177 241.558763
62.885514 241.839164
62.523156 242.109711
62.150028 242.370463
61.766065 242.621485
61.371214 242.862855
60.965434 243.094660
60.548696 243.316997
60.120985 243.529969
59.682297 243.733689
59.232645 243.928277
58.772053 244.113861
58.300561 244.290576
57.818223 244.458562
57.325104 244.617969
56.821288 244.768953
56.306868 244.911675
55.781951 245.046304
55.246656 245.173013
54.701115 245.291984
54.145468 245.403401
53.579870 245.507456
53.004483 245.604343
52.419482 245.694260
51.825050 245.777408
51.221382 245.853992
50.608681 245.924217
49.987160 245.988294
49.357042 246.046431
48.718561 246.098842
48.071957 246.145737
47.417482 246.187330
46.755398 246.223831
46.085975 246.255450
45.409491 246.282395
44.726235 246.304871
44.036501 246.323082
43.340594 246.337227
42.638824 246.347503
41.931508 246.354103
41.218973 246.357216
40.501551 246.357026
39.779581 246.353713
39.053410 246.347451
38.323389 246.338410
37.589879 246.326756
36.853241 246.312648
36.113847 246.296242
35.372071 246.277686
34.628292 246.257128
33.882894 246.234708
33.136262 246.210564
32.388788 246.184829
31.640861 246.157632
30.892877 246.129097
30.145230 246.099343
29.398316 246.068486
28.652528 246.036635
27.908260 246.003897
27.165901 245.970374
26.425840 245.936166
25.688460 245.901366
24.954141 245.866066
24.223255 245.830353
23.496172 245.794311
22.773255 245.758018
22.054859 245.721551
21.341334 245.684982
20.633024 245.648378
19.930264 245.611806
19.233381 245.575326
18.542694 245.538996
17.858515 245.502871
17.181144 245.467005
16.510874 245.431446
15.847988 245.396243
15.192758 245.361440
14.545445 245.327080
13.906302 245.293201
13.275567 245.259843
12.653468 245.227039
12.040221 245.194826
11.436029 245.163235
10.841082 245.132299
10.255558 245.102049
9.679621 245.072518
9.113420 245.043738
8.557093 245.015742
8.010759 244.988563
7.474527 244.962235
6.948488 244.936796
6.432717 244.912282
5.927274 244.888733
5.432206 244.866193
4.947541 244.844704
4.473292 244.824315
4.009460 244.805077
3.556027 244.787041
3.112961 244.770264
2.680215 244.754805
2.257727 244.740727
1.845420 244.728095
1.443204 244.716976
1.050975 244.707443
0.668617 244.699572
0.295998 244.693440
-0.067022 244.689131
-0.420599 244.686732
-0.764896 244.686335
-1.100087 244.688036
-1.426358 244.691934
-1.743902 244.698135
-2.052920 244.706750
-2.353622 244.717895
-2.646224 244.731690
-2.930948 244.748264
-3.208023 244.767749
-3.477680 244.790283
-3.740156 244.816013
-3.995689 244.845089
-4.244519 244.877668
-4.486887 244.913915
-4.723035 244.954000
-4.953203 244.998100
-5.177632 245.046397
-5.396558 245.099082
-5.610217 245.156349
-5.818841 245.218399
-6.022659 245.285442
-6.221895 245.357690
-6.416769 245.435363
-6.607496 245.518686
-6.794283 245.607889
-6.977334 245.703206
-7.156842 245.804877
-7.332997 245.913143
-7.505977 246.028252
-7.675957 246.150450
-7.843098 246.279989
-8.007557 246.417122
-8.169478 246.562103
-8.329000 246.715188
-8.486247 246.876630
-8.641340 247.046684
-8.794386 247.225602
-8.945487 247.413634
-9.094734 247.611031
-9.242211 247.818036
-9.387991 248.034892
-9.532143 248.261838
-9.674724 248.499107
-9.815786 248.746926
-9.955372 249.005520
-10.093519 249.275106
-10.230259 249.555893
-10.365614 249.848088
-10.499604 250.151885
-10.632240 250.467477
-10.763529 250.795043
-10.893472 251.134759
-11.022065 251.486787
-11.149300 251.851284
-11.275164 252.228396
-11.399640 252.618256
-11.522706 253.020991
-11.644337 253.436714
-11.764508 253.865527
-11.883189 254.307522
-12.000349 254.762779
-12.115957 255.231364
-12.229981 255.713333
-12.342389 256.208730
-12.453149 256.717582
-12.562231 257.239909
-12.669608 257.775715
-12.775253 258.324992
-12.879142 258.887720
-12.981253 259.463864
-13.081566 260.053380
-13.180067 260.656207
-13.276741 261.272275
-13.371580 261.901500
-13.464579 262.543784
-13.555737 263.199020
-13.645057 263.867088
-13.732549 264.547856
-13.818224 265.241182
-13.902098 265.946914
-13.984193 266.664888
-14.064534 267.394931
-14.143150 268.136860
-14.220073 268.890484
-14.295341 269.655604
-14.368993 270.432013
-14.441073 271.219496
-14.511626 272.017833
-14.580698 272.826798
-14.648340 273.646157
-14.714603 274.475673
-14.779540 275.315104
-14.843203 276.164205
-14.905648 277.022726
-14.966930 277.890416
-15.027104 278.767020
-15.086225 279.652283
-15.144347 280.545946
-15.201527 281.447749
-15.257819 282.357432
-15.313277 283.274734
-15.367953 284.199392
-15.421902 285.131144
-15.475174 286.069726
-15.527823 287.014878
-15.579897 287.966337
-15.631447 288.923843
-15.682521 289.887135
-15.733167 290.855954
-15.783430 291.830043
-15.833355 292.809142
-15.882986 293.792996
-15.932365 294.781348
-15.981532 295.773945
-16.030526 296.770534
-16.079384 297.770860
-16.128138 298.774674
-16.176822 299.781722
-16.225466 300.791755
-16.274097 301.804522
-16.322740 302.819774
-16.371421 303.837259
-16.420159 304.856731
-16.468975 305.877941
-16.517885 306.900640
-16.566905 307.924583
-16.616048 308.949521
-16.665324 309.975210
-16.714746 311.001404
-16.764320 312.027858
-16.814057 313.054329
-16.863963 314.080571
-16.914046 315.106340
-16.964313 316.131392
-17.014771 317.155483
-17.065428 318.178367
-17.116293 319.199799
-17.167378 320.219534
-17.218694 321.237327
-17.270257 322.252929
-17.322084 323.266095
-17.374195 324.276575
-17.426613 325.284119
-17.479364 326.288475
-17.532477 327.289389
-17.585986 328.286604
-17.639928 329.279863
-17.694343 330.268903
-17.749278 331.253461
-17.804781 332.233270
-17.860907 333.208061
-17.917716 334.177563
-17.975271 335.141503
-18.033640 336.099603
-18.092900 337.051588
-18.153128 337.997178
-18.214410 338.936094
-18.276837 339.868055
-18.340505 340.792783
-18.405515 341.709997
-18.471977 342.619421
-18.540003 343.520779
-18.609714 344.413797
-18.681233 345.298206
-18.754694 346.173737
-18.830234 347.040127
-18.907999 347.897118
-18.988139 348.744455
-19.070813 349.581893
-19.156187 350.409188
-19.244431 351.226108
-19.335724 352.032423
-19.430250 352.827915
-19.528200 353.612369
-19.629772 354.385581
-19.735169 355.147352
-19.844598 355.897490
-19.958274 356.635812
-20.076414 357.362141
-20.199240 358.076310
-20.326977 358.778157
-20.459855 359.467530
-20.598106 360.144287
-20.741964 360.808291
-20.891666 361.459417
-21.047448 362.097546
-21.209548 362.722568
-21.378204 363.334383
-21.553652 363.932898
-21.736128 364.518029
-21.925864 365.089704
-22.123092 365.647857
-22.328041 366.192436
-22.540933 366.723397
-22.761992 367.240708
-22.991432 367.744350
-23.229467 368.234314
-23.476303 368.710604
-23.732143 369.173240
-23.997181 369.622254
-24.271608 370.057692
-24.555607 370.479613
-24.849353 370.888090
-25.153018 371.283210
-25.466762 371.665071
-25.790740 372.033785
-26.125099 372.389474
-26.469978 372.732273
-26.825505 373.062327
-27.191802 373.379789
-27.568979 373.684825
-27.957138 373.977607
-28.356369 374.258315
-28.766755 374.527141
-29.188366 374.784279
-29.621261 375.029935
-30.065488 375.264318
-30.521082 375.487642
-30.988067 375.700129
-31.466452 375.902003
-31.956236 376.093492
-32.457401 376.274827
-32.969917 376.446243
-33.493739 376.607977
-34.028809 376.760270
-34.575053 376.903365
-35.132385 377.037507
-35.700704 377.162944
-36.279895 377.279925
-36.869830 377.388702
-37.470367 377.489527
-38.081353 377.582653
-38.702620 377.668334
-39.333988 377.746824
-39.975270 377.818378
-40.626263 377.883251
-41.286757 377.941699
-41.956532 377.993977
-42.635359 378.040340
-43.323002 378.081040
-44.019214 378.116329
-44.723745 378.146460
-45.436337 378.171680
-46.156725 378.192233
-46.884640 378.208363
-47.619808 378.220306
-48.361952 378.228296
-49.110788 378.232560
-49.866033 378.233319
-50.627398 378.230787
-51.394593 378.225169
-52.167325 378.216665
-52.945301 378.205465
-53.728227 378.191752
-54.515805 378.175704
-55.307741 378.157486
-56.103736 378.137261
-56.903494 378.115181
-57.706721 378.091392
-58.513123 378.066033
-59.322408 378.039237
-60.134288 378.011128
-60.948476 377.981824
-61.764690 377.951437
-62.582651 377.920070
-63.402083 377.887821
-64.222718 377.854782
-65.044291 377.821036
-65.866547 377.786664
-66.689234 377.751737
-67.512114 377.716325
-68.334953 377.680490
-69.157530 377.644290
-69.979637 377.607777
-70.801074 377.571001
-71.621655 377.534003
-72.441207 377.496824
-73.259571 377.459498
-74.076602 377.422057
-74.892167 377.384527
-75.706152 377.346932
-76.518453 377.309293
-77.328983 377.271626
-78.137667 377.233946
-78.944445 377.196262
-79.749270 377.158585
-80.552111 377.120917
-81.352946 377.083263
-82.151770 377.045621
-82.948587 377.007990
-83.743415 376.970365
-84.536286 376.932739
-85.327239 376.895105
-86.116328 376.857453
-86.903616 376.819770
-87.689176 376.782046
-88.473092 376.744267
-89.255457 376.706419
-90.036373 376.668489
-90.815951 376.630462
-91.594309 376.592326
-92.371574 376.554067
-93.147880 376.515674
-93.923366 376.477133
-94.698179 376.438436
-95.472472 376.399571
-96.246405 376.360529
-97.020139 376.321302
-97.793841 376.281883
-98.567682 376.242266
-99.341834 376.202445
-100.116474 376.162417
-100.891779 376.122178
-101.667929 376.081727
-102.445104 376.041066
-103.223483 376.000196
-104.003247 375.959121
-104.784574 375.917847
-105.567639 375.876378
-106.352615 375.834721
-107.139670 375.792885
-107.928966 375.750877
-108.720657 375.708706
-109.514893 375.666383
-110.311812 375.623917
-111.111546 375.581320
-111.914214 375.538600
-112.719927 375.495769
-113.528780 375.452838
-114.340860 375.409815
-115.156240 375.366713
-115.974979 375.323540
-116.797125 375.280305
-117.622714 375.237017
-118.451767 375.193683
-119.284294 375.150310
-120.120291 375.106904
-120.959740 375.063471
-121.802612 375.020015
-122.648864 374.976537
-123.498443 374.933041
-124.351279 374.889524
-125.207294 374.845985
-126.066393 374.802418
-126.928473 374.758816
-127.793415 374.715168
-128.661090 374.671462
-129.531357 374.627682
-130.404062 374.583809
-131.279040 374.539821
-132.156115 374.495692
-133.035097 374.451392
-133.915789 374.406887
-134.797979 374.362139
-135.681447 374.317105
-136.565960 374.271738
-137.451275 374.225987
-138.337141 374.179795
-139.223295 374.133101
-140.109467 374.085839
-140.995376 374.037937
-141.880732 373.989319
-142.765238 373.939902
-143.648587 373.889598
-144.530467 373.838313
-145.410560 373.785949
-146.288542 373.732400
-147.164082 373.677555
-148.036845 373.621300
-148.906494 373.563512
-149.772689 373.504065
-150.635087 373.442827
-151.493346 373.379659
-152.347124 373.314416
-153.196077 373.246950
-154.039865 373.177104
-154.878148 373.104717
-155.710591 373.029622
-156.536862 372.951646
-157.356631 372.870611
-158.169576 372.786331
-158.975376 372.698616
-159.773715 372.607270
-160.564284 372.512091
-161.346778 372.412871
-162.120896 372.309395
-162.886347 372.201445
-163.642842 372.088798
-164.390099 371.971223
-165.127842 371.848489
-165.855801 371.720359
-166.573712 371.586594
-167.281319 371.446952
-167.978374 371.301191
-168.664633 371.149067
-169.339864 370.990335
-170.003842 370.824750
-170.656348 370.652070
-171.297177 370.472050
-171.926130 370.284450
-172.543019 370.089032
-173.147669 369.885562
-173.739915 369.673809
-174.319601 369.453545
-174.886587 369.224548
-175.440745 368.986600
-175.981958 368.739488
-176.510126 368.483004
-177.025161 368.216948
-177.526990 367.941124
-178.015555 367.655345
-178.490812 367.359429
-178.952734 367.053202
-179.401305 366.736499
-179.836523 366.409160
-180.258402 366.071035
-180.666967 365.721982
-181.062259 365.361865
-181.444331 364.990560
-181.813250 364.607950
-182.169092 364.213928
-182.511948 363.808397
-182.841920 363.391270
-183.159120 362.962470
-183.463672 362.521933
-183.755709 362.069603
-184.035374 361.605437
-184.302820 361.129403
-184.558210 360.641482
-184.801712 360.141665
-185.033506 359.629956
-185.253780 359.106371
-185.462730 358.570940
-185.660557 358.023706
-185.847472 357.464722
-186.023690 356.894058
-186.189436 356.311793
-186.344939 355.718021
-186.490434 355.112845
-186.626163 354.496383
-186.752375 353.868759
-186.869322 353.230113
-186.977260 352.580589
-187.076454 351.920342
-187.167167 351.249536
-187.249669 350.568342
-187.324234 349.876937
-187.391133 349.175506
-187.450644 348.464238
-187.503044 347.743329
-187.548610 347.012977
-187.587618 346.273385
-187.620344 345.524759
-187.647063 344.767309
-187.668048 344.001247
-187.683566 343.226787
-187.693882 342.444147
-187.699257 341.653544
-187.699943 340.855198
-187.696189 340.049329
-187.688237 339.236157
-187.676323 338.415905
-187.660676 337.588792
-187.641518 336.755039
-187.619068 335.914865
-187.593533 335.068490
-187.565119 334.216131
-187.534021 333.358004
-187.500426 332.494323
-187.464518 331.625299
-187.426469 330.751141
-187.386446 329.872054
-187.344609 328.988240
-187.301108 328.099896
-187.256089 327.207215
-187.209688 326.310388
-187.162035 325.409597
-187.113254 324.505021
-187.063459 323.596835
-187.012760 322.685206
-186.961256 321.770296
-186.909043 320.852262
-186.856208 319.931254
-186.802834 319.007415
-186.748998 318.080883
-186.694769 317.151788
-186.640214 316.220254
-186.585392 315.286402
-186.530358 314.350344
-186.475161 313.412188
-186.419845 312.472036
-186.364449 311.529987
-186.309008 310.586136
-186.253552 309.640572
-186.198106 308.693384
-186.142693 307.744654
-186.087330 306.794465
-186.032032 305.842896
-185.976809 304.890025
-185.921671 303.935927
-185.866622 302.980679
-185.811665 302.024354
-185.756801 301.067029
-185.702027 300.108775
-185.647342 299.149667
-185.592742 298.189781
-185.538221 297.229190
-185.483775 296.267971
-185.429399 295.306201
-185.375087 294.343958
-185.320835 293.381322
-185.266637 292.418377
-185.212488 291.455209
-185.158382 290.491904
-185.104313 289.528556
-185.050275 288.565257
-184.996260 287.602105
-184.942262 286.639200
-184.888273 285.676648
-184.834285 284.714560
-184.780290 283.753049
-184.726280 282.792235
-184.672244 281.832242
-184.618174 280.873198
-184.564058 279.915237
-184.509884 278.958498
-184.455640 278.003124
-184.401310 277.049267
-184.346878 276.097080
-184.292326 275.146727
-184.237633 274.198373
-184.182777 273.252193
-184.127729 272.308365
-184.072461 271.367076
-184.016936 270.428517
-183.961117 269.492886
-183.904959 268.560386
-183.848413 267.631226
-183.791427 266.705620
-183.733942 265.783788
-183.675896 264.865954
-183.617220 263.952345
-183.557840 263.043196
-183.497677 262.138742
-183.436647 261.239224
-183.374657 260.344886
-183.311612 259.455973
-183.247408 258.572734
-183.181936 257.695418
-183.115080 256.824276
-183.046716 255.959560
-182.976715 255.101520
-182.904940 254.250410
-182.831247 253.406478
-182.755484 252.569974
-182.677493 251.741145
-182.597106 250.920236
-182.514148 250.107487
-182.428438 249.303140
-182.339787 248.507427
-182.247998 247.720579
-182.152865 246.942821
-182.054179 246.174371
-181.951719 245.415443
-181.845262 244.666245
-181.734576 243.926980
-181.619427 243.197844
-181.499573 242.479027
-181.374768 241.770711
-181.244763 241.073071
-181.109305 240.386274
-180.968136 239.710480
-180.820998 239.045841
-180.667629 238.392504
-180.507765 237.750605
-180.341145 237.120273
-180.167502 236.501632
-179.986575 235.894793
-179.798101 235.299862
-179.601820 234.716934
-179.397476 234.146096
-179.184815 233.587426
-178.963590 233.040990
-178.733559 232.506847
-178.494486 231.985044
-178.246142 231.475616
-177.988307 230.978589
-177.720768 230.493977
-177.443322 230.021783
-177.155774 229.561999
-176.857939 229.114604
-176.549643 228.679568
-176.230723 228.256848
-175.901024 227.846389
-175.560405 227.448127
-175.208738 227.061985
-174.845905 226.687878
-174.471803 226.325709
-174.086341 225.975372
-173.689442 225.636753
-173.281044 225.309728
-172.861099 224.994166
-172.429574 224.689926
-171.986451 224.396864
-171.531728 224.114824
-171.065418 223.843649
-170.587549 223.583173
-170.098168 223.333226
-169.597332 223.093633
-169.085120 222.864214
-168.561623 222.644787
-168.026949 222.435164
-167.481225 222.235157
-166.924591 222.044573
-166.357205 221.863218
-165.779238 221.690894
-165.190876 221.527401
-164.592321 221.372537
-163.983788 221.226101
-163.365504 221.087888
-162.737711 220.957695
-162.100663 220.835319
-161.454627 220.720554
-160.799881 220.613196
-160.136714 220.513041
-159.465427 220.419886
-158.786330 220.333527
-158.099743 220.253764
-157.405996 220.180396
-156.705426 220.113225
-155.998379 220.052056
-155.285207 219.996699
-154.566268 219.946965
-153.841926 219.902672
-153.112549 219.863641
-152.378510 219.829701
-151.640185 219.800685
-150.897954 219.776436
-150.152199 219.756803
-149.403304 219.741643
-148.651656 219.730822
-147.897639 219.724215
-147.141642 219.721706
-146.384051 219.723189
-145.625253 219.728567
-144.865630 219.737753
-144.105564 219.750668
-143.345433 219.767244
-142.585610 219.787423
-141.826466 219.811153
-141.068364 219.838395
-140.311664 219.869118
-139.556719 219.903297
-138.803876 219.940921
-138.053475 219.981982
-137.305852 220.026483
-136.561333 220.074437
-135.820238 220.125860
-135.082879 220.180778
-134.349560 220.239222
-133.620576 220.301233
-132.896213 220.366854
-132.176749 220.436137
-131.462450 220.509138
-130.753575 220.585918
-130.050370 220.666541
-129.353075 220.751076
-128.661917 220.839596
-127.977117 220.932173
-127.298882 221.028883
-126.627412 221.129802
-125.962897 221.235007
-125.305516 221.344574
-124.655437 221.458581
-124.012818 221.577101
-123.377806 221.700208
-122.750537 221.827973
-122.131134 221.960464
-121.519709 222.097746
-120.916360 222.239878
-120.321176 222.386916
-119.734230 222.538910
-119.155584 222.695903
-118.585286 222.857932
-118.023371 223.025026
-117.469859 223.197207
-116.924757 223.374489
-116.388056 223.556876
-115.859733 223.744363
-115.339748 223.936935
-114.828048 224.134567
-114.324563 224.337223
-113.829207 224.544855
-113.341880 224.757404
-112.862466 224.974799
-112.390836 225.196959
-111.926846 225.423789
-111.470339 225.655186
-111.021147 225.891033
-110.579085 226.131201
-110.143959 226.375551
-109.715562 226.623932
-109.293675 226.876183
-108.878067 227.132131
-108.468497 227.391591
-108.064713 227.654371
-107.666449 227.920264
-107.273436 228.189058
-106.885389 228.460531
-106.502020 228.734456
-106.123028 229.010595
-105.748104 229.288705
-105.376934 229.568537
-105.009193 229.849833
-104.644554 230.132336
-104.282682 230.415782
-103.923234 230.699907
-103.565865 230.984446
-103.210219 231.269132
-102.855940 231.553701
-102.502664 231.837888
-102.150022 232.121427
-101.797642 232.404060
-101.445149 232.685526
-101.092165 232.965572
-100.738311 233.243949
-100.383208 233.520410
-100.026475 233.794719
-99.667735 234.066644
-99.306610 234.335959
-98.942727 234.602448
-98.575715 234.865902
-98.205208 235.126120
-97.830845 235.382913
-97.452272 235.636100
-97.069142 235.885509
-96.681117 236.130978
-96.287869 236.372358
-95.889080 236.609508
-95.484445 236.842299
-95.073672 237.070613
-94.656480 237.294346
-94.232604 237.513403
-93.801793 237.727704
-93.363811 237.937180
-92.918439 238.141775
-92.465470 238.341444
-92.004716 238.536156
-91.536004 238.725888
-91.059177 238.910632
-90.574095 239.090390
-90.080635 239.265177
-89.578687 239.435017
-89.068162 239.599945
-88.548981 239.760009
-88.021087 239.915264
-87.484435 240.065778
-86.938996 240.211626
-86.384756 240.352890
-85.821717 240.489660
-85.249895 240.622033
-84.669326 240.750114
-84.080057 240.874013
-83.482152 240.993849
-82.875690 241.109741
-82.260765 241.221814
-81.637484 241.330194
-81.005970 241.435011
-80.366362 241.536394
-79.718814 241.634473
-79.063492 241.729380
-78.400580 241.821248
-77.730274 241.910209
-77.052787 241.996395
-76.368340 242.079935
-75.677171 242.160958
-74.979528 242.239589
-74.275669 242.315954
-73.565865 242.390171
-72.850399 242.462359
-72.129560 242.532632
-71.403650 242.601100
-70.672980 242.667872
-69.937868 242.733050
-69.198641 242.796734
-68.455634 242.859019
-67.709186 242.919995
-66.959645 242.979750
-66.207359 243.038365
-65.452684 243.095918
-64.695977 243.152481
-63.937598 243.208121
-63.177910 243.262900
-62.417275 243.316874
-61.656056 243.370092
-60.894617 243.422598
-60.133317 243.474431
-59.372515 243.525623
-58.612567 243.576199
-57.853823 243.626181
-57.096630 243.675581
-56.341331 243.724408
-55.588266 243.772662
-54.837770 243.820340
-54.090172 243.867430
-53.345798 243.913914
-52.604969 243.959770
-51.867998 244.004966
-51.135197 244.049469
-50.406869 244.093235
-49.683310 244.136217
-48.964810 244.178360
-48.251650 244.219603
-47.544107 244.259877
-46.842448 244.299111
-46.146930 244.337224
-45.457804 244.374132
-44.775312 244.409745
-44.099686 244.443968
-43.431149 244.476700
-42.769916 244.507837
-42.116190 244.537266
-41.470165 244.564873
-40.832025 244.590535
-40.201945 244.614126
-39.580087 244.635516
-38.966609 244.654568
-38.361652 244.671143
-37.765353 244.685096
-37.177834 244.696275
-36.599207 244.704526
-36.029574 244.709687
-35.469024 244.711592
-34.917635 244.710068
-34.375471 244.704936
-33.842587 244.696013
-33.319025 244.683109
-32.804815 244.666026
-32.299978 244.644564
-31.804524 244.618513
-31.318450 244.587659
-30.841745 244.551783
-30.374386 244.510657
-29.916340 244.464050
-29.467569 244.411724
-29.028021 244.353437
-28.597641 244.288940
-28.176366 244.217981
-27.764130 244.140304
-27.360860 244.055648
-26.966478 243.963750
-26.580902 243.864343
-26.204046 243.757157
-25.835820 243.641920
-25.476129 243.518359
-25.124875 243.386200
-24.781956 243.245167
-24.447266 243.094986
-24.120697 242.935381
-23.802134 242.766077
-23.491464 242.586803
-23.188568 242.397289
-22.893325 242.197266
-22.605610 241.986471
-22.325298 241.764642
-22.052259 241.531522
-21.786361 241.286858
-21.527471 241.030402
-21.275454 240.761912
-21.030172 240.481149
-20.791484 240.187881
-20.559250 239.881883
-20.333327 239.562937
-20.113571 239.230828
-19.899837 238.885352
-19.691979 238.526311
-19.489848 238.153514
-19.293298 237.766778
-19.102181 237.365928
-18.916348 236.950799
-18.735655 236.521234
-18.559955 236.077087
-18.389104 235.618222
-18.222963 235.144512
-18.061394 234.655844
-17.904259 234.152114
-17.751428 233.633229
-17.602769 233.099110
-17.458156 232.549689
-17.317465 231.984912
-17.180573 231.404735
-17.047365 230.809131
-16.917726 230.198082
-16.791544 229.571587
-16.668713 228.929655
-16.549126 228.272311
-16.432679 227.599592
-16.319269 226.911549
-16.208794 226.208244
-16.101152 225.489751
-15.996243 224.756158
-15.893967 224.007563
-15.794222 223.244076
-15.696910 222.465818
-15.601931 221.672919
-15.509185 220.865522
-15.418575 220.043777
-15.330001 219.207843
-15.243368 218.357890
-15.158579 217.494095
-15.075539 216.616642
-14.994156 215.725723
-14.914337 214.821539
-14.835993 213.904296
-14.759037 212.974206
-14.683383 212.031489
-14.608949 211.076369
-14.535654 210.109078
-14.463420 209.129851
-14.392172 208.138930
-14.321838 207.136559
-14.252349 206.122991
-14.183637 205.098481
-14.115641 204.063288
-14.048299 203.017677
-13.981555 201.961916
-13.915355 200.896278
-13.849649 199.821040
-13.784389 198.736481
-13.719531 197.642887
-13.655031 196.540545
-13.590851 195.429745
-13.526953 194.310782
-13.463302 193.183953
-13.399866 192.049558
-13.336614 190.907899
-13.273517 189.759282
-13.210549 188.604013
-13.147684 187.442402
-13.084898 186.274762
-13.022168 185.101405
-12.959472 183.922647
-12.896787 182.738807
-12.834092 181.550205
-12.771363 180.357162
-12.708579 179.160002
-12.645717 177.959051
-12.582757 176.754636
-12.519675 175.547086
-12.456451 174.336733
-12.393062 173.123911
-12.329483 171.908955
-12.265692 170.692206
-12.201663 169.474005
-12.137369 168.254698
-12.072784 167.034632
-12.007879 165.814160
-11.942620 164.593636
-11.876976 163.373420
-11.810908 162.153874
-11.744379 160.935366
-11.677346 159.718267
-11.609764 158.502952
-11.541586 157.289798
-11.472760 156.079188
-11.403232 154.871506
-11.332944 153.667141
-11.261836 152.466484
-11.189842 151.269927
-11.116894 150.077866
-11.042918 148.890697
-10.967840 147.708818
-10.891576 146.532626
-10.814040 145.362523
-10.735143 144.198905
-10.654788 143.042170
-10.572874 141.892716
-10.489293 140.750938
-10.403934 139.617227
-10.316680 138.491973
-10.227407 137.375561
-10.135986 136.268373
-10.042281 135.170786
-9.946151 134.083171
-9.847447 133.005896
-9.746013 131.939319
-9.641688 130.883796
-9.534304 129.839674
-9.423686 128.807292
-9.309654 127.786984
-9.192024 126.779074
-9.070604 125.783879
-8.945202 124.801705
-8.815619 123.832851
-8.681655 122.877605
-8.543105 121.936245
-8.399764 121.009039
-8.251423 120.096247
-8.097874 119.198114
-7.938906 118.314877
-7.774310 117.446758
-7.603876 116.593970
-7.427396 115.756711
-7.244664 114.935165
-7.055473 114.129503
-6.859621 113.339882
-6.656909 112.566441
-6.447142 111.809305
-6.230128 111.068584
-6.005680 110.344366
-5.773616 109.636728
-5.533758 108.945723
-5.285932 108.271391
-5.029971 107.613752
-4.765709 106.972806
-4.492988 106.348539
-4.211653 105.740917
-3.921555 105.149889
-3.622550 104.575388
-3.314497 104.017329
-2.997263 103.475611
-2.670719 102.950119
-2.334743 102.440722
-1.989220 101.947272
-1.634039 101.469610
-1.269100 101.007561
-0.894305 100.560940
-0.509570 100.129546
-0.114813 99.713169
0.290036 99.311586
0.705038 98.924565
1.130247 98.551862
1.565706 98.193223
2.011447 97.848385
2.467491 97.517075
2.933848 97.199013
3.410518 96.893908
3.897486 96.601461
4.394728 96.321366
4.902207 96.053307
5.419876 95.796961
5.947676 95.551998
6.485538 95.318079
7.033382 95.094859
7.591119 94.881987
8.158649 94.679104
8.735865 94.485847
9.322651 94.301845
9.918885 94.126723
10.524436 93.960103
11.139169 93.801601
11.762942 93.650831
12.395607 93.507405
13.037015 93.370932
13.687008 93.241020
14.345427 93.117280
15.012110 92.999321
15.686893 92.886752
16.369609 92.779189
17.060090 92.676247
17.758167 92.577546
18.463669 92.482712
19.176425 92.391374
19.896260 92.303168
20.623000 92.217736
21.356470 92.134725
22.096492 92.053788
22.842886 91.974584
23.595473 91.896781
24.354068 91.820048
25.118488 91.744065
25.888546 91.668513
26.664056 91.593080
27.444827 91.517460
28.230672 91.441351
29.021398 91.364454
29.816816 91.286478
30.616732 91.207134
31.420956 91.126138
32.229296 91.043210
33.041563 90.958077
33.857566 90.870469
34.677120 90.780124
35.500037 90.686784
36.326138 90.590197
37.155242 90.490119
37.987175 90.386313
38.821766 90.278547
39.658849 90.166600
40.498261 90.050258
41.339844 89.929317
42.183445 89.803580
43.028913 89.672863
43.876102 89.536990
44.724870 89.395796
45.575078 89.249125
46.426591 89.096831
47.279275 88.938781
48.132998 88.774849
48.987631 88.604920
49.843046 88.428888
50.699115 88.246657
51.555712 88.058140
52.412711 87.863258
53.269987 87.661942
54.127416 87.454132
54.984874 87.239775
55.842235 87.018829
56.699374 86.791257
57.556164 86.557031
58.412480 86.316131
59.268192 86.068543
60.123173 85.814260
60.977292 85.553281
61.830420 85.285611
62.682427 85.011262
63.533183 84.730251
64.382559 84.442602
65.230426 84.148344
66.076659 83.847512
66.921131 83.540150
67.763721 83.226306
68.604307 82.906037
69.442771 82.579407
70.278999 82.246486
71.112878 81.907352
71.944300 81.562092
72.773159 81.210797
73.599354 80.853569
74.422787 80.490513
75.243364 80.121744
76.060996 79.747381
76.875595 79.367547
77.687080 78.982375
78.495373 78.591997
79.300399 78.196553
80.102087 77.796184
80.900371 77.391036
81.695187 76.981254
82.486476 76.566986
83.274183 76.148381
84.058259 75.725586
84.838660 75.298748
85.615346 74.868013
86.388284 74.433524
87.157445 73.995422
87.922809 73.553845
88.684362 73.108928
89.442095 72.660803
90.196011 72.209600
90.946115 71.755446
91.692424 71.298464
92.434961 70.838776
93.173755 70.376499
93.908844 69.911747
94.640275 69.444630
95.368099 68.975253
96.092379 68.503718
96.813182 68.030122
97.530585 67.554558
98.244671 67.077115
98.955533 66.597878
99.663269 66.116929
100.367985 65.634344
101.069792 65.150200
101.768811 64.664565
102.465163 64.177509
103.158979 63.689095
103.850392 63.199383
104.539537 62.708429
105.226556 62.216288
105.911589 61.723006
106.594781 61.228629
107.276278 60.733196
107.956223 60.236744
108.634763 59.739305
109.312042 59.240910
109.988201 58.741582
110.663382 58.241346
111.337722 57.740218
112.011357 57.238216
112.684418 56.735354
113.357031 56.231642
114.029322 55.727091
114.701408 55.221709
115.373404 54.715505
116.045419 54.208486
116.717558 53.700662
117.389920 53.192043
118.062600 52.682644
118.735683 52.172479
119.409253 51.661566
120.083385 51.149929
120.758147 50.637596
121.433602 50.124601
122.109804 49.610983
122.786800 49.096789
123.464632 48.582072
124.143330 48.066890
124.822920 47.551308
125.503416 47.035398
126.184828 46.519236
126.867156 46.002904
127.550393 45.486493
128.234526 44.970096
128.919532 44.453816
129.605383 43.937761
130.292043 43.422045
130.979468 42.906789
131.667608 42.392119
132.356407 41.878169
133.045802 41.365076
133.735725 40.852986
134.426101 40.342047
135.116853 39.832413
135.807895 39.324244
136.499142 38.817702
137.190501 38.312956
137.881882 37.810180
138.573191 37.309550
139.264332 36.811248
139.955212 36.315460
140.645737 35.822376
141.335815 35.332189
142.025355 34.845097
142.714272 34.361298
143.402483 33.880993
144.089911 33.404384
144.776485 32.931675
145.462138 32.463071
146.146812 31.998777
146.830454 31.538998
147.513019 31.083937
148.194468 30.633796
148.874771 30.188775
149.553903 29.749071
150.231845 29.314873
150.908588 28.886369
151.584130 28.463738
152.258473 28.047153
152.931630 27.636780
153.603619 27.232777
154.274465 26.835294
154.944199 26.444470
155.612858 26.060433
156.280488 25.683302
156.947140 25.313184
157.612870 24.950174
158.277741 24.594357
158.941823 24.245806
159.605190 23.904583
160.267925 23.570741
160.930113 23.244321
161.591847 22.925353
162.253221 22.613858
162.914338 22.309846
163.575303 22.013317
164.236225 21.724261
164.897220 21.442658
165.558406 21.168479
166.219904 20.901683
166.881839 20.642221
167.544340 20.390036
168.207536 20.145059
168.871561 19.907215
169.536551 19.676421
170.202641 19.452584
170.869970 19.235604
171.538675 19.025373
172.208894 18.821775
172.880762 18.624688
173.554416 18.433981
174.229988 18.249516
174.907609 18.071146
175.587407 17.898720
176.269506 17.732082
176.954023 17.571066
177.641075 17.415506
178.330771 17.265227
179.023213 17.120053
179.718499 16.979800
180.416719 16.844285
181.117958 16.713318
181.822294 16.586710
182.529801 16.464269
183.240544 16.345802
183.954586 16.231119
184.671980 16.120029
185.392773 16.012345
186.117009 15.907880
186.844723 15.806451
187.575945 15.707881
188.310698 15.611993
189.049003 15.518617
189.790872 15.427588
190.536313 15.338748
191.285330 15.251943
192.037921 15.167025
192.794079 15.083854
193.553792 15.002295
194.317044 14.922219
195.083813 14.843502
195.854074 14.766027
196.627795 14.689682
197.404941 14.614360
198.185473 14.539959
198.969347 14.466383
199.756514 14.393542
200.546921 14.321348
201.340509 14.249720
202.137215 14.178583
202.936969 14.107864
203.739698 14.037495
204.545323 13.967413
205.353760 13.897559
206.164921 13.827876
206.978712 13.758311
207.795034 13.688816
208.613786 13.619345
209.434861 13.549856
210.258150 13.480310
211.083539 13.410674
211.910911 13.340915
212.740144 13.271007
213.571116 13.200926
214.403697 13.130653
215.237757 13.060169
216.073156 12.989462
216.909754 12.918520
217.747405 12.847337
218.585959 12.775906
219.425263 12.704227
220.265158 12.632303
221.105482 12.560136
221.946068 12.487735
222.786746 12.415108
223.627341 12.342266
224.467676 12.269221
225.307568 12.195987
226.146834 12.122579
226.985284 12.049011
227.822730 11.975302
228.658975 11.901469
229.493824 11.827531
230.327076 11.753506
231.158527 11.679414
231.987971 11.605275
232.815201 11.531111
233.640005 11.456944
234.462172 11.382798
235.281485 11.308696
236.097730 11.234669
236.910687 11.160746
237.720138 11.086963
238.525861 11.013358
239.327636 10.939971
240.125239 10.866848
240.918449 10.794037
241.707043 10.721588
242.490802 10.649557
243.269511 10.578004
244.042954 10.506993
244.810923 10.436593
245.573208 10.366877
246.329607 10.297922
247.079919 10.229812
247.823945 10.162632
248.561491 10.096478
249.292365 10.031448
250.016378 9.967650
250.733342 9.905198
251.443073 9.844210
252.145390 9.784813
252.840114 9.727141
253.527066 9.671335
254.206078 9.617541
254.876986 9.565916
255.539633 9.516620
256.193873 9.469825
256.839566 9.425706
257.476581 9.384447
258.104795 9.346238
258.724094 9.311276
259.334376 9.279763
259.935546 9.251908
260.527518 9.227928
261.110217 9.208044
261.683575 9.192484
262.247533 9.181483
262.802043 9.175279
263.347063 9.174119
263.882561 9.178252
264.408514 9.187934
264.924906 9.203427
265.431732 9.224996
265.928993 9.252911
266.416700 9.287447
266.894869 9.328880
267.363524 9.377492
267.822697 9.433566
268.272426 9.497386
268.712757 9.569234
269.143744 9.649389
269.565446 9.738126
269.977932 9.835718
270.381275 9.942436
270.775556 10.058546
271.160863 10.184313
271.537286 10.319998
271.904923 10.465859
272.263872 10.622151
272.614235 10.789122
272.956116 10.967020
273.289624 11.156087
273.614868 11.356562
273.931963 11.568681
274.241026 11.792677
274.542178 12.028771
274.835545 12.277179
275.121259 12.538105
275.399456 12.811745
275.670278 13.098283
275.933871 13.397893
276.190388 13.710737
276.439986 14.036967
276.682824 14.376720
276.919062 14.730121
277.148861 15.097284
277.372382 15.478306
277.589786 15.873275
277.801234 16.282261
278.006884 16.705324
278.206893 17.142509
278.401419 17.593847
278.590615 18.059355
278.774633 18.539036
278.953623 19.032881
279.127734 19.540865
279.297112 20.062950
279.461904 20.599087
279.622251 21.149211
279.778295 21.713243
279.930174 22.291093
280.078025 22.882656
280.221983 23.487814
280.362179 24.106437
280.498744 24.738381
280.631810 25.383493
280.761502 26.041605
280.887950 26.712541
281.011279 27.396113
281.131612 28.092127
281.249071 28.800385
281.363776 29.520681
281.475845 30.252803
281.585392 30.996536
281.692533 31.751655
281.797379 32.517931
281.900041 33.295131
282.000629 34.083011
282.099250 34.881327
282.196013 35.689823
282.291026 36.508242
282.384395 37.336316
282.476225 38.173775
282.566621 39.020340
282.655686 39.875726
282.743519 40.739647
282.830219 41.611816
282.915876 42.491944
283.000581 43.379744
283.084418 44.274927
283.167471 45.177206
283.249816 46.086295
283.331530 47.001910
283.412686 47.923767
283.493352 48.851588
283.573597 49.785095
283.653487 50.724013
283.733085 51.668070
283.812454 52.617001
283.891656 53.570539
283.970749 54.528427
284.049792 55.490407
284.128843 56.456227
284.207957 57.425641
284.287190 58.398405
284.366593 59.374279
284.446220 60.353029
284.526121 61.334420
284.606345 62.318226
284.686942 63.304221
284.767959 64.292185
284.849443 65.281902
284.931442 66.273159
285.013999 67.265746
285.097159 68.259457
285.180964 69.254087
285.265456 70.249436
285.350672 71.245306
285.436651 72.241503
285.523429 73.237832
285.611039 74.234102
285.699513 75.230121
285.788879 76.225701
285.879164 77.220655
285.970391 78.214797
286.062579 79.207942
286.155744 80.199909
286.249898 81.190519
286.345052 82.179593
286.441206 83.166956
286.538357 84.152436
286.636494 85.135860
286.735598 86.117061
286.835647 87.095870
286.936611 88.072125
287.038456 89.045660
287.141141 90.016313
287.244624 90.983920
287.348855 91.948319
287.453782 92.909349
287.559346 93.866847
287.665484 94.820653
287.772127 95.770605
287.879200 96.716543
287.986627 97.658307
288.094322 98.595738
288.202194 99.528678
288.310145 100.456966
288.418067 101.380444
288.525846 102.298953
288.633362 103.212332
288.740484 104.120424
288.847076 105.023073
288.952992 105.920122
289.058080 106.811418
289.162180 107.696808
289.265123 108.576145
289.366732 109.449283
289.466821 110.316082
289.565198 111.176407
289.661660 112.030126
289.755996 112.877112
289.847986 113.717245
289.937401 114.550413
290.024004 115.376507
290.107549 116.195430
290.187782 117.007088
290.264441 117.811396
290.337257 118.608276
290.405950 119.397654
290.470235 120.179467
290.529821 120.953655
290.584410 121.720167
290.633701 122.478958
290.677385 123.229989
290.715152 123.973229
290.746686 124.708652
290.771669 125.436240
290.789784 126.155980
290.800716 126.867868
290.804156 127.571906
290.799804 128.268106
290.787363 128.956487
290.766542 129.637077
290.737057 130.309910
290.698629 130.975029
290.650982 131.632488
290.593847 132.282344
290.526961 132.924666
290.450062 133.559530
290.362896 134.187019
290.265214 134.807224
290.156770 135.420243
290.037325 136.026183
289.906640 136.625155
289.764489 137.217279
289.610652 137.802684
289.444925 138.381508
289.267113 138.953899
289.077034 139.520010
288.874517 140.080006
288.659404 140.634057
288.431549 141.182338
288.190821 141.725033
287.937097 142.262329
287.670273 142.794418
287.390254 143.321497
287.096960 143.843763
286.790327 144.361417
286.470304 144.874662
286.136853 145.383698
285.789954 145.888729
285.429600 146.389955
285.055802 146.887577
284.668586 147.381790
284.267992 147.872790
283.854078 148.360768
283.426917 148.845915
282.986598 149.328416
282.533226 149.808456
282.066923 150.286216
281.587823 150.761874
281.096077 151.235606
280.591850 151.707583
280.075319 152.177975
279.546678 152.646946
279.006131 153.114657
278.453892 153.581266
277.890188 154.046925
277.315249 154.511781
276.729307 154.975975
276.132599 155.439641
275.525363 155.902906
274.907840 156.365890
274.280278 156.828707
273.642922 157.291460
272.996028 157.754249
272.339850 158.217162
271.674650 158.680281
271.000693 159.143681
270.318252 159.607428
269.627602 160.071580
268.929025 160.536188
268.222811 161.001295
267.509255 161.466939
266.788656 161.933145
266.061314 162.399932
265.327528 162.867304
264.587600 163.335260
263.841830 163.803787
263.090519 164.272862
262.333971 164.742455
261.572488 165.212526
260.806373 165.683027
260.035932 166.153903
259.261469 166.625091
258.483291 167.096522
257.701705 167.568119
256.917018 168.039801
256.129536 168.511478
255.339567 168.983060
254.547415 169.454448
253.753386 169.925540
252.957783 170.396233
252.160908 170.866419
251.363060 171.335985
250.564537 171.804820
249.765634 172.272805
248.966644 172.739822
248.167855 173.205747
247.369554 173.670456
246.572024 174.133822
245.775545 174.595717
244.980393 175.056012
244.186838 175.514575
243.395149 175.971276
242.605589 176.425984
241.818418 176.878568
241.033892 177.328901
240.252267 177.776853
239.473793 178.222302
238.698722 178.665126
237.927301 179.105208
237.159776 179.542433
236.396389 179.976691
235.637377 180.407879
234.882975 180.835896
234.133411 181.260649
233.388907 181.682048
232.649678 182.100009
231.915932 182.514457
231.187867 182.925317
230.465674 183.332526
229.749530 183.736023
229.039605 184.135755
228.336057 184.531675
227.639036 184.923744
226.948680 185.311932
226.265118 185.696215
225.588467 186.076575
224.918832 186.453004
224.256304 186.825501
223.600964 187.194072
222.952877 187.558731
222.312094 187.919498
221.678651 188.276404
221.052568 188.629485
220.433847 188.978789
219.822474 189.324368
219.218419 189.666285
218.621636 190.004609
218.032062 190.339416
217.449618 190.670793
216.874209 190.998828
216.305722 191.323619
215.744030 191.645269
215.188990 191.963889
214.640442 192.279596
214.098214 192.592514
213.562118 192.902773
213.031950 193.210510
212.507494 193.515866
211.988521 193.818988
211.474791 194.120024
210.966052 194.419131
210.462040 194.716463
209.962484 195.012182
209.467103 195.306448
208.975607 195.599423
208.487702 195.891270
208.003084 196.182150
207.521445 196.472225
207.042474 196.761655
206.565852 197.050597
206.091261 197.339208
205.618378 197.627640
205.146881 197.916042
204.676446 198.204561
204.206749 198.493338
203.737473 198.782511
203.268302 199.072211
202.798926 199.362567
202.329038 199.653699
201.858340 199.945723
201.386538 200.238749
200.913344 200.532877
200.438479 200.828205
199.961672 201.124819
199.482658 201.422800
199.001185 201.722221
198.517006 202.023145
198.029887 202.325628
197.539604 202.629717
197.045944 202.935450
196.548705 203.242855
196.047700 203.551952
195.542757 203.862746
195.033717 204.175234
194.520439 204.489402
194.002796 204.805223
193.480678 205.122661
192.953989 205.441669
192.422648 205.762187
191.886590 206.084149
191.345765 206.407475
190.800138 206.732079
190.249690 207.057859
189.694413 207.384708
189.134316 207.712504
188.569421 208.041118
187.999762 208.370410
187.425387 208.700232
186.846352 209.030427
186.262728 209.360828
185.674592 209.691263
185.082032 210.021552
184.485142 210.351510
183.884022 210.680943
183.278781 211.009656
182.669529 211.337447
182.056379 211.664111
181.439449 211.989440
180.818856 212.313223
180.194718 212.635245
179.567152 212.955293
178.936275 213.273151
178.302198 213.588602
177.665035 213.901428
177.024889 214.211415
176.381862 214.518345
175.736047 214.822006
175.087530 215.122184
174.436393 215.418670
173.782710 215.711258
173.126549 215.999745
172.467969 216.283935
171.807025 216.563633
171.143762 216.838654
170.478221 217.108815
169.810432 217.373943
169.140421 217.633869
168.468206 217.888436
167.793797 218.137490
167.117199 218.380889
166.438409 218.618498
165.757414 218.850191
165.074197 219.075854
164.388727 219.295381
163.700967 219.508677
163.010872 219.715659
162.318390 219.916250
161.623458 220.110388
160.926010 220.298016
160.225971 220.479092
159.523260 220.653579
158.817791 220.821454
158.109473 220.982701
157.398210 221.137316
156.683902 221.285305
155.966445 221.426683
155.245733 221.561475
154.521658 221.689713
153.794111 221.811442
153.062984 221.926711
152.328168 222.035583
151.589554 222.138123
150.847041 222.234408
150.100525 222.324521
149.349911 222.408552
148.595109 222.486598
147.836032 222.558761
147.072606 222.625153
146.304761 222.685889
145.532439 222.741092
144.755591 222.790889
143.974179 222.835414
143.188174 222.874804
142.397560 222.909204
141.602332 222.938760
140.802498 222.963627
139.998079 222.983962
139.189106 222.999927
138.375625 223.011688
137.557692 223.019412
136.735377 223.023274
135.908758 223.023449
135.077931 223.020114
134.243000 223.013451
133.404083 223.003644
132.561311 222.990876
131.714827 222.975337
130.864783 222.957213
130.011346 222.936696
129.154692 222.913976
128.295011 222.889246
127.432503 222.862700
126.567382 222.834532
125.699870 222.804939
124.830204 222.774118
123.958632 222.742268
123.085410 222.709588
122.210808 222.676281
121.335105 222.642550
120.458591 222.608602
119.581564 222.574643
118.704332 222.540884
117.827212 222.507537
116.950528 222.474817
116.074611 222.442942
115.199800 222.412130
114.326437 222.382606
113.454871 222.354593
112.585454 222.328322
111.718542 222.304024
110.854492 222.281933
109.993664 222.262289
109.136418 222.245334
108.283111 222.231313
107.434103 222.220476
106.589747 222.213075
105.750398 222.209368
104.916402 222.209613
104.088104 222.214073
103.265839 222.223013
102.449939 222.236700
101.640729 222.255406
100.838527 222.279404
100.043645 222.308968
99.256388 222.344374
98.477053 222.385901
97.705930 222.433825
96.943301 222.488426
96.189441 222.549982
95.444617 222.618774
94.709090 222.695078
93.983111 222.779173
93.266922 222.871333
92.560756 222.971831
91.864836 223.080937
91.179377 223.198916
90.504581 223.326033
89.840640 223.462547
89.187737 223.608714
88.546042 223.764784
87.915713 223.931004
87.296897 224.107614
86.689728 224.294847
86.094326 224.492932
85.510798 224.702087
84.939239 224.922528
84.379727 225.154458
83.832329 225.398076
83.297094 225.653571
82.774058 225.921123
82.263240 226.200902
81.764645 226.493071
81.278264 226.797780
80.804073 227.115171
80.342032 227.445373
79.892090 227.788507
79.454180 228.144682
79.028223 228.513999
78.614127 228.896544
78.211787 229.292395
77.821089 229.701616
77.441905 230.124262
77.074099 230.560374
76.717524 231.009983
76.372024 231.473108
76.037436 231.949755
75.713586 232.439920
75.400297 232.943584
75.097381 233.460719
74.804647 233.991284
74.521898 234.535225
74.248932 235.092479
73.985541 235.662970
73.731513 236.246610
73.486630 236.843302
73.250669 237.452940
73.023405 238.075404
72.804604 238.710566
72.594033 239.358288
72.391451 240.018421
72.196615 240.690809
72.009277 241.375287
71.829189 242.071680
71.656099 242.779809
71.489753 243.499488
71.329897 244.230522
71.176274 244.972713
71.028630 245.725852
70.886707 246.489728
70.750251 247.264124
70.619006 248.048819
70.492720 248.843586
70.371140 249.648197
70.254018 250.462419
70.141110 251.286018
70.032174 252.118757
69.926972 252.960396
69.825273 253.810695
69.726852 254.669412
69.631487 255.536306
69.538965 256.411134
69.449079 257.293654
69.361629 258.183625
69.276423 259.080806
69.193274 259.984957
69.112005 260.895840
69.032444 261.813216
68.954430 262.736851
68.877806 263.666508
68.802425 264.601957
68.728146 265.542967
68.654834 266.489309
68.582362 267.440758
68.510610 268.397091
68.439465 269.358088
68.368818 270.323530
68.298569 271.293204
68.228622 272.266898
68.158888 273.244406
68.089283 274.225525
68.019727 275.210056
67.950145 276.197803
67.880466 277.188576
67.810626 278.182190
67.740565 279.178460
67.670227 280.177208
67.599562 281.178260
67.528526 282.181445
67.457080 283.186597
67.385187 284.193557
67.312818 285.202167
67.239948 286.212275
67.166556 287.223733
67.092628 288.236396
67.018153 289.250123
66.943125 290.264777
66.867543 291.280226
66.791411 292.296342
66.714737 293.313000
66.637534 294.330079
66.559821 295.347460
66.481618 296.365028
66.402952 297.382670
66.323853 298.400277
66.244354 299.417741
66.164491 300.434957
66.084304 301.451823
66.003833 302.468238
65.923121 303.484100
65.842214 304.499312
65.761158 305.513777
65.679999 306.527397
65.598786 307.540079
65.517566 308.551725
65.436386 309.562244
65.355292 310.571542
65.274328 311.579527
65.193539 312.586107
65.112964 313.591191
65.032647 314.594690
64.952627 315.596512
64.872941 316.596572
64.793627 317.594780
64.714721 318.591050
64.636257 319.585297
64.558269 320.577435
64.480789 321.567383
64.403849 322.555058
64.327478 323.540380
64.251706 324.523270
64.176562 325.503650
64.102076 326.481443
64.028275 327.456574
63.955188 328.428971
63.882840 329.398561
63.811258 330.365279
63.740466 331.329060
63.670489 332.289840
63.601349 333.247562
63.533068 334.202170
63.465666 335.153612
63.399164 336.101842
63.333577 337.046816
63.268921 337.988497
63.205208 338.926852
63.142446 339.861853
63.080643 340.793477
63.019801 341.721710
62.959919 342.646541
62.900994 343.567968
62.843019 344.485996
62.785980 345.400639
62.729864 346.311916
62.674650 347.219853
62.620318 348.124487
62.566842 349.025859
62.514195 349.924019
62.462344 350.819024
62.411257 351.710941
62.360898 352.599843
62.311232 353.485812
62.262220 354.368939
62.213824 355.249320
62.166006 356.127060
62.118727 357.002274
62.071953 357.875079
62.025648 358.745603
61.979780 359.613979
61.934317 360.480346
61.889230 361.344850
61.844491 362.207639
61.800073 363.068869
61.755954 363.928698
61.712108 364.787289
61.668514 365.644809
61.625150 366.501425
61.581996 367.357308
61.539032 368.212629
61.496240 369.067560
61.453599 369.922276
61.411091 370.776948
61.368695 371.631750
61.326390 372.486852
61.284156 373.342425
61.241971 374.198633
61.199811 375.055640
61.157652 375.913603
61.115470 376.772677
61.073239 377.633009
61.030932 378.494741
60.988521 379.358004
60.945978 380.222926
60.903277 381.089621
60.860389 381.958196
60.817289 382.828748
60.773954 383.701362
60.730360 384.576113
60.686489 385.453063
60.642327 386.332261
60.597865 387.213741
60.553099 388.097522
60.508028 388.983611
60.462657 389.871998
60.416994 390.762662
60.371053 391.655564
60.324852 392.550653
60.278413 393.447865
60.231761 394.347118
60.184926 395.248318
60.137941 396.151354
60.090841 397.056103
60.043665 397.962425
59.996453 398.870168
59.949247 399.779163
59.902094 400.689227
59.855042 401.600162
59.808143 402.511755
59.761449 403.423779
59.715016 404.335993
59.668902 405.248143
59.623168 406.159961
59.577877 407.071171
59.533097 407.981484
59.488898 408.890599
59.445356 409.798207
59.402550 410.703990
59.360563 411.607621
59.319486 412.508767
59.279412 413.407086
59.240444 414.302234
59.202688 415.193857
59.166261 416.081601
59.131284 416.965106
59.097889 417.844010
59.066214 418.717950
59.036407 419.586560
59.008625 420.449475
58.983033 421.306332
58.959806 422.156767
58.939131 423.000422
58.921200 423.836940
58.906217 424.665970
58.894395 425.487170
58.885953 426.300199
58.881120 427.104726
58.880130 427.900427
58.883225 428.686986
58.890647 429.464096
58.902638 430.231465
58.919439 430.988809
58.941293 431.735859
58.968443 432.472356
59.001132 433.198053
59.039605 433.912715
59.084105 434.616119
59.134878 435.308054
59.192170 435.988320
59.256229 436.656730
59.327302 437.313109
59.405641 437.957296
59.491498 438.589140
59.585128 439.208504
59.686788 439.815262
59.796732 440.409307
59.915214 440.990545
60.042485 441.558899
60.178793 442.114310
60.324384 442.656737
60.479502 443.186155
60.644384 443.702554
60.819267 444.205943
61.004381 444.696345
61.199951 445.173800
61.406196 445.638362
61.623330 446.090102
61.851559 446.529105
62.091082 446.955468
62.342092 447.369304
62.604770 447.770738
62.879290 448.159908
63.165815 448.536961
63.464499 448.902060
63.775484 449.255373
64.098900 449.597084
64.434865 449.927381
64.783486 450.246466
65.144856 450.554547
65.519053 450.851840
65.906141 451.138568
66.306171 451.414961
66.719176 451.681253
67.145177 451.937686
67.584178 452.184502
68.036170 452.421952
68.501127 452.650286
68.979011 452.869761
69.469770 453.080635
69.973342 453.283166
70.489658 453.477614
71.018642 453.664236
71.560205 453.843291
72.114253 454.015039
72.680680 454.179738
73.259370 454.337647
73.850199 454.489028
74.453032 454.634139
75.067723 454.773242
75.694118 454.906596
76.332048 455.034462
76.981335 455.157100
77.641790 455.274770
78.313212 455.387731
78.995387 455.496243
79.688095 455.600561
80.391110 455.700936
81.104195 455.797615
81.827110 455.890838
82.559606 455.980840
83.301429 456.067853
84.052320 456.152099
84.812015 456.233797
85.580244 456.313161
86.356736 456.390398
87.141213 456.465711
87.933395 456.539296
88.732999 456.611343
89.539740 456.682040
90.353331 456.751568
91.173484 456.820103
91.999908 456.887817
92.832315 456.954878
93.670415 457.021449
94.513916 457.087690
95.362532 457.153757
96.215973 457.219803
97.073956 457.285978
97.936195 457.352428
98.802412 457.419298
99.672328 457.486728
100.545671 457.554859
101.422171 457.623826
102.301564 457.693766
103.183588 457.764812
104.067988 457.837095
104.954512 457.910745
105.842914 457.985889
106.732952 458.062655
107.624387 458.141168
108.516984 458.221550
109.410512 458.303925
110.304741 458.388413
111.199449 458.475132
112.094415 458.564199
112.989424 458.655727
113.884263 458.749826
114.778726 458.846604
115.672609 458.946164
116.565715 459.048607
117.457849 459.154029
118.348823 459.262523
119.238453 459.374179
120.126560 459.489080
121.012969 459.607306
121.897511 459.728931
122.780017 459.854029
123.660324 459.982666
124.538272 460.114906
125.413704 460.250808
126.286467 460.390428
127.156411 460.533813
128.023389 460.681009
128.887257 460.832056
129.747876 460.986985
130.605107 461.145824
131.458817 461.308595
132.308875 461.475312
133.155152 461.645983
133.997524 461.820609
134.835866 461.999184
135.670059 462.181697
136.499985 462.368126
137.325528 462.558442
138.146578 462.752611
138.963024 462.950587
139.774759 463.152314
140.581679 463.357730
141.383679 463.566761
142.180661 463.779322
142.972524 463.995321
143.759174 464.214652
144.540515 464.437200
145.316457 464.662839
146.086911 464.891428
146.851789 465.122819
147.611007 465.356847
148.364483 465.593339
149.112138 465.832108
149.853896 466.072955
150.589683 466.315670
151.319432 466.560032
152.043077 466.805806
152.760557 467.052747
153.471817 467.300598
154.176806 467.549093
154.875477 467.797953
155.567793 468.046890
156.253719 468.295606
156.933230 468.543794
157.606308 468.791135
158.272940 469.037306
158.933123 469.281972
159.586859 469.524792
160.234162 469.765418
160.875051 470.003495
161.509558 470.238665
162.137720 470.470562
162.759583 470.698816
163.375204 470.923053
163.984643 471.142896
164.587974 471.357965
165.185275 471.567875
165.776632 471.772243
166.362140 471.970683
166.941901 472.162808
167.516023 472.348231
168.084623 472.526567
168.647825 472.697429
169.205760 472.860433
169.758567 473.015198
170.306388 473.161343
170.849376 473.298491
171.387686 473.426269
171.921480 473.544308
172.450928 473.652243
172.976201 473.749716
173.497480 473.836377
174.014947 473.911882
174.528791 473.975895
175.039206 474.028091
175.546388 474.068153
176.050538 474.095778
176.551862 474.110673
177.050567 474.112559
177.546864 474.101171
178.040967 474.076259
178.533093 474.037588
179.023462 473.984937
179.512291 473.918103
179.999804 473.836898
180.486220 473.741152
180.971760 473.630711
181.456645 473.505439
181.941094 473.365218
182.425322 473.209948
182.909544 473.039545
183.393969 472.853945
183.878803 472.653101
184.364246 472.436982
184.850491 472.205579
185.337728 471.958897
185.826139 471.696961
186.315897 471.419810
186.807172 471.127502
187.300123 470.820110
187.794901 470.497721
188.291651 470.160438
188.790507 469.808380
189.291598 469.441679
189.795044 469.060481
190.300956 468.664944
190.809438 468.255243
191.320588 467.831561
191.834493 467.394096
192.351235 466.943057
192.870887 466.478665
193.393512 466.001152
193.919166 465.510762
194.447893 465.007751
194.979727 464.492383
195.514697 463.964934
196.052818 463.425689
196.594101 462.874942
197.138544 462.312995
197.686142 461.740160
198.236876 461.156752
198.790725 460.563095
199.347654 459.959518
199.907627 459.346355
200.470595 458.723942
201.036505 458.092620
201.605297 457.452730
202.176901 456.804616
202.751238 456.148618
203.328222 455.485081
203.907756 454.814345
204.489732 454.136751
205.074034 453.452637
205.660536 452.762337
206.249101 452.066187
206.839583 451.364515
207.431825 450.657651
208.025659 449.945918
208.620908 449.229635
209.217386 448.509120
209.814895 447.784685
210.413229 447.056638
211.012173 446.325285
211.611504 445.590923
212.210988 444.853847
212.810386 444.114346
213.409447 443.372704
214.007914 442.629199
214.605520 441.884108
215.201991 441.137699
215.797042 440.390240
216.390382 439.641992
216.981709 438.893214
217.570714 438.144162
218.157078 437.395086
218.740471 436.646236
219.320557 435.897858
219.896986 435.150194
220.469405 434.403485
221.037445 433.657965
221.600735 432.913867
222.158891 432.171418
222.711528 431.430840
223.258257 430.692349
223.798685 429.956155
224.332413 429.222465
224.859038 428.491478
225.378155 427.763392
225.889349 427.038398
226.392205 426.316685
226.886299 425.598436
227.371201 424.883833
227.846479 424.173051
228.311690 423.466267
228.766389 422.763650
229.210122 422.065370
229.642430 421.371596
230.062851 420.682493
230.470927 419.998223
230.866200 419.318949
231.248212 418.644827
231.616514 417.976015
231.970658 417.312666
232.310204 416.654933
232.634719 416.002967
232.943777 415.356911
233.236960 414.716910
233.513862 414.083103
233.774086 413.455625
234.017245 412.834611
234.242965 412.220187
234.450883 411.612478
234.640649 411.011605
234.811927 410.417685
234.964391 409.830829
235.097732 409.251147
235.211652 408.678742
235.305871 408.113714
235.380121 407.556156
235.434152 407.006159
235.467728 406.463806
235.480633 405.929176
235.472667 405.402341
235.443646 404.883366
235.393409 404.372313
235.321811 403.869232
235.228728 403.374171
235.114055 402.887167
234.977708 402.408254
234.819622 401.937458
234.639755 401.474798
234.438082 401.020289
234.214597 400.573941
233.969308 400.135762
233.702241 399.705752
233.413440 399.283910
233.102968 398.870229
232.770904 398.464694
232.417347 398.067288
232.042418 397.677986
231.646254 397.296758
231.229015 396.923571
230.790881 396.558383
230.332056 396.201149
229.852761 395.851817
229.353244 395.510331
228.833772 395.176626
228.294631 394.850637
227.736122 394.532290
227.158562 394.221510
226.562283 393.918215
225.947628 393.622322
225.314955 393.333741
224.664631 393.052379
223.997037 392.778138
223.312562 392.510920
222.611607 392.250621
221.894581 391.997135
221.161901 391.750353
220.413992 391.510165
219.651288 391.276456
218.874229 391.049109
218.083261 390.828007
217.278839 390.613026
216.461421 390.404044
215.631475 390.200934
214.789471 390.003568
213.935887 389.811813
213.071206 389.625537
212.195914 389.444603
211.310500 389.268872
210.415461 389.098203
209.511293 388.932451
208.598495 388.771470
207.677572 388.615111
206.749028 388.463223
205.813368 388.315652
204.871101 388.172244
203.922736 388.032841
202.968782 387.897282
202.009750 387.765408
201.046148 387.637052
200.078491 387.512048
199.107289 387.390225
198.133058 387.271410
197.156310 387.155426
196.177557 387.042096
195.197312 386.931238
194.216086 386.822669
193.234385 386.716204
192.252718 386.611656
191.271585 386.508834
190.291486 386.407545
189.312916 386.307591
188.336363 386.208773
187.362312 386.110886
186.391240 386.013726
185.423619 385.917079
184.459917 385.820732
183.500595 385.724463
182.546111 385.628047
181.596915 385.531254
180.653452 385.433849
179.716162 385.335593
178.785478 385.236239
177.861824 385.135538
176.945622 385.033233
176.037284 384.929064
175.137215 384.822765
174.245813 384.714065
173.363469 384.602689
172.490565 384.488356
171.627473 384.370783
170.774557 384.249679
169.932171 384.124754
169.100658 383.995713
168.280350 383.862257
167.471566 383.724090
166.674618 383.580911
165.889802 383.432419
165.117403 383.278314
164.357695 383.118299
163.610936 382.952073
162.877373 382.779343
162.157238 382.599814
161.450748 382.413195
160.758106 382.219198
160.079499 382.017538
159.415099 381.807933
158.765062 381.590108
158.129527 381.363787
157.508616 381.128704
156.902438 380.884593
156.311082 380.631196
155.734621 380.368260
155.173112 380.095538
154.626596 379.812787
154.095099 379.519773
153.578629 379.216265
153.077177 378.902040
152.590721 378.576882
152.119220 378.240582
151.662622 377.892937
151.220856 377.533754
150.793840 377.162849
150.381475 376.780045
149.983651 376.385176
149.600243 375.978084
149.231116 375.558622
148.876120 375.126655
148.535093 374.682057
148.207866 374.224715
147.894253 373.754527
147.594061 373.271404
147.307086 372.775267
147.033115 372.266053
146.771926 371.743708
146.523285 371.208195
146.286954 370.659487
146.062682 370.097571
145.850214 369.522448
145.649287 368.934131
145.459631 368.332647
145.280972 367.718036
145.113030 367.090349
144.955524 366.449650
144.808167 365.796015
144.670671 365.129528
144.542745 364.450286
144.424097 363.758395
144.314432 363.053971
144.213456 362.337136
144.120876 361.608022
144.036399 360.866768
143.959733 360.113520
143.890590 359.348432
143.828682 358.571660
143.773728 357.783370
143.725447 356.983732
143.683568 356.172920
143.647820 355.351113
143.617942 354.518494
143.593675 353.675251
143.574768 352.821573
143.560977 351.957655
143.552062 351.083693
143.547790 350.199886
143.547934 349.306436
143.552275 348.403549
143.560599 347.491431
143.572701 346.570291
143.588382 345.640340
143.607451 344.701791
143.629723 343.754858
143.655020 342.799757
143.683171 341.836703
143.714012 340.865915
143.747384 339.887610
143.783136 338.902006
143.821123 337.909322
143.861205 336.909774
143.903251 335.903581
143.947133 334.890959
143.992730 333.872125
144.039927 332.847292
144.088615 331.816675
144.138691 330.780487
144.190055 329.738937
144.242615 328.692235
144.296286 327.640589
144.350985 326.584202
144.406637 325.523279
144.463169 324.458020
144.520515 323.388626
144.578612 322.315294
144.637400 321.238220
144.696825 320.157598
144.756834 319.073622
144.817378 317.986483
144.878414 316.896372
144.939897 315.803478
145.001790 314.707993
145.064055 313.610105
145.126657 312.510004
145.189565 311.407881
145.252749 310.303927
145.316181 309.198334
145.379835 308.091296
145.443686 306.983008
145.507709 305.873667
145.571882 304.763473
145.636182 303.652627
145.700585 302.541334
145.765070 301.429801
145.829614 300.318238
145.894197 299.206859
145.958797 298.095877
146.023393 296.985511
146.087961 295.875981
146.152480 294.767512
146.216923 293.660329
146.281265 292.554664
146.345478 291.450746
146.409532 290.348810
146.473396 289.249092
146.537034 288.151831
146.600411 287.057267
146.663488 285.965644
146.726224 284.877205
146.788574 283.792198
146.850490 282.710872
146.911924 281.633478
146.972821 280.560270
147.033124 279.491501
147.092772 278.427425
147.151701 277.368301
147.209840 276.314385
147.267118 275.265935
147.323457 274.223212
147.378773 273.186475
147.432982 272.155983
147.485990 271.131997
147.537701 270.114777
147.588014 269.104581
147.636821 268.101668
147.684011 267.106296
147.729465 266.118721
147.773060 265.139198
147.814666 264.167980
147.854148 263.205320
147.891365 262.251464
147.926169 261.306658
147.958405 260.371142
147.987912 259.445153
148.014523 258.528923
148.038061 257.622680
148.058345 256.726644
148.075184 255.841031
148.088383 254.966049
148.097737 254.101902
148.103035 253.248783
148.104060 252.406880
148.100589 251.576370
148.092392 250.757425
148.079234 249.950208
148.060873 249.154871
148.037062 248.371561
148.007551 247.600415
147.972083 246.841561
147.930401 246.095116
147.882242 245.361190
147.827342 244.639884
147.765434 243.931288
147.696248 243.235483
147.619515 242.552543
147.534964 241.882529
147.442325 241.225495
147.341329 240.581485
147.231706 239.950532
147.113189 239.332661
146.985514 238.727886
146.848416 238.136209
146.701638 237.557625
146.544923 236.992117
146.378021 236.439661
146.200687 235.900219
146.012681 235.373747
145.813768 234.860188
145.603720 234.359475
145.382317 233.871533
145.149344 233.396275
144.904595 232.933607
144.647872 232.483421
144.378985 232.045603
144.097754 231.620029
143.804008 231.206563
143.497589 230.805065
143.178346 230.415382
142.846144 230.037356
142.500857 229.670820
142.142376 229.315599
141.770603 228.971513
141.385455 228.638377
140.986865 228.315996
140.574782 228.004173
140.149169 227.702704
139.710011 227.411383
139.257306 227.129997
138.791073 226.858332
138.311351 226.596170
137.818196 226.343290
137.311684 226.099470
136.791910 225.864485
136.258985 225.638109
135.713042 225.420116
135.154230 225.210278
134.582717 225.008369
133.998688 224.814162
133.402345 224.627431
132.793906 224.447951
132.173607 224.275500
131.541699 224.109856
130.898448 223.950800
130.244136 223.798116
129.579059 223.651592
128.903528 223.511019
128.217864 223.376193
127.522403 223.246915
126.817493 223.122991
126.103492 223.004233
125.380771 222.890458
124.649709 222.781491
123.910697 222.677164
123.164137 222.577314
122.410437 222.481787
121.650014 222.390437
120.883294 222.303128
120.110711 222.219730
119.332705 222.140124
118.549725 222.064203
117.762226 221.991864
116.970669 221.923020
116.175521 221.857590
115.377255 221.795506
114.576349 221.736707
113.773284 221.681146
112.968544 221.628783
112.162617 221.579591
111.355991 221.533551
110.549154 221.490655
109.742593 221.450905
108.936795 221.414314
108.132242 221.380904
107.329413 221.350709
106.528782 221.323771
105.730815 221.300143
104.935972 221.279888
104.144705 221.263076
103.357452 221.249789
102.574643 221.240117
101.796694 221.234156
101.024008 221.232014
100.256978 221.233804
99.495979 221.239648
98.741377 221.249675
97.993522 221.264018
97.252751 221.282817
96.519386 221.306213
95.793738 221.334355
95.076098 221.367391
94.366746 221.405475
93.665947 221.448759
92.973950 221.497398
92.290986 221.551546
91.617276 221.611355
90.953020 221.676979
90.298409 221.748563
89.653612 221.826252
89.018789 221.910184
88.394081 222.000493
87.779614 222.097305
87.175498 222.200740
86.581827 222.310909
85.998678 222.427916
85.426112 222.551853
84.864174 222.682802
84.312890 222.820836
83.772270 222.966012
83.242306 223.118378
82.722971 223.277969
82.214221 223.444808
81.715993 223.618904
81.228205 223.800255
80.750756 223.988846
80.283524 224.184648
79.826371 224.387620
79.379138 224.597708
78.941648 224.814843
78.513704 225.038945
78.095092 225.269918
77.685581 225.507655
77.284921 225.752031
76.892847 226.002909
76.509078 226.260138
76.133319 226.523551
75.765258 226.792969
75.404570 227.068197
75.050920 227.349027
74.703958 227.635237
74.363326 227.926591
74.028657 228.222840
73.699572 228.523718
73.375685 228.828951
73.056602 229.138249
72.741922 229.451311
72.431233 229.767823
72.124121 230.087465
71.820159 230.409905
71.518920 230.734805
71.219969 231.061819
70.922869 231.390593
70.627179 231.720769
70.332453 232.051987
70.038247 232.383880
69.744113 232.716079
69.449603 233.048214
69.154267 233.379917
68.857659 233.710819
68.559330 234.040554
68.258834 234.368762
67.955725 234.695085
67.649561 235.019171
67.339904 235.340675
67.026319 235.659262
66.708375 235.974603
66.385649 236.286381
66.057720 236.594290
65.724178 236.898035
65.384618 237.197334
65.038643 237.491914
64.685864 237.781517
64.325904 238.065895
63.958396 238.344814
63.582986 238.618052
63.199330 238.885399
62.807101 239.146659
62.405983 239.401648
61.995677 239.650195
61.575901 239.892142
61.146387 240.127345
60.706886 240.355674
60.257167 240.577010
59.797017 240.791249
59.326240 240.998303
58.844661 241.198093
58.352124 241.390557
57.848494 241.575645
57.333655 241.753321
56.807512 241.923564
56.269991 242.086363
55.721037 242.241725
55.160617 242.389669
54.588718 242.530229
54.005350 242.663452
53.410542 242.789399
52.804346 242.908142
52.186839 243.019767
51.558115 243.124370
50.918293 243.222058
50.267512 243.312950
49.605930 243.397173
48.933728 243.474864
48.251104 243.546168
47.558276 243.611241
46.855481 243.670241
46.142973 243.723339
45.421024 243.770708
44.689923 243.812526
43.949975 243.848976
43.201503 243.880245
42.444845 243.906523
41.680353 243.928000
40.908395 243.944872
40.129352 243.957333
39.343619 243.965579
38.551602 243.969807
37.753720 243.970213
36.950404 243.966994
36.142096 243.960345
35.329246 243.950462
34.512319 243.937543
33.691782 243.921782
32.868115 243.903376
32.041802 243.882520
31.213333 243.859411
30.383204 243.834245
29.551915 243.807219
28.719968 243.778530
27.887868 243.748378
27.056122 243.716961
26.225235 243.684479
25.395713 243.651136
24.568058 243.617132
23.742773 243.582674
22.920354 243.547967
22.101293 243.513221
21.286078 243.478645
20.475187 243.444451
19.669093 243.410855
18.868260 243.378072
18.073139 243.346320
17.284173 243.315818
16.501792 243.286787
15.726412 243.259450
14.958435 243.234030
14.198248 243.210755
13.446221 243.189852
12.702707 243.171554
11.968042 243.156093
11.242544 243.143706
10.526513 243.134632
9.820229 243.129115
9.123957 243.127400
8.437940 243.129739
7.762408 243.136385
7.097569 243.147596
6.443617 243.163636
5.800724 243.184773
5.169050 243.211279
4.548733 243.243433
3.939896 243.281517
3.342644 243.325819
2.757068 243.376632
2.183240 243.434252
1.621221 243.498978
1.071054 243.571115
0.532770 243.650971
0.006386 243.738854
-0.508096 243.835078
-1.010686 243.939955
-1.501408 244.053802
-1.980299 244.176933
-2.447407 244.309666
-2.902795 244.452315
-3.346536 244.605195
-3.778714 244.768618
-4.199426 244.942895
-4.608781 245.128333
-5.006896 245.325234
-5.393901 245.533900
-5.769936 245.754623
-6.135151 245.987693
-6.489706 246.233395
-6.833770 246.492003
-7.167521 246.763788
-7.491147 247.049012
-7.804842 247.347929
-8.108810 247.660784
-8.403259 247.987815
-8.688403 248.329248
-8.964461 248.685304
-9.231655 249.056189
-9.490209 249.442104
-9.740348 249.843236
-9.982301 250.259763
-10.216292 250.691852
-10.442547 251.139656
-10.661291 251.603320
-10.872743 252.082974
-11.077122 252.578734
-11.274642 253.090706
-11.465514 253.618980
-11.649943 254.163630
-11.828136 254.724718
-12.000290 255.302290
-12.166603 255.896377
-12.327267 256.506994
-12.482471 257.134140
-12.632398 257.777799
-12.777231 258.437937
-12.917144 259.114504
-13.052311 259.807435
-13.182901 260.516647
-13.309082 261.242043
-13.431017 261.983511
-13.548868 262.740920
-13.662795 263.514126
-13.772958 264.302970
-13.879510 265.107279
-13.982608 265.926865
-14.082403 266.761526
-14.179045 267.611047
-14.272680 268.475202
-14.363455 269.353748
-14.451510 270.246436
-14.536986 271.153002
-14.620019 272.073174
-14.700741 273.006668
-14.779282 273.953191
-14.855766 274.912439
-14.930314 275.884102
-15.003042 276.867857
-15.074061 277.863378
-15.143476 278.870325
-15.211387 279.888356
-15.277889 280.917120
-15.343069 281.956257
-15.407012 283.005402
-15.469794 284.064186
-15.531489 285.132229
-15.592165 286.209149
-15.651887 287.294555
-15.710715 288.388053
-15.768706 289.489243
-15.825914 290.597719
-15.882391 291.713073
-15.938184 292.834891
-15.993340 293.962755
-16.047904 295.096245
-16.101921 296.234938
-16.155434 297.378409
-16.208486 298.526230
-16.261122 299.677974
-16.313384 300.833210
-16.365315 301.991507
-16.416961 303.152434
-16.468366 304.315560
-16.519577 305.480451
-16.570641 306.646675
-16.621607 307.813801
-16.672527 308.981395
-16.723454 310.149026
-16.774440 311.316261
-16.825544 312.482668
-16.876821 313.647817
-16.928333 314.811275
-16.980140 315.972613
-17.032307 317.131401
-17.084899 318.287211
-17.137983 319.439614
-17.191630 320.588184
-17.245913 321.732496
-17.300908 322.872124
-17.356692 324.006646
-17.413348 325.135639
-17.470962 326.258682
-17.529624 327.375358
-17.589426 328.485250
-17.650468 329.587943
-17.712854 330.683028
-17.776694 331.770097
-17.842103 332.848746
-17.909204 333.918576
-17.978126 334.979191
-18.049005 336.030202
-18.121984 337.071224
-18.197214 338.101879
-18.274856 339.121794
-18.355076 340.130605
-18.438050 341.127955
-18.523959 342.113494
-18.612996 343.086883
-18.705358 344.047792
-18.801252 344.995900
-18.900893 345.930896
-19.004504 346.852478
-19.112313 347.760357
-19.224557 348.654250
-19.341479 349.533887
-19.463327 350.399008
-19.590353 351.249363
-19.722815 352.084712
-19.860972 352.904829
-20.005087 353.709495
-20.155424 354.498504
-20.312250 355.271666
-20.475832 356.028796
-20.646438 356.769729
-20.824334 357.494310
-21.009787 358.202398
-21.203061 358.893866
-21.404420 359.568604
-21.614123 360.226513
-21.832430 360.867514
-22.059595 361.491543
-22.295872 362.098554
-22.541508 362.688517
-22.796748 363.261419
-23.061831 363.817265
-23.336994 364.356076
-23.622468 364.877894
-23.918481 365.382774
-24.225255 365.870792
-24.543004 366.342039
-24.871939 366.796626
-25.212263 367.234677
-25.564172 367.656333
-25.927855 368.061753
-26.303491 368.451109
-26.691250 368.824587
-27.091293 369.182388
-27.503768 369.524727
-27.928814 369.851832
-28.366557 370.163943
-28.817110 370.461313
-29.280574 370.744204
-29.757035 371.012890
-30.246565 371.267652
-30.749220 371.508782
-31.265044 371.736579
-31.794063 371.951347
-32.336289 372.153398
-32.891718 372.343046
-33.460329 372.520614
-34.042085 372.686426
-34.636932 372.840809
-35.244801 372.984094
-35.865607 373.116617
-36.499247 373.238713
-37.145608 373.350721
-37.804558 373.452983
-38.475955 373.545839
-39.159643 373.629634
-39.855452 373.704711
-40.563205 373.771412
-41.282713 373.830081
-42.013774 373.881058
-42.756180 373.924681
-43.509713 373.961288
-44.274147 373.991211
-45.049250 374.014780
-45.834782 374.032321
-46.630499 374.044153
-47.436149 374.050590
-48.251476 374.051941
-49.076219 374.048501
-49.910115 374.040564
-50.752894 374.028412
-51.604287 374.012319
-52.464018 373.992551
-53.331811 373.969363
-54.207387 373.943000
-55.090463 373.913700
-55.980757 373.881687
-56.877987 373.847179
-57.781869 373.810381
-58.692118 373.771490
-59.608453 373.730693
-60.530592 373.688166
-61.458258 373.644076
-62.391175 373.598581
-63.329076 373.551828
-64.271696 373.503954
-65.218777 373.455086
-66.170069 373.405342
-67.125329 373.354831
-68.084325 373.303653
-69.046832 373.251900
-70.012637 373.199655
-70.981533 373.146995
-71.953329 373.093988
-72.927841 373.040699
-73.904898 372.987184
-74.884340 372.933496
-75.866020 372.879682
-76.849803 372.825786
-77.835568 372.771847
-78.823202 372.717899
-79.812607 372.663975
-80.803697 372.610103
-81.796395 372.556306
-82.790638 372.502605
-83.786370 372.449019
-84.783549 372.395562
-85.782139 372.342245
-86.782115 372.289079
-87.783458 372.236070
-88.786159 372.183224
-89.790217 372.130543
-90.795635 372.078027
-91.802423 372.025676
-92.810595 371.973484
-93.820171 371.921445
-94.831176 371.869553
-95.843637 371.817800
-96.857584 371.766177
-97.873051 371.714674
-98.890074 371.663280
-99.908690 371.611982
-100.928939 371.560766
-101.950860 371.509619
-102.974495 371.458525
-103.999886 371.407470
-105.027075 371.356437
-106.056105 371.305411
-107.087019 371.254375
-108.119860 371.203314
-109.154673 371.152210
-110.191498 371.101048
-111.230377 371.049813
-112.271351 370.998488
-113.314455 370.947060
-114.359723 370.895516
-115.407188 370.843848
-116.456875 370.792045
-117.508810 370.740102
-118.563009 370.688016
-119.619489 370.635784
-120.678257 370.583406
-121.739319 370.530884
-122.802674 370.478222
-123.868317 370.425424
-124.936237 370.372497
-126.006417 370.319446
-127.078836 370.266278
-128.153465 370.213000
-129.230272 370.159619
-130.309216 370.106142
-131.390255 370.052577
-132.473340 369.998931
-133.558417 369.945212
-134.645428 369.891430
-135.734310 369.837592
-136.824997 369.783710
-137.917418 369.729793
-139.011500 369.675851
-140.107167 369.621897
-141.204339 369.567943
-142.302934 369.514003
-143.402869 369.460092
-144.504059 369.406227
-145.606421 369.352426
-146.709866 369.298709
-147.814309 369.245098
-148.919661 369.191616
-150.025835 369.138288
-151.132745 369.085140
-152.240303 369.032203
-153.348420 368.979509
-154.457010 368.927091
-155.565985 368.874987
-156.675259 368.823235
-157.784743 368.771876
-158.894349 368.720955
-160.003987 368.670516
-161.113568 368.620608
-162.222998 368.571283
-163.332185 368.522591
-164.441033 368.474589
-165.549444 368.427334
-166.657318 368.380884
-167.764554 368.335301
-168.871048 368.290646
-169.976694 368.246979
-171.081381 368.204364
-172.184999 368.162860
-173.287432 368.122528
-174.388561 368.083427
-175.488265 368.045617
-176.586418 368.009156
-177.682893 367.974100
-178.777556 367.940504
-179.870271 367.908423
-180.960899 367.877911
-182.049296 367.849019
-183.135316 367.821798
-184.218809 367.796297
-185.299620 367.772565
-186.377592 367.750645
-187.452562 367.730582
-188.524364 367.712417
-189.592830 367.696189
-190.657786 367.681935
-191.719056 367.669687
-192.776461 367.659479
-193.829818 367.651339
-194.878941 367.645291
-195.923643 367.641359
-196.963733 367.639560
-197.999017 367.639912
-199.029299 367.642426
-200.054380 367.647112
-201.074059 367.653976
-202.088134 367.663021
-203.096401 367.674248
-204.098654 367.687653
-205.094687 367.703230
-206.084293 367.720969
-207.067264 367.740858
-208.043394 367.762879
-209.012476 367.787013
-209.974308 367.813237
-210.928686 367.841524
-211.875413 367.871841
-212.814293 367.904156
-213.745135 367.938427
-214.667754 367.974611
-215.581969 368.012660
-216.487605 368.052519
-217.384495 368.094132
-218.272477 368.137436
-219.151397 368.182364
-220.021112 368.228846
-220.881484 368.276807
-221.732386 368.326170
-222.573701 368.376854
-223.405322 368.428776
-224.227155 368.481849
-225.039113 368.535986
-225.841125 368.591093
-226.633129 368.647077
-227.415076 368.703842
-228.186926 368.761289
-228.948654 368.819317
-229.700242 368.877822
-230.441689 368.936699
-231.173000 368.995840
-231.894194 369.055133
-232.605300 369.114466
-233.306359 369.173723
-233.997420 369.232785
-234.678542 369.291530
-235.349793 369.349834
-236.011250 369.407568
-236.662997 369.464600
-237.305125 369.520794
-237.937734 369.576012
-238.560929 369.630112
-239.174821 369.682947
-239.779528 369.734365
-240.375173 369.784210
-240.961883 369.832320
-241.539793 369.878530
-242.109036 369.922666
-242.669754 369.964551
-243.222090 370.003999
-243.766191 370.040819
-244.302208 370.074812
-244.830295 370.105775
-245.350609 370.133496
-245.863307 370.157758
-246.368551 370.178335
-246.866502 370.194996
-247.357322 370.207504
-247.841172 370.215615
-248.318213 370.219080
-248.788606 370.217646
-249.252509 370.211052
-249.710078 370.199034
-250.161467 370.181322
-250.606827 370.157641
-251.046304 370.127710
-251.480039 370.091246
-251.908168 370.047958
-252.330821 369.997553
-252.748122 369.939733
-253.160187 369.874194
-253.567125 369.800632
-253.969035 369.718737
-254.366009 369.628196
-254.758131 369.528697
-255.145476 369.419921
-255.528109 369.301551
-255.906089 369.173267
-256.279465 369.034751
-256.648279 368.885683
-257.012564 368.725747
-257.372346 368.554627
-257.727644 368.372009
-258.078469 368.177584
-258.424829 367.971047
-258.766726 367.752098
-259.104155 367.520443
-259.437111 367.275793
-259.765581 367.017868
-260.089554 366.746395
-260.409011 366.461108
-260.723935 366.161752
-261.034303 365.848079
-261.340094 365.519855
-261.641283 365.176853
-261.937845 364.818862
-262.229755 364.445682
-262.516989 364.057124
-262.799521 363.653017
-263.077327 363.233200
-263.350382 362.797531
-263.618657 362.345881
-263.882127 361.878137
-264.140761 361.394204
-264.394529 360.894002
-264.643399 360.377468
-264.887339 359.844558
-265.126314 359.295242
-265.360290 358.729510
-265.589232 358.147368
-265.813104 357.548838
-266.031868 356.933960
-266.245489 356.302791
-266.453929 355.655404
-266.657151 354.991892
-266.855120 354.312361
-267.047801 353.616939
-267.235161 352.905766
-267.417169 352.179000
-267.593796 351.436813
-267.765018 350.679394
-267.930811 349.906944
-268.091156 349.119680
-268.246038 348.317832
-268.395443 347.501641
-268.539363 346.671363
-268.677793 345.827261
-268.810732 344.969612
-268.938180 344.098701
-269.060145 343.214819
-269.176632 342.318269
-269.287655 341.409356
-269.393225 340.488394
-269.493359 339.555701
-269.588074 338.611599
-269.677387 337.656411
-269.761318 336.690466
-269.839887 335.714093
-269.913112 334.727622
-269.981015 333.731383
-270.043612 332.725708
-270.100925 331.710925
-270.152970 330.687364
-270.199764 329.655351
-270.241325 328.615209
-270.277665 327.567258
-270.308798 326.511815
-270.334734 325.449191
-270.355481 324.379694
-270.371045 323.303623
-270.381431 322.221276
-270.386642 321.132940
-270.386681 320.038898
-270.381549 318.939425
-270.371247 317.834788
-270.355776 316.725246
-270.335136 315.611051
-270.309325 314.492445
-270.278343 313.369662
-270.242188 312.242930
-270.200859 311.112466
-270.154354 309.978479
-270.102672 308.841169
-270.045810 307.700728
-269.983767 306.557339
-269.916541 305.411174
-269.844130 304.262398
-269.766531 303.111166
-269.683740 301.957626
-269.595754 300.801917
-269.502569 299.644170
-269.404179 298.484509
-269.300579 297.323051
-269.191762 296.159904
-269.077722 294.995171
-268.958451 293.828948
-268.833941 292.661325
-268.704183 291.492388
-268.569168 290.322215
-268.428887 289.150883
-268.283330 287.978463
-268.132487 286.805024
-267.976349 285.630630
-267.814905 284.455342
-267.648147 283.279221
-267.476063 282.102323
-267.298645 280.924703
-267.115885 279.746414
-266.927773 278.567510
-266.734305 277.388039
-266.535472 276.208052
-266.331270 275.027598
-266.121695 273.846723
-265.906743 272.665476
-265.686412 271.483904
-265.460701 270.302054
-265.229609 269.119973
-264.993140 267.937708
-264.751296 266.755307
-264.504081 265.572819
-264.251503 264.390293
-263.993568 263.207778
-263.730285 262.025324
-263.461664 260.842982
-263.187715 259.660805
-262.908450 258.478844
-262.623883 257.297153
-262.334027 256.115784
-262.038897 254.934791
-261.738511 253.754227
-261.432883 252.574147
-261.122034 251.394605
-260.805980 250.215655
-260.484741 249.037352
-260.158337 247.859751
-259.826788 246.682908
-259.490112 245.506879
-259.148332 244.331719
-258.801468 243.157485
-258.449540 241.984233
-258.092570 240.812020
-257.730579 239.640901
-257.363588 238.470933
-256.991619 237.302171
-256.614693 236.134671
-256.232831 234.968488
-255.846054 233.803677
-255.454384 232.640292
-255.057840 231.478385
-254.656446 230.318010
-254.250220 229.159215
-253.839183 228.002053
-253.423355 226.846570
-253.002755 225.692814
-252.577404 224.540831
-252.147320 223.390667
-251.712522 222.242364
-251.273030 221.095964
-250.828860 219.951506
-250.380030 218.809029
-249.926557 217.668570
-249.468457 216.530163
-249.005745 215.393842
-248.538437 214.259639
-248.066546 213.127585
-247.590085 211.997707
-247.109067 210.870032
-246.623502 209.744585
-246.133402 208.621389
-245.638774 207.500466
-245.139628 206.381834
-244.635970 205.265511
-244.127809 204.151512
-243.615149 203.039851
-243.097997 201.930542
-242.576356 200.823597
-242.050231 199.719028
-241.519624 198.616848
-240.984538 197.517069
-240.444974 196.419702
-239.900932 195.324760
-239.352412 194.232254
-238.799415 193.142196
-238.241938 192.054597
-237.679980 190.969469
-237.113540 189.886824
-236.542617 188.806672
-235.967207 187.729024
-235.387310 186.653892
-234.802923 185.581284
-234.214043 184.511212
-233.620668 183.443684
-233.022793 182.378710
-232.420415 181.316298
-231.813530 180.256456
-231.202134 179.199193
-230.586221 178.144515
-229.965787 177.092429
-229.340825 176.042941
-228.711328 174.996055
-228.077289 173.951778
-227.438701 172.910113
-226.795555 171.871064
-226.147843 170.834633
-225.495555 169.800823
-224.838681 168.769636
-224.177211 167.741071
-223.511135 166.715129
-222.840442 165.691810
-222.165123 164.671113
-221.485167 163.653035
-220.800563 162.637575
-220.111303 161.624730
-219.417377 160.614495
-218.718777 159.606866
-218.015495 158.601839
-217.307524 157.599407
-216.594858 156.599565
-215.877493 155.602306
-215.155425 154.607622
-214.428652 153.615508
-213.697172 152.625955
-212.960985 151.638955
-212.220092 150.654500
-211.474494 149.672581
-210.724195 148.693185
-209.969198 147.716298
-209.209510 146.741907
-208.445136 145.769993
-207.676086 144.800538
-206.902368 143.833523
-206.123995 142.868924
-205.340978 141.906719
-204.553333 140.946882
-203.761073 139.989385
-202.964216 139.034199
-202.162781 138.081294
-201.356786 137.130639
-200.546253 136.182200
-199.731207 135.235944
-198.911672 134.291834
-198.087677 133.349835
-197.259252 132.409907
-196.426430 131.472012
-195.589246 130.536110
-194.747737 129.602162
-193.901944 128.670126
-193.051910 127.739961
-192.197679 126.811626
-191.339301 125.885079
-190.476825 124.960277
-189.610307 124.037178
-188.739803 123.115738
-187.865372 122.195915
-186.987077 121.277666
-186.104984 120.360948
-185.219160 119.445718
-184.329674 118.531934
-183.436597 117.619554
-182.540004 116.708536
-181.639968 115.798838
-180.736566 114.890421
-179.829875 113.983244
-178.919975 113.077267
-178.006946 112.172451
-177.090867 111.268757
-176.171821 110.366146
-175.249890 109.464579
-174.325156 108.564020
-173.397701 107.664431
-172.467607 106.765774
-171.534956 105.868014
-170.599832 104.971114
-169.662315 104.075040
-168.722489 103.179756
-167.780434 102.285230
-166.836233 101.391428
-165.889966 100.498318
-164.941715 99.605871
-163.991558 98.714054
-163.039577 97.822838
-162.085848 96.932197
-161.130450 96.042101
-160.173460 95.152525
-159.214953 94.263443
-158.255004 93.374831
-157.293686 92.486667
-156.331071 91.598927
-155.367229 90.711590
-154.402229 89.824636
-153.436136 88.938046
-152.469016 88.051802
-151.500929 87.165887
-150.531934 86.280285
-149.562090 85.394981
-148.591451 84.509961
-147.620069 83.625210
-146.647993 82.740715
-145.675272 81.856462
-144.701948 80.972441
-143.728065 80.088638
-142.753662 79.205044
-141.778776 78.321647
-140.803440 77.438439
-139.827687 76.555409
-138.851544 75.672551
-137.875040 74.789854
-136.898198 73.907313
-135.921042 73.024918
-134.943594 72.142662
-133.965874 71.260539
-132.987902 70.378541
-132.009694 69.496662
-131.031268 68.614896
-130.052638 67.733237
-129.073820 66.851681
-128.094827 65.970224
-127.115674 65.088863
-126.136373 64.207597
-125.156939 63.326423
-124.177386 62.445342
-123.197727 61.564355
-122.217980 60.683463
-121.238158 59.802670
-120.258278 58.921981
-119.278358 58.041403
-118.298414 57.160943
-117.318466 56.280612
-116.338533 55.400421
-115.358637 54.520385
-114.378799 53.640519
-113.399046 52.760843
-112.419402 51.881377
-111.439896 51.002144
-110.460559 50.123171
-109.481424 49.244487
-108.502525 48.366125
-107.523902 47.488119
-106.545595 46.610508
-105.567647 45.733334
-104.590106 44.856643
-103.613022 43.980483
-102.636446 43.104906
-101.660435 42.229968
-100.685048 41.355729
-99.710347 40.482255
-98.736395 39.609615
-97.763261 38.737883
-96.791013 37.867139
-95.819725 36.997467
-94.849471 36.128958
-93.880327 35.261708
-92.912373 34.395820
-91.945689 33.531403
-90.980360 32.668571
-90.016471 31.807448
-89.054110 30.948163
-88.093366 30.090853
-87.134331 29.235663
-86.177097 28.382746
-85.221760 27.532263
-84.268415 26.684384
-83.317161 25.839287
-82.368099 24.997159
-81.421329 24.158195
-80.476955 23.322599
-79.535084 22.490583
-78.595820 21.662368
-77.659271 20.838181
-76.725546 20.018259
-75.794754 19.202845
-74.867003 18.392189
-73.942402 17.586549
-73.021060 16.786189
-72.103086 15.991377
-71.188588 15.202391
-70.277674 14.419511
-69.370450 13.643024
-68.467023 12.873223
-67.567495 12.110402
-66.671968 11.354862
-65.780542 10.606905
-64.893315 9.866838
-64.010380 9.134967
-63.131830 8.411601
-62.257753 7.697052
-61.388233 6.991630
-60.523353 6.295645
-59.663190 5.609407
-58.807820 4.933225
-57.957312 4.267407
-57.111736 3.612258
-56.271157 2.968082
-55.435637 2.335176
-54.605237 1.713837
-53.780015 1.104355
-52.960028 0.507015
-52.145332 -0.077906
-51.335982 -0.650136
-50.532032 -1.209412
-49.733536 -1.755480
-48.940546 -2.288095
-48.153117 -2.807025
-47.371301 -3.312045
-46.595152 -3.802946
-45.824723 -4.279530
-45.060068 -4.741612
-44.301238 -5.189023
-43.548288 -5.621610
-42.801268 -6.039235
-42.060233 -6.441777
-41.325230 -6.829133
-40.596311 -7.201217
-39.873523 -7.557962
-39.156912 -7.899320
-38.446520 -8.225261
-37.742388 -8.535774
-37.044557 -8.830866
-36.353061 -9.110563
-35.667935 -9.374910
-34.989212 -9.623966
-34.316923 -9.857811
-33.651097 -10.076538
-32.991764 -10.280258
-32.338951 -10.469095
-31.692685 -10.643190
-31.052991 -10.802696
-30.419897 -10.947783
-29.793427 -11.078629
-29.173609 -11.195428
-28.560469 -11.298381
-27.954036 -11.387702
-27.354338 -11.463611
-26.761407 -11.526338
-26.175275 -11.576120
-25.595975 -11.613199
-25.023545 -11.637823
-24.458021 -11.650244
-23.899444 -11.650719
-23.347855 -11.639507
-22.803296 -11.616869
-22.265810 -11.583067
-21.735441 -11.538364
-21.212232 -11.483020
-20.696225 -11.417295
-20.187460 -11.341445
-19.685975 -11.255723
-19.191804 -11.160377
-18.704981 -11.055647
-18.225534 -10.941769
-17.753488 -10.818968
-17.288866 -10.687465
-16.831685 -10.547466
-16.381960 -10.399173
-15.939702 -10.242773
-15.504915 -10.078443
-15.077604 -9.906344
-14.657766 -9.726627
-14.245397 -9.539426
-13.840488 -9.344860
-13.443029 -9.143033
-13.053008 -8.934031
-12.670409 -8.717925
-12.295218 -8.494769
-11.927417 -8.264599
-11.566991 -8.027436
-11.213922 -7.783281
-10.868194 -7.532121
-10.529791 -7.273925
-10.198696 -7.008647
-9.874893 -6.736224
-9.558364 -6.456580
-9.249094 -6.169624
-8.947063 -5.875251
-8.652254 -5.573346
-8.364648 -5.263779
-8.084223 -4.946413
-7.810958 -4.621097
-7.544830 -4.287674
-7.285814 -3.945977
-7.033881 -3.595835
-6.789002 -3.237069
-6.551140 -2.869494
-6.320259 -2.492924
-6.096317 -2.107169
-5.879268 -1.712036
-5.669063 -1.307332
-5.465647 -0.892863
-5.268963 -0.468435
-5.078950 -0.033856
-4.895542 0.411067
-4.718671 0.866521
-4.548265 1.332691
-4.384250 1.809758
-4.226552 2.297896
-4.075095 2.797275
-3.929801 3.308057
-3.790594 3.830399
-3.657395 4.364446
-3.530128 4.910337
-3.408714 5.468200
-3.293075 6.038155
-3.183133 6.620313
-3.078810 7.214772
-2.980028 7.821620
-2.886711 8.440934
-2.798779 9.072777
-2.716155 9.717202
-2.638761 10.374246
-2.566518 11.043933
-2.499346 11.726275
-2.437164 12.421270
-2.379890 13.128899
-2.327440 13.849133
-2.279726 14.581927
-2.236661 15.327226
-2.198152 16.084958
-2.164106 16.855040
-2.134425 17.637377
-2.109011 18.431860
-2.087762 19.238369
-2.070528 20.055981
-2.057158 20.883751
-2.047498 21.720718
-2.041390 22.565898
-2.038676 23.418293
-2.039196 24.276882
-2.042789 25.140632
-2.049291 26.008489
-2.058538 26.879385
-2.070365 27.752237
-2.084610 28.625947
-2.101110 29.499402
-2.119704 30.371475
-2.140230 31.241029
-2.162531 32.106912
-2.186450 32.967960
-2.211831 33.822998
-2.238522 34.670839
-2.266371 35.510286
-2.295230 36.340130
-2.324952 37.159152
-2.355391 37.966126
-2.386402 38.759814
-2.417844 39.538969
-2.448596 40.285577
-2.478551 40.998932
-2.507604 41.678331
-2.535651 42.323070
-2.562587 42.932451
-2.588312 43.505778
-2.612727 44.042357
-2.635734 44.541499
-2.657236 45.002516
-2.677139 45.424726
-2.695350 45.807452
-2.711780 46.150019
-2.726339 46.451760
-2.738942 46.712011
-2.749505 46.930115
-2.757944 47.105419
-2.764182 47.237277
-2.768142 47.325050
-2.769749 47.368103
-2.768932 47.365807
-2.765624 47.317540
-2.759758 47.222683
-2.751273 47.080626
-2.740110 46.890762
-2.692709 46.080231
-2.644143 45.248316
-2.594435 44.395687
-2.543608 43.523025
-2.491688 42.631028
-2.438705 41.720407
-2.384691 40.791889
-2.329681 39.846214
-2.273711 38.884136
-2.216822 37.906422
-2.159054 36.913854
-2.100451 35.907228
-2.041058 34.887351
-1.980920 33.855046
-1.920086 32.811147
-1.858604 31.756503
-1.796523 30.691973
-1.733895 29.618432
-1.670772 28.536766
-1.607205 27.447875
-1.543248 26.352669
-1.478956 25.252074
-1.414383 24.147025
-1.349587 23.038473
