0.001023 5.836356
0.001190 6.565454
0.001375 7.340162
0.001578 8.161402
0.001799 9.030029
0.002039 9.946835
0.002297 10.912541
0.002577 11.927804
0.002876 12.993210
0.003197 14.109278
0.003536 15.276459
0.003892 16.495132
0.004264 17.765610
0.004648 19.088134
0.005016 20.263981
0.005386 21.466185
0.005754 22.692958
0.006112 23.942503
0.006457 25.213016
0.006783 26.502677
0.007085 27.809659
0.007356 29.132122
0.007591 30.468216
0.007781 31.816081
0.007918 33.173842
0.007993 34.539614
0.007998 35.911499
0.007920 37.287587
0.007752 38.672127
0.007484 40.064138
0.007106 41.462699
0.006606 42.866945
0.005974 44.276071
0.005194 45.689329
0.004254 47.106034
0.003139 48.525562
0.001835 49.947349
0.000328 51.370895
-0.001392 52.795761
-0.003338 54.221573
-0.005521 55.648021
-0.007954 57.074863
-0.010646 58.501922
-0.013609 59.929023
-0.016853 61.355990
-0.020389 62.782651
-0.024230 64.208833
-0.028387 65.634371
-0.032870 67.059101
-0.037691 68.482866
-0.042857 69.905514
-0.048376 71.326901
-0.054253 72.746889
-0.060494 74.165351
-0.067100 75.582167
-0.074073 76.997229
-0.081411 78.410438
-0.089112 79.821706
-0.097169 81.230959
-0.105570 82.638132
-0.114304 84.043172
-0.123355 85.446036
-0.132706 86.846693
-0.142338 88.245120
-0.152229 89.641309
-0.162357 91.035257
-0.172701 92.426975
-0.183236 93.816479
-0.193936 95.203795
-0.204774 96.588955
-0.215719 97.972004
-0.226740 99.352993
-0.237806 100.731979
-0.248884 102.109028
-0.259944 103.484210
-0.270953 104.857598
-0.281882 106.229272
-0.292697 107.599310
-0.303367 108.967791
-0.313860 110.334793
-0.324146 111.700395
-0.334195 113.064675
-0.343979 114.427706
-0.353472 115.789563
-0.362651 117.150314
-0.371497 118.510027
-0.379994 119.868767
-0.388127 121.226593
-0.395883 122.583565
-0.403252 123.939737
-0.410223 125.295161
-0.416789 126.649887
-0.422942 128.003960
-0.428675 129.357423
-0.433982 130.710319
-0.438861 132.062688
-0.443311 133.414567
-0.447336 134.765990
-0.450938 136.116990
-0.454120 137.467597
-0.456884 138.817841
-0.459228 140.167752
-0.461153 141.517357
-0.462659 142.866688
-0.463750 144.215780
-0.464433 145.564669
-0.464714 146.913401
-0.464603 148.262019
-0.464110 149.610575
-0.463247 150.959125
-0.462027 152.307728
-0.460462 153.656447
-0.458564 155.005349
-0.456343 156.354505
-0.453815 157.703991
-0.450995 159.053886
-0.447901 160.404270
-0.444554 161.755228
-0.440976 163.106847
-0.437191 164.459218
-0.433226 165.812433
-0.429109 167.166589
-0.424864 168.521782
-0.420516 169.878111
-0.416090 171.235676
-0.411610 172.594579
-0.407104 173.954921
-0.402601 175.316801
-0.398130 176.680320
-0.393723 178.045577
-0.389410 179.412669
-0.385218 180.781691
-0.381173 182.152731
-0.377300 183.525879
-0.373620 184.901219
-0.370151 186.278831
-0.366907 187.658791
-0.363900 189.041173
-0.361141 190.426045
-0.358639 191.813472
-0.356405 193.203517
-0.354445 194.596234
-0.352758 195.991675
-0.351344 197.389889
-0.350197 198.790919
-0.349309 200.194806
-0.348669 201.601583
-0.348261 203.011280
-0.348070 204.423920
-0.348080 205.839523
-0.348272 207.258105
-0.348631 208.679677
-0.349136 210.104247
-0.349768 211.531819
-0.350505 212.962395
-0.351325 214.395973
-0.352208 215.832549
-0.353131 217.272117
-0.354071 218.714667
-0.355008 220.160188
-0.355918 221.608668
-0.356782 223.060089
-0.357582 224.514433
-0.358302 225.971680
-0.358927 227.431810
-0.359442 228.894797
-0.359829 230.360615
-0.360075 231.829238
-0.360163 233.300638
-0.360082 234.774786
-0.359819 236.251655
-0.359366 237.731214
-0.358715 239.213436
-0.357856 240.698294
-0.356786 242.185762
-0.355500 243.675817
-0.353995 245.168438
-0.352269 246.663606
-0.350317 248.161305
-0.348140 249.661520
-0.345734 251.164241
-0.343098 252.669460
-0.340233 254.177173
-0.337137 255.687379
-0.333811 257.200081
-0.330254 258.715285
-0.326469 260.233002
-0.322456 261.753247
-0.318221 263.276040
-0.313765 264.801401
-0.309097 266.329357
-0.304221 267.859939
-0.299147 269.393181
-0.293884 270.929122
-0.288443 272.467805
-0.282836 274.009273
-0.277074 275.553573
-0.271170 277.100752
-0.265138 278.650860
-0.258989 280.203945
-0.252739 281.760055
-0.246400 283.319237
-0.239987 284.881533
-0.233513 286.446984
-0.226993 288.015625
-0.220446 289.587489
-0.213889 291.162602
-0.207342 292.740984
-0.200823 294.322648
-0.194348 295.907601
-0.187938 297.495838
-0.181609 299.087349
-0.175380 300.682111
-0.169270 302.280096
-0.163298 303.881264
-0.157483 305.485568
-0.151841 307.092956
-0.146390 308.703364
-0.141144 310.316723
-0.136122 311.932955
-0.131339 313.551976
-0.126814 315.173692
-0.122563 316.798007
-0.118601 318.424820
-0.114944 320.054029
-0.111610 321.685527
-0.108613 323.319206
-0.105968 324.954959
-0.103692 326.592677
-0.101800 328.232255
-0.100303 329.873592
-0.099214 331.516587
-0.098522 333.140922
-0.098217 334.726192
-0.098285 336.251918
-0.098712 337.697535
-0.099484 339.042404
-0.100583 340.265807
-0.101992 341.346946
-0.103691 342.264949
-0.105659 342.998865
-0.107872 343.527663
-0.110304 343.830235
-0.112929 343.885390
-0.115715 343.671860
-0.118437 342.913187
-0.121069 341.607047
-0.123584 339.751128
-0.125954 337.343118
-0.128151 334.380709
-0.130142 330.861593
-0.131899 326.783463
-0.133387 322.144010
-0.134574 316.940929
-0.135427 311.171911
-0.135910 304.834647
-0.135990 297.926826
-0.135632 290.446132
-0.131542 277.373261
-0.127268 264.259188
-0.122812 251.124196
-0.118177 237.988654
-0.113367 224.873013
-0.108385 211.797809
-0.103239 198.783664
-0.097934 185.851281
-0.092479 173.021447
-0.086883 160.315033
-0.081157 147.752996
-0.075313 135.356376
-0.069365 123.146299
