-0.105126 5.312608
-0.112829 5.694216
-0.120856 6.090951
-0.129215 6.503097
-0.137914 6.930933
-0.146960 7.374732
-0.156360 7.834765
-0.166122 8.311293
-0.176255 8.804573
-0.186764 9.314856
-0.197659 9.842385
-0.208946 10.387397
-0.220634 10.950122
-0.232729 11.530781
-0.245241 12.129590
-0.258176 12.746755
-0.271543 13.382477
-0.285349 14.036947
-0.299601 14.710348
-0.314307 15.402857
-0.329474 16.114640
-0.345111 16.845854
-0.361224 17.596649
-0.377820 18.367164
-0.394906 19.157528
-0.412490 19.967861
-0.428742 20.704030
-0.445367 21.453252
-0.462368 22.215281
-0.479743 22.989861
-0.497495 23.776725
-0.515622 24.575596
-0.534125 25.386187
-0.553002 26.208197
-0.572254 27.041316
-0.591879 27.885222
-0.611875 28.739581
-0.632243 29.604047
-0.652980 30.478262
-0.674085 31.361858
-0.695557 32.254453
-0.717392 33.155655
-0.739589 34.065061
-0.762145 34.982254
-0.785055 35.906808
-0.808316 36.838285
-0.831923 37.776234
-0.855870 38.720194
-0.880152 39.669694
-0.904760 40.624251
-0.929687 41.583373
-0.954923 42.546556
-0.980485 43.514764
-1.006363 44.487605
-1.032547 45.464689
-1.059022 46.445618
-1.085775 47.429994
-1.112787 48.417418
-1.140041 49.407489
-1.167516 50.399802
-1.195189 51.393955
-1.223034 52.389543
-1.251022 53.386163
-1.279125 54.383410
-1.307307 55.380879
-1.335532 56.378167
-1.363762 57.374870
-1.391953 58.370583
-1.420061 59.364905
-1.448037 60.357434
-1.475828 61.347770
-1.503379 62.335515
-1.530632 63.320275
-1.557524 64.301657
-1.583989 65.279274
-1.609957 66.252742
-1.635353 67.221682
-1.660098 68.185720
-1.684108 69.144490
-1.707296 70.097627
-1.729567 71.044767
-1.750824 71.985551
-1.770965 72.919622
-1.789879 73.846629
-1.807454 74.766224
-1.823571 75.678068
-1.838103 76.581825
-1.850921 77.477168
-1.861886 78.363777
-1.870856 79.241339
-1.877683 80.109552
-1.882211 80.968120
-1.884280 81.816756
-1.883726 82.655184
-1.880376 83.483136
-1.874056 84.300357
-1.864583 85.106601
-1.851771 85.901631
-1.835429 86.685223
-1.815363 87.457161
-1.791372 88.217241
-1.763255 88.965269
-1.730805 89.701062
-1.693813 90.424448
-1.652067 91.135267
-1.605354 91.833370
-1.553456 92.518618
-1.496155 93.190885
-1.433232 93.850057
-1.364466 94.496029
-1.289636 95.128712
-1.208521 95.748025
-1.120899 96.353900
-1.026550 96.946282
-0.925255 97.525126
-0.816796 98.090402
-0.700956 98.642091
-0.577521 99.180189
-0.446280 99.704701
-0.307025 100.215650
-0.159550 100.713069
-0.003653 101.197003
0.160865 101.667513
0.334197 102.124668
0.516533 102.568554
0.708059 102.999265
0.908952 103.416909
1.119386 103.821604
1.339527 104.213479
1.569534 104.592671
1.809559 104.959328
2.059744 105.313610
2.320224 105.655682
2.591123 105.985721
2.872557 106.303910
3.164631 106.610437
3.467436 106.905500
3.781057 107.189299
4.105563 107.462043
4.441013 107.723941
4.787454 107.975210
5.144919 108.216068
5.513430 108.446736
5.892996 108.667438
6.283613 108.878401
6.685264 109.079849
7.097919 109.272013
7.521537 109.455120
7.956064 109.629401
8.401432 109.795085
8.857563 109.952405
9.324368 110.101591
9.801745 110.242874
10.289581 110.376484
10.787755 110.502650
11.296132 110.621601
11.814569 110.733563
12.342911 110.838760
12.880997 110.937417
13.428655 111.029753
13.985705 111.115986
14.551959 111.196333
15.127223 111.271006
15.711294 111.340215
16.303962 111.404168
16.905012 111.463067
17.514223 111.517112
18.131368 111.566496
18.756217 111.611409
19.388533 111.652036
20.028078 111.688555
20.674608 111.721140
21.327877 111.749958
21.987636 111.775172
22.653633 111.796937
23.325616 111.815402
24.003330 111.830711
24.686520 111.843001
25.374934 111.852403
26.068316 111.859044
26.766414 111.863041
27.468981 111.864509
28.175770 111.863554
28.886539 111.860276
29.601053 111.854769
30.319078 111.847123
31.040390 111.837420
31.764770 111.825739
32.492006 111.812152
33.221892 111.796728
33.954233 111.779530
34.688839 111.760618
35.425531 111.740046
36.164139 111.717865
36.904501 111.694123
37.646466 111.668865
38.389892 111.642131
39.134646 111.613960
39.880605 111.584387
40.627657 111.553443
41.375695 111.521157
42.124626 111.487557
42.874362 111.452668
43.624826 111.416511
44.375947 111.379107
45.127665 111.340475
45.879925 111.300632
46.632682 111.259593
47.385898 111.217373
48.139540 111.173985
48.893585 111.129439
49.648012 111.083746
50.402810 111.036913
51.157974 110.988947
51.913503 110.939852
52.669405 110.889634
53.425689 110.838294
54.182374 110.785836
54.939480 110.732263
55.697033 110.677575
56.455063 110.621774
57.213602 110.564862
57.972689 110.506840
58.732362 110.447708
59.492666 110.387470
60.253644 110.326125
61.015346 110.263676
61.777818 110.200126
62.541112 110.135476
63.305278 110.069731
64.070366 110.002894
64.836427 109.934971
65.603508 109.865968
66.371657 109.795893
67.140916 109.724753
67.911328 109.652558
68.682931 109.579317
69.455760 109.505042
70.229847 109.429744
71.005218 109.353435
71.781896 109.276127
72.559901 109.197834
73.339245 109.118566
74.119938 109.038339
74.901981 108.957163
75.685371 108.875051
76.470100 108.792014
77.256154 108.708064
78.043513 108.623211
78.832152 108.537464
79.622040 108.450832
80.413143 108.363324
81.205420 108.274947
81.998827 108.185705
82.793313 108.095604
83.588827 108.004647
84.385310 107.912836
85.182703 107.820173
85.980938 107.726656
86.779950 107.632284
87.579666 107.537057
88.380013 107.440971
89.180912 107.344024
89.982283 107.246211
90.784042 107.147529
91.586102 107.047974
92.388375 106.947538
93.190769 106.846217
93.993189 106.744004
94.795540 106.640893
95.597724 106.536875
96.399641 106.431944
97.201191 106.326092
98.002270 106.219311
98.802776 106.111593
99.602604 106.002932
100.401649 105.893319
101.199804 105.782748
101.996966 105.671212
102.793027 105.558705
103.587882 105.445221
104.381427 105.330754
105.173558 105.215299
105.964173 105.098854
106.753170 104.981414
107.540451 104.862979
108.325918 104.743546
109.109475 104.623116
109.891031 104.501689
110.670494 104.379269
111.447777 104.255860
112.222792 104.131467
112.995458 104.006100
113.765693 103.879769
114.533422 103.752486
115.298571 103.624267
116.061069 103.495130
116.820847 103.365094
117.577841 103.234183
118.331990 103.102421
119.083234 102.969836
119.831517 102.836457
120.576786 102.702318
121.318991 102.567453
122.058084 102.431900
122.794020 102.295698
123.526755 102.158890
124.256251 102.021520
124.982469 101.883634
125.705374 101.745281
126.424935 101.606509
127.141121 101.467369
127.853905 101.327913
128.563264 101.188195
129.269176 101.048268
129.971622 100.908188
130.670586 100.768008
131.366055 100.627787
132.058021 100.487578
132.746475 100.347439
133.431413 100.207424
134.112834 100.067590
134.790739 99.927990
135.465131 99.788679
136.136017 99.649709
136.803406 99.511130
137.467309 99.372993
138.127741 99.235343
138.784715 99.098226
139.438251 98.961683
140.088368 98.825752
140.735087 98.690471
141.378432 98.555870
142.018427 98.421979
142.655098 98.288822
143.288472 98.156421
143.918575 98.024795
144.545438 97.893961
145.169089 97.763932
145.789557 97.634720
146.406873 97.506332
147.021068 97.378773
147.632174 97.252047
148.240221 97.126153
148.845243 97.001089
149.447273 96.876852
150.046345 96.753435
150.642492 96.630832
151.235751 96.509031
151.826157 96.388023
152.413746 96.267797
152.998557 96.148338
153.580626 96.029632
154.159991 95.911665
154.736690 95.794420
155.310763 95.677881
155.882250 95.562030
156.451188 95.446853
157.017618 95.332332
157.581578 95.218454
158.143106 95.105204
158.702240 94.992572
159.259015 94.880548
159.813466 94.769127
160.365627 94.658305
160.915529 94.548083
161.463201 94.438467
162.008670 94.329465
162.551960 94.221093
163.093092 94.113371
163.632085 94.006325
164.168954 93.899988
164.703711 93.794400
165.236368 93.689608
165.766928 93.585666
166.295398 93.482637
166.821775 93.380593
167.346059 93.279613
167.868243 93.179787
168.388319 93.081215
168.906276 92.984007
169.422099 92.888282
169.935774 92.794171
170.447281 92.701816
170.956601 92.611368
171.463711 92.522989
171.968590 92.436852
172.471213 92.353136
172.971556 92.272032
173.469595 92.193740
173.965306 92.118466
174.458663 92.046427
174.949640 91.977847
175.438214 91.912957
175.924357 91.851997
176.408044 91.795210
176.889247 91.742849
177.367939 91.695170
177.844092 91.652435
178.317678 91.614910
178.788669 91.582869
179.257035 91.556587
179.722747 91.536346
180.185778 91.522430
180.646096 91.515127
181.103672 91.514730
181.558476 91.521531
182.010479 91.535827
182.459649 91.557915
182.905959 91.588091
183.349379 91.626653
183.789881 91.673897
184.227438 91.730117
184.662024 91.795606
185.093615 91.870651
185.522189 91.955537
185.947725 92.050543
186.370205 92.155940
186.789613 92.271994
187.205936 92.398964
187.619166 92.537098
188.029294 92.686636
188.436317 92.847807
188.840234 93.020829
189.241048 93.205908
189.638763 93.403237
190.033389 93.612996
190.424936 93.835353
190.813420 94.070458
191.198857 94.318448
191.581267 94.579443
191.960674 94.853548
192.337102 95.140849
192.710579 95.441416
193.081134 95.755299
193.448799 96.082532
193.813604 96.423131
194.175583 96.777093
194.534767 97.144397
194.891187 97.525004
195.244875 97.918858
195.595860 98.325883
195.944172 98.745987
196.289839 99.179059
196.632886 99.624970
196.973340 100.083577
197.311224 100.554718
197.646559 101.038217
197.979366 101.533879
198.309660 102.041497
198.637458 102.560845
198.962769 103.091685
199.285604 103.633760
199.605966 104.186800
199.923858 104.750522
200.239279 105.324625
200.552225 105.908797
200.862688 106.502713
201.170654 107.106034
201.476108 107.718407
201.779030 108.339470
202.079395 108.968846
202.377173 109.606149
202.672333 110.250982
202.964833 110.902939
203.254632 111.561603
203.541681 112.226552
203.825925 112.897353
204.107306 113.573569
204.385759 114.254755
204.661214 114.940461
204.933594 115.630233
205.202819 116.323614
205.468801 117.020145
205.731449 117.719364
205.990663 118.420809
206.246342 119.124019
206.498377 119.828533
206.746653 120.533891
206.991053 121.239639
207.231452 121.945323
207.467723 122.650497
207.699730 123.354720
207.927335 124.057558
208.150393 124.758584
208.368756 125.457379
208.582270 126.153534
208.790776 126.846648
208.994113 127.536327
209.192114 128.222191
209.384610 128.903866
209.571425 129.580990
209.752383 130.253211
209.927303 130.920187
210.095999 131.581587
210.258287 132.237089
210.413976 132.886383
210.562874 133.529167
210.704789 134.165151
210.839526 134.794055
210.966889 135.415611
211.086682 136.029561
211.198710 136.635658
211.302776 137.233668
211.398684 137.823365
211.486240 138.404538
211.565248 138.976986
211.635517 139.540520
211.696855 140.094963
211.749076 140.640153
211.791994 141.175938
211.825427 141.702180
211.849196 142.218756
211.863125 142.725553
211.867045 143.222473
211.860786 143.709432
211.844188 144.186358
211.817090 144.653194
211.779339 145.109895
211.730786 145.556432
211.671286 145.992789
211.600701 146.418964
211.518896 146.834966
211.425740 147.240819
211.321108 147.636558
211.204881 148.022231
211.076943 148.397896
210.937184 148.763624
210.785497 149.119495
210.621782 149.465599
210.445943 149.802036
210.257892 150.128913
210.057542 150.446347
209.844817 150.754460
209.619644 151.053382
209.381958 151.343248
209.131701 151.624202
208.868823 151.896392
208.593281 152.159974
208.305040 152.415107
208.004074 152.661960
207.690366 152.900704
207.363906 153.131517
207.024695 153.354582
206.672743 153.570087
206.308066 153.778226
205.930692 153.979198
205.540657 154.173205
205.138006 154.360455
204.722791 154.541159
204.295076 154.715532
203.854930 154.883792
203.402433 155.046160
202.937671 155.202858
202.460741 155.354111
201.971745 155.500147
201.470794 155.641191
200.958006 155.777471
200.433505 155.909214
199.897421 156.036647
199.349890 156.159994
198.791052 156.279480
198.221055 156.395326
197.640048 156.507750
197.048186 156.616969
196.445629 156.723196
195.832540 156.826640
195.209087 156.927504
194.575439 157.025990
193.931771 157.122290
193.278260 157.216594
192.615085 157.309083
191.942430 157.399935
191.260479 157.489320
190.569422 157.577403
189.869449 157.664340
189.160755 157.750285
188.443537 157.835383
187.717993 157.919773
186.984323 158.003589
186.242731 158.086956
185.493421 158.169997
184.736598 158.252826
183.972468 158.335553
183.201236 158.418280
182.423108 158.501106
181.638289 158.584122
180.846982 158.667413
180.049387 158.751057
179.245704 158.835127
178.436130 158.919687
177.620856 159.004799
176.800074 159.090514
175.973969 159.176880
175.142722 159.263938
174.306511 159.351719
173.465509 159.440254
172.619884 159.529564
171.769800 159.619664
170.915416 159.710566
170.056883 159.802276
169.194352 159.894793
168.327962 159.988112
167.457852 160.082226
166.584153 160.177121
165.706989 160.272782
164.826480 160.369189
163.942741 160.466320
163.055882 160.564149
162.166007 160.662649
161.273218 160.761792
160.377610 160.861545
159.479276 160.961877
158.578303 161.062753
157.674775 161.164138
156.768774 161.265998
155.860376 161.368296
154.949654 161.470997
154.036678 161.574064
153.121516 161.677461
152.204232 161.781154
151.284886 161.885106
150.363539 161.989284
149.440245 162.093652
148.515059 162.198179
147.588030 162.302832
146.659206 162.407579
145.728631 162.512390
144.796348 162.617236
143.862395 162.722089
142.926810 162.826921
141.989626 162.931707
141.050877 163.036423
140.110592 163.141044
139.168802 163.245550
138.225532 163.349919
137.280810 163.454133
136.334660 163.558173
135.387106 163.662024
134.438171 163.765671
133.487879 163.869100
132.536250 163.972301
131.583308 164.075264
130.629074 164.177979
129.673568 164.280441
128.716814 164.382644
127.758832 164.484586
126.799645 164.586264
125.839273 164.687678
124.877739 164.788830
123.915065 164.889723
122.951273 164.990362
121.986386 165.090753
121.020428 165.190903
120.053421 165.290819
119.085391 165.390511
118.116362 165.489986
117.146360 165.589255
116.175408 165.688326
115.203534 165.787210
114.230761 165.885915
113.257117 165.984452
112.282625 166.082828
111.307311 166.181053
110.331200 166.279133
109.354318 166.377076
108.376688 166.474886
107.398335 166.572569
106.419285 166.670128
105.439561 166.767566
104.459189 166.864885
103.478191 166.962086
102.496593 167.059168
101.514417 167.156131
100.531689 167.252972
99.548432 167.349687
98.564672 167.446270
97.580435 167.542717
96.595748 167.639018
95.610638 167.735166
94.625136 167.831150
93.639271 167.926958
92.653076 168.022578
91.666583 168.117997
90.679827 168.213200
89.692846 168.308171
88.705676 168.402896
87.718358 168.497357
86.730935 168.591537
85.743449 168.685420
84.755949 168.778986
83.768480 168.872219
82.781095 168.965098
81.793846 169.057605
80.806787 169.149719
79.819977 169.241420
78.833476 169.332687
77.847346 169.423499
76.861655 169.513833
75.876470 169.603669
74.891863 169.692981
73.907910 169.781748
72.924689 169.869945
71.942282 169.957550
70.960774 170.044538
69.980252 170.130888
69.000810 170.216576
68.022543 170.301580
67.045550 170.385881
66.069937 170.469456
65.095809 170.552288
64.123277 170.634357
63.152459 170.715648
62.183472 170.796143
61.216442 170.875830
60.251496 170.954695
59.288765 171.032729
58.328385 171.109923
57.370496 171.186269
56.415241 171.261762
55.462766 171.336401
54.513222 171.410184
53.566762 171.483113
52.623543 171.555193
51.683725 171.626429
50.747470 171.696833
49.814942 171.766417
48.886309 171.835196
47.961740 171.903190
47.041405 171.970421
46.125477 172.036915
45.214127 172.102700
44.307529 172.167809
43.405856 172.232278
42.509282 172.296144
41.617982 172.359450
40.732128 172.422242
39.851894 172.484567
38.977452 172.546477
38.108975 172.608028
37.246634 172.669277
36.390600 172.730288
35.541043 172.791125
34.698131 172.851859
33.862031 172.912564
33.032910 172.973319
32.210931 173.034207
31.396258 173.095314
30.589051 173.156734
29.789470 173.218562
28.997671 173.280902
28.213810 173.343858
27.438036 173.407543
26.670500 173.472071
25.911345 173.537565
25.160716 173.604150
24.418748 173.671955
23.685576 173.741117
22.961329 173.811774
22.246133 173.884073
21.540107 173.958161
20.843367 174.034192
20.156022 174.112326
19.478175 174.192725
18.809925 174.275556
18.151363 174.360992
17.502576 174.449207
16.863643 174.540381
16.234636 174.634699
15.615624 174.732346
15.006664 174.833515
14.407812 174.938397
13.819114 175.047190
13.240612 175.160092
12.672339 175.277306
12.114326 175.399034
11.566593 175.525482
11.029157 175.656856
10.502027 175.793363
9.985207 175.935213
9.478695 176.082615
8.982484 176.235779
8.496561 176.394914
8.020909 176.560230
7.555503 176.731935
7.100317 176.910236
6.655318 177.095340
6.220466 177.287450
5.795720 177.486768
5.381031 177.693494
4.976346 177.907824
4.581606 178.129949
4.196746 178.360057
3.821699 178.598330
3.456391 178.844944
3.100742 179.100067
2.754667 179.363860
2.418074 179.636479
2.090869 179.918069
1.772947 180.208765
1.464201 180.508694
1.164518 180.817974
0.873778 181.136710
0.591856 181.464996
0.318624 181.802917
0.053948 182.150543
-0.202311 182.507933
-0.450294 182.875133
-0.690148 183.252176
-0.922021 183.639081
-1.146064 184.035856
-1.362433 184.442492
-1.571280 184.858969
-1.772765 185.285249
-1.967044 185.721285
-2.154276 186.167010
-2.334619 186.622348
-2.508231 187.087206
-2.675270 187.561476
-2.835890 188.045038
-2.990246 188.537757
-3.138491 189.039484
-3.280775 189.550057
-3.417250 190.069299
-3.548061 190.597020
-3.673353 191.133015
-3.793269 191.677069
-3.907948 192.228950
-4.017523 192.788416
-4.122128 193.355212
-4.221890 193.929069
-4.316933 194.509708
-4.407378 195.096835
-4.493340 195.690149
-4.574929 196.289333
-4.652253 196.894064
-4.725411 197.504006
-4.794499 198.118815
-4.859606 198.738137
-4.920818 199.361609
-4.978209 199.988860
-5.031853 200.619513
-5.081811 201.253182
-5.128142 201.889480
-5.170894 202.528013
-5.210108 203.168386
-5.245816 203.810197
-5.278043 204.453046
-5.306802 205.096532
-5.332097 205.740252
-5.353923 206.383806
-5.372263 207.026794
-5.387090 207.668819
-5.398366 208.309489
-5.406044 208.948413
-5.410064 209.585207
-5.410358 210.219494
-5.406844 210.850900
-5.399434 211.479058
-5.388027 212.103608
-5.372514 212.724198
-5.352777 213.340482
-5.328688 213.952122
-5.300114 214.558790
-5.266910 215.160164
-5.228928 215.755932
-5.186011 216.345793
-5.137998 216.929453
-5.084720 217.506628
-5.026006 218.077044
-4.961679 218.640439
-4.891558 219.196559
-4.815457 219.745161
-4.733188 220.286016
-4.644557 220.818903
-4.549369 221.343614
-4.447429 221.859952
-4.338536 222.367732
-4.222492 222.866782
-4.099094 223.356939
-3.968142 223.838053
-3.829432 224.309985
-3.682765 224.772612
-3.527942 225.225820
-3.364764 225.669510
-3.193037 226.103593
-3.012567 226.527995
-2.823165 226.942652
-2.624647 227.347514
-2.416831 227.742543
-2.199542 228.127716
-1.972609 228.503019
-1.735868 228.868451
-1.489161 229.224021
-1.232338 229.569749
-0.965255 229.905667
-0.687778 230.231816
-0.399781 230.548247
-0.101147 230.855021
0.208231 231.152206
0.528448 231.439881
0.859590 231.718131
1.201730 231.987051
1.554931 232.246740
1.919242 232.497306
2.294701 232.738863
2.681332 232.971529
3.079148 233.195430
3.488148 233.410696
3.908316 233.617464
4.339626 233.815873
4.782038 234.006070
5.235501 234.188205
5.699949 234.362433
6.175306 234.528912
6.661485 234.687804
7.158387 234.839275
7.665903 234.983492
8.183915 235.120627
8.712292 235.250852
9.250896 235.374343
9.799579 235.491278
10.358181 235.601832
10.926536 235.706185
11.504466 235.804517
12.091789 235.897007
12.688310 235.983835
13.293831 236.065181
13.908144 236.141222
14.531033 236.212140
15.162275 236.278114
15.801644 236.339320
16.448904 236.395937
17.103815 236.448137
17.766134 236.496094
18.435611 236.539978
19.111993 236.579956
19.795023 236.616195
20.484443 236.648858
21.179989 236.678103
21.881399 236.704086
22.588405 236.726960
23.300743 236.746872
24.018145 236.763969
24.740344 236.778390
25.467074 236.790273
26.198069 236.799751
26.933065 236.806953
27.671799 236.812001
28.414013 236.815016
29.159450 236.816112
29.907857 236.815399
30.658986 236.812984
31.412594 236.808966
32.168441 236.803442
32.926295 236.796503
33.685930 236.788235
34.447123 236.778720
35.209663 236.768036
35.973344 236.756253
36.737967 236.743439
37.503343 236.729657
38.269287 236.714964
39.035627 236.699414
39.802195 236.683055
40.568835 236.665932
41.335396 236.648085
42.101736 236.629550
42.867722 236.610360
43.633229 236.590543
44.398142 236.570124
45.162352 236.549125
45.925762 236.527562
46.688282 236.505452
47.449832 236.482806
48.210341 236.459632
48.969747 236.435937
49.727998 236.411726
50.485051 236.386999
51.240871 236.361755
51.995434 236.335991
52.748726 236.309701
53.500741 236.282877
54.251482 236.255508
55.000962 236.227584
55.749204 236.199089
56.496237 236.170008
57.242102 236.140323
57.986845 236.110015
58.730525 236.079063
59.473204 236.047446
60.214955 236.015141
60.955858 235.982122
61.696002 235.948365
62.435481 235.913845
63.174398 235.878535
63.912862 235.842408
64.650988 235.805438
65.388899 235.767598
66.126722 235.728863
66.864587 235.689206
67.602631 235.648604
68.340995 235.607031
69.079822 235.564465
69.819259 235.520884
70.559456 235.476267
71.300564 235.430596
72.042736 235.383854
72.786129 235.336024
73.530895 235.287094
74.277191 235.237053
75.025171 235.185890
75.774990 235.133599
76.526799 235.080175
77.280750 235.025613
78.036989 234.969914
78.795663 234.913078
79.556915 234.855108
80.320885 234.796009
81.087707 234.735788
81.857514 234.674453
82.630432 234.612016
83.406584 234.548488
84.186085 234.483884
84.969046 234.418218
85.755572 234.351505
86.545760 234.283763
87.339704 234.215006
88.137485 234.145252
88.939184 234.074518
89.744868 234.002820
90.554603 233.930175
91.368442 233.856600
92.186432 233.782112
93.008613 233.706729
93.835015 233.630466
94.665663 233.553340
95.500572 233.475367
96.339749 233.396564
97.183193 233.316947
98.030898 233.236530
98.882846 233.155330
99.739013 233.073360
100.599368 232.990635
101.463871 232.907170
102.332474 232.822978
103.205122 232.738071
104.081753 232.652460
104.962297 232.566158
105.846679 232.479173
106.734818 232.391513
107.626626 232.303187
108.522008 232.214198
109.420868 232.124552
110.323100 232.034249
111.228596 231.943292
112.137244 231.851678
113.048926 231.759406
113.963519 231.666469
114.880899 231.572862
115.800936 231.478574
116.723501 231.383595
117.648460 231.287911
118.575677 231.191507
119.505015 231.094364
120.436339 230.996463
121.369509 230.897783
122.304387 230.798300
123.240833 230.697988
124.178708 230.596820
125.117875 230.494769
126.058194 230.391803
126.999530 230.287894
127.941749 230.183009
128.884715 230.077120
129.828299 229.970196
130.772370 229.862208
131.716803 229.753127
132.661472 229.642929
133.606255 229.531587
134.551034 229.419081
135.495692 229.305391
136.440115 229.190498
137.384192 229.074389
138.327817 228.957054
139.270884 228.838482
140.213289 228.718671
141.154933 228.597618
142.095718 228.475325
143.035547 228.351797
143.974325 228.227041
144.911957 228.101067
145.848352 227.973891
146.783417 227.845528
147.717061 227.715996
148.649193 227.585319
149.579723 227.453520
150.508561 227.320627
151.435615 227.186668
152.360796 227.051675
153.284011 226.915683
154.205169 226.778728
155.124177 226.640849
156.040944 226.502089
156.955375 226.362490
157.867377 226.222098
158.776854 226.080961
159.683712 225.939129
160.587854 225.796654
161.489186 225.653590
162.387609 225.509992
163.283028 225.365918
164.175341 225.221428
165.064450 225.076582
165.950252 224.931445
166.832644 224.786080
167.711521 224.640555
168.586776 224.494937
169.458302 224.349296
170.325988 224.203703
171.189724 224.058227
172.049397 223.912941
172.904891 223.767917
173.756091 223.623225
174.602877 223.478935
175.445130 223.335117
176.282728 223.191836
177.115549 223.049159
177.943467 222.907147
178.766356 222.765859
179.584088 222.625352
180.396533 222.485678
181.203562 222.346883
182.005042 222.209012
182.800842 222.072100
183.590827 221.936181
184.374867 221.801281
185.152830 221.667420
185.924584 221.534614
186.690001 221.402871
187.448954 221.272195
188.201321 221.142582
188.946983 221.014022
189.685825 220.886501
190.417735 220.759996
191.142608 220.634478
191.860344 220.509914
192.570848 220.386262
193.274031 220.263476
193.969808 220.141503
194.658101 220.020282
195.338835 219.899749
196.011943 219.779831
196.677361 219.660450
197.335030 219.541520
197.984898 219.422951
198.626917 219.304645
199.261044 219.186497
199.887241 219.068398
200.505475 218.950231
201.115717 218.831871
201.717942 218.713190
202.312129 218.594051
202.898262 218.474312
203.476329 218.353824
204.046321 218.232431
204.608236 218.109970
205.162072 217.986273
205.707832 217.861165
206.245523 217.734464
206.775152 217.605981
207.296732 217.475525
207.810277 217.342896
208.315803 217.207891
208.813329 217.070301
209.302874 216.929914
209.784460 216.786512
210.258108 216.639876
210.723843 216.489780
211.181687 216.335998
211.631666 216.178302
212.073804 216.016459
212.508125 215.850238
212.934654 215.679405
213.353415 215.503727
213.764429 215.322973
214.167719 215.136910
214.563303 214.945308
214.951200 214.747938
215.331423 214.544574
215.703984 214.334993
216.068891 214.118976
216.426148 213.896306
216.775756 213.666772
217.117709 213.430166
217.451999 213.186289
217.778613 212.934943
218.097534 212.675941
218.408739 212.409099
218.712203 212.134244
219.007898 211.851207
219.295792 211.559832
219.575852 211.259967
219.848039 210.951473
220.112316 210.634219
220.368640 210.308086
220.616970 209.972962
220.857259 209.628750
221.089464 209.275362
221.313538 208.912720
221.529434 208.540762
221.737108 208.159432
221.936513 207.768692
222.127607 207.368513
222.310345 206.958878
222.484687 206.539787
222.650591 206.111250
222.808020 205.673292
222.956938 205.225951
223.097310 204.769279
223.229107 204.303342
223.352300 203.828220
223.466865 203.344007
223.572781 202.850811
223.670033 202.348754
223.758608 201.837973
223.838498 201.318616
223.909701 200.790849
223.972220 200.254851
224.026065 199.710813
224.071248 199.158943
224.107791 198.599461
224.135717 198.032600
224.155060 197.458608
224.165856 196.877743
224.168149 196.290279
224.161986 195.696498
224.147424 195.096698
224.124521 194.491187
224.093345 193.880283
224.053964 193.264314
224.006454 192.643621
223.950896 192.018553
223.887373 191.389466
223.815974 190.756727
223.736790 190.120711
223.649916 189.481799
223.555447 188.840377
223.453483 188.196839
223.344123 187.551583
223.227469 186.905010
223.103620 186.257524
222.972676 185.609531
222.834737 184.961441
222.689899 184.313662
222.538256 183.666602
222.379902 183.020670
222.214924 182.376273
222.043405 181.733817
221.865426 181.093707
221.681061 180.456342
221.490379 179.822122
221.293441 179.191442
221.090305 178.564693
220.881021 177.942262
220.665632 177.324532
220.444175 176.711880
220.216680 176.104676
219.983171 175.503285
219.743662 174.908065
219.498165 174.319366
219.246680 173.737531
218.989204 173.162895
218.725726 172.595782
218.456226 172.036508
218.180680 171.485381
217.899053 170.942695
217.611306 170.408734
217.317391 169.883771
217.017254 169.368067
216.710833 168.861868
216.398061 168.365410
216.078864 167.878914
215.753160 167.402587
215.420865 166.936622
215.081885 166.481199
214.736125 166.036481
214.383483 165.602617
214.023852 165.179741
213.657125 164.767972
213.283189 164.367414
212.901929 163.978157
212.513229 163.600273
212.116969 163.233821
211.713032 162.878846
211.301297 162.535377
210.881648 162.203428
210.453965 161.883001
210.018135 161.574082
209.574043 161.276645
209.121580 160.990653
208.660638 160.716055
208.191116 160.452787
207.712914 160.200778
207.225940 159.959942
206.730108 159.730188
206.225336 159.511411
205.711550 159.303498
205.188685 159.106329
204.656681 158.919774
204.115487 158.743693
203.565060 158.577940
203.005366 158.422360
202.436379 158.276791
201.858082 158.141064
201.270468 158.015002
200.673536 157.898421
200.067297 157.791132
199.451767 157.692941
198.826975 157.603645
198.192953 157.523038
197.549747 157.450910
196.897405 157.387046
196.235987 157.331225
195.565559 157.283228
194.886194 157.242829
194.197973 157.209803
193.500985 157.183923
192.795322 157.164960
192.081087 157.152687
191.358385 157.146877
190.627328 157.147302
189.888036 157.153738
189.140630 157.165960
188.385239 157.183749
187.621994 157.206886
186.851032 157.235156
186.072493 157.268347
185.286518 157.306252
184.493255 157.348667
183.692851 157.395394
182.885456 157.446236
182.071223 157.501005
181.250304 157.559513
180.422853 157.621582
179.589025 157.687034
178.748975 157.755700
177.902856 157.827415
177.050821 157.902018
176.193023 157.979353
175.329612 158.059272
174.460738 158.141629
173.586547 158.226283
172.707184 158.313099
171.822790 158.401945
170.933505 158.492693
170.039463 158.585221
169.140798 158.679409
168.237638 158.775142
167.330107 158.872310
166.418325 158.970806
165.502410 159.070528
164.582471 159.171378
163.658618 159.273263
162.730953 159.376093
161.799575 159.479783
160.864578 159.584253
159.926051 159.689428
158.984080 159.795237
158.038745 159.901613
157.090124 160.008496
156.138289 160.115828
155.183309 160.223557
154.225247 160.331635
153.264165 160.440018
152.300120 160.548664
151.333165 160.657535
150.363352 160.766598
149.390727 160.875820
148.415335 160.985173
147.437219 161.094631
146.456416 161.204171
145.472964 161.313770
144.486896 161.423410
143.498244 161.533075
142.507037 161.642748
141.513304 161.752416
140.517069 161.862068
139.518355 161.971692
138.517186 162.081278
137.513581 162.190819
136.507559 162.300307
135.499140 162.409735
134.488338 162.519099
133.475172 162.628393
132.459654 162.737615
131.441801 162.846760
130.421627 162.955828
129.399144 163.064815
128.374366 163.173722
127.347307 163.282548
126.317978 163.391293
125.286394 163.499958
124.252566 163.608546
123.216509 163.717058
122.178234 163.825498
121.137757 163.933868
120.095092 164.042172
119.050253 164.150413
118.003258 164.258594
116.954124 164.366718
115.902868 164.474788
114.849512 164.582804
113.794077 164.690768
112.736584 164.798681
111.677058 164.906541
110.615525 165.014347
109.552013 165.122094
108.486553 165.229779
107.419174 165.337393
106.349913 165.444928
105.278804 165.552375
104.205888 165.659720
103.131207 165.766949
102.054804 165.874049
100.976726 165.981002
99.897024 166.087793
98.815751 166.194401
97.732963 166.300810
96.648722 166.407001
95.563092 166.512954
94.476140 166.618649
93.387940 166.724066
92.298568 166.829186
91.208104 166.933986
90.116632 167.038447
89.024241 167.142547
87.931025 167.246265
86.837081 167.349582
85.742511 167.452475
84.647419 167.554926
83.551917 167.656914
82.456117 167.758420
81.360139 167.859423
80.264104 167.959907
79.168143 168.059850
78.072387 168.159236
76.976976 168.258046
75.882052 168.356262
74.787766 168.453866
73.694271 168.550839
72.601727 168.647165
71.510301 168.742825
70.420164 168.837800
69.331495 168.932075
68.244477 169.025630
67.159299 169.118450
66.076159 169.210520
64.995255 169.301824
63.916797 169.392349
62.840995 169.482083
61.768068 169.571014
60.698237 169.659133
59.631730 169.746431
58.568777 169.832903
57.509613 169.918542
56.454477 170.003348
55.403609 170.087319
54.357254 170.170456
53.315658 170.252762
52.279067 170.334243
51.247732 170.414907
50.221902 170.494762
49.201826 170.573821
48.187756 170.652096
47.179941 170.729600
46.178630 170.806350
45.184070 170.882361
44.196505 170.957648
43.216172 171.032226
42.243307 171.106108
41.278140 171.179308
40.320896 171.251839
39.371795 171.323714
38.431054 171.394943
37.498880 171.465538
36.575478 171.535509
35.661045 171.604864
34.755771 171.673610
33.859842 171.741755
32.973435 171.809305
32.096720 171.876264
31.229864 171.942634
30.373021 172.008420
29.526337 172.073621
28.689949 172.138240
27.863980 172.202274
27.048545 172.265724
26.243743 172.328589
25.449664 172.390866
24.666383 172.452555
23.893961 172.513652
23.132445 172.574156
22.381865 172.634065
21.642237 172.693376
20.913559 172.752088
20.195814 172.810197
19.488964 172.867702
18.792956 172.924599
18.107719 172.980885
17.433162 173.036557
16.769178 173.091610
16.115639 173.146041
15.472401 173.199844
14.839303 173.253013
14.216165 173.305542
13.602789 173.357425
12.998963 173.408653
12.404455 173.459219
11.819019 173.509113
11.242393 173.558325
10.674299 173.606847
10.114442 173.654666
9.562516 173.701771
9.018198 173.748152
8.481151 173.793797
7.951024 173.838695
7.427457 173.882835
6.910076 173.926209
6.398498 173.968810
5.892334 174.010632
5.391183 174.051671
4.894635 174.091925
4.402275 174.131393
3.913679 174.170076
3.428416 174.207977
2.946050 174.245100
2.466139 174.281452
1.988234 174.317041
1.511887 174.351875
1.036639 174.385966
0.562034 174.419327
0.087609 174.451970
-0.387100 174.483912
-0.862554 174.515167
-1.339215 174.545753
-1.817541 174.575688
-2.297988 174.604991
-2.781006 174.633682
-3.267041 174.661780
-3.756533 174.689307
-4.249914 174.716284
-4.747608 174.742732
-5.250030 174.768674
-5.757585 174.794131
-6.270667 174.819126
-6.789656 174.843681
-7.314922 174.867818
-7.846817 174.891559
-8.385683 174.914927
-8.931844 174.937943
-9.485609 174.960631
-10.047271 174.983012
-10.617108 175.005108
-11.195380 175.026943
-11.782330 175.048539
-12.378186 175.069918
-12.983159 175.091102
-13.597439 175.112113
-14.221204 175.132974
-14.854612 175.153704
-15.497802 175.174326
-16.150899 175.194860
-16.814007 175.215325
-17.487216 175.235740
-18.170596 175.256123
-18.864200 175.276489
-19.568066 175.296856
-20.282214 175.317236
-21.006650 175.337641
-21.741364 175.358084
-22.486333 175.378574
-23.241519 175.399119
-24.006867 175.419726
-24.782312 175.440400
-25.567776 175.461144
-26.363165 175.481961
-27.168376 175.502849
-27.983296 175.523809
-28.807797 175.544837
-29.641745 175.565929
-30.484994 175.587079
-31.337389 175.608280
-32.198767 175.629526
-33.068956 175.650806
-33.947780 175.672111
-34.835053 175.693429
-35.730586 175.714747
-36.634186 175.736053
-37.545653 175.757331
-38.464785 175.778565
-39.391376 175.799738
-40.325219 175.820830
-41.266102 175.841822
-42.213815 175.862693
-43.168144 175.883420
-44.128880 175.903979
-45.095810 175.924347
-46.068725 175.944498
-47.047416 175.964405
-48.031676 175.984041
-49.021302 176.003377
-50.016093 176.022385
-51.015852 176.041032
-52.020384 176.059290
-53.029499 176.077124
-54.043011 176.094501
-55.060738 176.111389
-56.082502 176.127752
-57.108131 176.143555
-58.137457 176.158762
-59.170319 176.173340
-60.206559 176.187251
-61.246028 176.200460
-62.288579 176.212932
-63.334074 176.224631
-64.382380 176.235523
-65.433367 176.245574
-66.486915 176.254749
-67.542908 176.263015
-68.601233 176.270338
-69.661787 176.276687
-70.724470 176.282029
-71.789188 176.286333
-72.855852 176.289568
-73.924380 176.291704
-74.994692 176.292713
-76.066715 176.292568
-77.140380 176.291241
-78.215622 176.288708
-79.292380 176.284944
-80.370596 176.279925
-81.450216 176.273630
-82.531192 176.266037
-83.613476 176.257127
-84.697025 176.246882
-85.781799 176.235283
-86.867759 176.222316
-87.954869 176.207966
-89.043096 176.192221
-90.132406 176.175069
-91.222772 176.156501
-92.314164 176.136510
-93.406556 176.115091
-94.499922 176.092238
-95.594237 176.067950
-96.689476 176.042225
-97.785615 176.015064
-98.882631 175.986469
-99.980501 175.956444
-101.079201 175.924994
-102.178706 175.892128
-103.278993 175.857852
-104.380037 175.822178
-105.481811 175.785116
-106.584289 175.746680
-107.687444 175.706886
-108.791246 175.665749
-109.895665 175.623288
-111.000669 175.579522
-112.106226 175.534471
-113.212298 175.488157
-114.318851 175.440603
-115.425843 175.391834
-116.533235 175.341873
-117.640982 175.290746
-118.749039 175.238480
-119.857358 175.185101
-120.965890 175.130637
-122.074582 175.075116
-123.183380 175.018567
-124.292227 174.961017
-125.401063 174.902497
-126.509827 174.843034
-127.618454 174.782658
-128.726877 174.721398
-129.835027 174.659282
-130.942833 174.596338
-132.050219 174.532594
-133.157109 174.468076
-134.263426 174.402810
-135.369087 174.336823
-136.474011 174.270140
-137.578111 174.202783
-138.681300 174.134777
-139.783489 174.066144
-140.884586 173.996905
-141.984499 173.927080
-143.083132 173.856689
-144.180389 173.785751
-145.276172 173.714283
-146.370379 173.642304
-147.462908 173.569829
-148.553658 173.496876
-149.642523 173.423460
-150.729401 173.349599
-151.814185 173.275309
-152.896769 173.200605
-153.977046 173.125504
-155.054907 173.050023
-156.130244 172.974177
-157.202948 172.897985
-158.272911 172.821463
-159.340021 172.744628
-160.404172 172.667499
-161.465251 172.590094
-162.523150 172.512432
-163.577759 172.434532
-164.628968 172.356414
-165.676668 172.278098
-166.720749 172.199604
-167.761103 172.120954
-168.797620 172.042170
-169.830193 171.963275
-170.858713 171.884292
-171.883075 171.805245
-172.903170 171.726160
-173.918894 171.647062
-174.930139 171.567977
-175.936802 171.488934
-176.938776 171.409959
-177.935959 171.331082
-178.928247 171.252333
-179.915536 171.173743
-180.897723 171.095344
-181.874706 171.017169
-182.846384 170.939253
-183.812654 170.861630
-184.773418 170.784339
-185.728573 170.707416
-186.678021 170.630901
-187.621660 170.554834
-188.559392 170.479256
-189.491118 170.404208
-190.416740 170.329733
-191.336160 170.255875
-192.249281 170.182676
-193.156006 170.110182
-194.056238 170.038434
-194.949884 169.967478
-195.836849 169.897355
-196.717039 169.828106
-197.590364 169.759770
-198.456730 169.692385
-199.316048 169.625985
-200.168225 169.560602
-201.013174 169.496267
-201.850805 169.433005
-202.681032 169.370840
-203.503770 169.309791
-204.318934 169.249874
-205.126442 169.191101
-205.926212 169.133479
-206.718165 169.077010
-207.502223 169.021692
-208.278310 168.967518
-209.046354 168.914474
-209.806283 168.862543
-210.558027 168.811701
-211.301520 168.761918
-212.036698 168.713158
-212.763498 168.665379
-213.481862 168.618534
-214.191733 168.572569
-214.893057 168.527422
-215.585782 168.483027
-216.269860 168.439309
-216.945246 168.396189
-217.611898 168.353581
-218.269777 168.311390
-218.918847 168.269517
-219.559076 168.227857
-220.190438 168.186295
-220.812907 168.144713
-221.426466 168.102984
-222.031098 168.060976
-222.626794 168.018548
-223.213547 167.975556
-223.791355 167.931845
-224.360222 167.887258
-224.920154 167.841627
-225.471165 167.794780
-226.013271 167.746538
-226.546493 167.696715
-227.070857 167.645120
-227.586395 167.591554
-228.093141 167.535815
-228.591135 167.477693
-229.080422 167.416974
-229.561050 167.353437
-230.033073 167.286857
-230.496547 167.217006
-230.951537 167.143651
-231.398106 167.066553
-231.836328 166.985471
-232.266276 166.900160
-232.688028 166.810372
-233.101667 166.715852
-233.507276 166.616346
-233.904946 166.511594
-234.294766 166.401333
-234.676832 166.285298
-235.051239 166.163225
-235.418086 166.034843
-235.777474 165.899885
-236.129506 165.758080
-236.474286 165.609158
-236.811918 165.452850
-237.142511 165.288885
-237.466173 165.116995
-237.783013 164.936912
-238.093143 164.748370
-238.396673 164.551103
-238.693716 164.344850
-238.984385 164.129350
-239.268795 163.904345
-239.547060 163.669582
-239.819295 163.424810
-240.085615 163.169783
-240.346136 162.904257
-240.600974 162.627996
-240.850244 162.340765
-241.094059 162.042336
-241.332534 161.732486
-241.565779 161.410997
-241.793905 161.077659
-242.017021 160.732267
-242.235235 160.374622
-242.448650 160.004533
-242.657372 159.621817
-242.861502 159.226299
-243.061142 158.817814
-243.256391 158.396202
-243.447346 157.961316
-243.634103 157.513016
-243.816756 157.051174
-243.995399 156.575670
-244.170121 156.086395
-244.341012 155.583252
-244.508157 155.066152
-244.671642 154.535022
-244.831548 153.989796
-244.987956 153.430423
-245.140944 152.856864
-245.290586 152.269091
-245.436958 151.667092
-245.580130 151.050867
-245.720172 150.420429
-245.857155 149.775809
-245.991143 149.117051
-246.122202 148.444211
-246.250397 147.757361
-246.375788 147.056588
-246.498436 146.341989
-246.618403 145.613675
-246.735746 144.871770
-246.850525 144.116411
-246.962796 143.347746
-247.072617 142.565936
-247.180041 141.771152
-247.285125 140.963579
-247.387921 140.143409
-247.488482 139.310850
-247.586861 138.466115
-247.683108 137.609431
-247.777273 136.741031
-247.869406 135.861159
-247.959554 134.970068
-248.047764 134.068015
-248.134083 133.155270
-248.218556 132.232105
-248.301227 131.298802
-248.382140 130.355648
-248.461339 129.402935
-248.538867 128.440962
-248.614768 127.470030
-248.689086 126.490447
-248.761865 125.502521
-248.833149 124.506566
-248.902981 123.502896
-248.971405 122.491826
-249.038464 121.473673
-249.104202 120.448755
-249.168661 119.417389
-249.231883 118.379891
-249.293913 117.336575
-249.354790 116.287755
-249.414558 115.233741
-249.473257 114.174842
-249.530928 113.111360
-249.587612 112.043596
-249.643348 110.971846
-249.698177 109.896400
-249.752137 108.817542
-249.805266 107.735553
-249.857603 106.650703
-249.909185 105.563258
-249.960047 104.473474
-250.010225 103.381598
-250.059752 102.287872
-250.108660 101.192527
-250.156980 100.095787
-250.204742 98.997868
-250.251974 97.898979
-250.298701 96.799319
-250.344948 95.699082
-250.390735 94.598452
-250.436081 93.497608
-250.481002 92.396718
-250.525512 91.295945
-250.569621 90.195444
-250.613337 89.095362
-250.656664 87.995838
-250.699605 86.897006
-250.742157 85.798991
-250.784315 84.701912
-250.826069 83.605882
-250.867406 82.511006
-250.908309 81.417384
-250.948759 80.325110
-250.988728 79.234272
-251.028188 78.144952
-251.067105 77.057227
-251.105438 75.971168
-251.143143 74.886843
-251.180168 73.804314
-251.216458 72.723637
-251.251949 71.644868
-251.286573 70.568056
-251.320254 69.493247
-251.352910 68.420484
-251.384453 67.349807
-251.414786 66.281253
-251.443808 65.214855
-251.471410 64.150644
-251.497475 63.088650
-251.521881 62.028899
-251.544497 60.971415
-251.565188 59.916221
-251.583810 58.863338
-251.600215 57.812784
-251.614247 56.764577
-251.625743 55.718734
-251.634537 54.675269
-251.640454 53.634195
-251.643316 52.595527
-251.642938 51.559275
-251.639133 50.525452
-251.631707 49.494069
-251.620464 48.465135
-251.605205 47.438659
-251.585725 46.414651
-251.561819 45.393116
-251.533278 44.374061
-251.499893 43.357489
-251.461450 42.343406
-251.417739 41.331813
-251.368545 40.322711
-251.313657 39.316102
-251.252863 38.311985
-251.185951 37.310357
-251.112712 36.311218
-251.032938 35.314562
-250.946425 34.320385
-250.852971 33.328683
-250.752379 32.339448
-250.644454 31.352673
-250.529008 30.368350
-250.405857 29.386470
-250.274824 28.407022
-250.135738 27.429995
-249.988437 26.455378
-249.832764 25.483159
-249.668573 24.513324
-249.495728 23.545860
-249.314101 22.580754
-249.123577 21.617992
-248.924051 20.657559
-248.715428 19.699442
-248.497630 18.743628
-248.270589 17.790103
-248.034250 16.838856
-247.788573 15.889875
-247.533531 14.943152
-247.269113 13.998678
-246.995319 13.056447
-246.712166 12.116456
-246.419686 11.178703
-246.117924 10.243189
-245.806940 9.309920
-245.486810 8.378903
-245.157623 7.450149
-244.819482 6.523672
-244.472507 5.599490
-244.116827 4.677626
-243.752588 3.758107
-243.379947 2.840963
-242.999075 1.926232
-242.610153 1.013956
-242.213375 0.104182
-241.808945 -0.803037
-241.397079 -1.707639
-240.978001 -2.609558
-240.551948 -3.508720
-240.119164 -4.405044
-239.679903 -5.298444
-239.234427 -6.188824
-238.783006 -7.076083
-238.325916 -7.960114
-237.863439 -8.840800
-237.395866 -9.718019
-236.923491 -10.591642
-236.446612 -11.461530
-235.965533 -12.327541
-235.480562 -13.189523
-234.992007 -14.047319
-234.500180 -14.900761
-234.005395 -15.749679
-233.507963 -16.593893
-233.008199 -17.433217
-232.506413 -18.267459
-232.002915 -19.096419
-231.498010 -19.919894
-230.992001 -20.737675
-230.485183 -21.549546
-229.977848 -22.355288
-229.470278 -23.154678
-228.962751 -23.947489
-228.455533 -24.733490
-227.948883 -25.512450
-227.443047 -26.284132
-226.938263 -27.048301
-226.434756 -27.804717
-225.932740 -28.553141
-225.432414 -29.293334
-224.933967 -30.025057
-224.437573 -30.748069
-223.943393 -31.462131
-223.451573 -32.167006
-222.962247 -32.862457
-222.475533 -33.548247
-221.991536 -34.224141
-221.510346 -34.889908
-221.032042 -35.545314
-220.556684 -36.190130
-220.084323 -36.824131
-219.614993 -37.447093
-219.148716 -38.058796
-218.685501 -38.659024
-218.225340 -39.247568
-217.768215 -39.824222
-217.314092 -40.388788
-216.862923 -40.941074
-216.414647 -41.480894
-215.969188 -42.008069
-215.526457 -42.522429
-215.086353 -43.023808
-214.648759 -43.512048
-214.213548 -43.987000
-213.780577 -44.448520
-213.349692 -44.896473
-212.920726 -45.330731
-212.493500 -45.751175
-212.067823 -46.157692
-211.643492 -46.550177
-211.220293 -46.928534
-210.798002 -47.292673
-210.376384 -47.642515
-209.955195 -47.977985
-209.534182 -48.299019
-209.113083 -48.605559
-208.691629 -48.897555
-208.269546 -49.174965
-207.846551 -49.437752
-207.422358 -49.685888
-206.996677 -49.919351
-206.569214 -50.138125
-206.139671 -50.342202
-205.707750 -50.531578
-205.273152 -50.706256
-204.835578 -50.866244
-204.394729 -51.011555
-203.950310 -51.142210
-203.502025 -51.258234
-203.049583 -51.359656
-202.592698 -51.446513
-202.131086 -51.518846
-201.664469 -51.576702
-201.192573 -51.620136
-200.715130 -51.649207
-200.231876 -51.663982
-199.742553 -51.664534
-199.246909 -51.650947
-198.744698 -51.623307
-198.235679 -51.581713
-197.719621 -51.526268
-197.196295 -51.457084
-196.665482 -51.374281
-196.126970 -51.277985
-195.580556 -51.168327
-195.026044 -51.045447
-194.463249 -50.909490
-193.891994 -50.760604
-193.312114 -50.598944
-192.723453 -50.424671
-192.125867 -50.237951
-191.519223 -50.038955
-190.903397 -49.827860
-190.278280 -49.604846
-189.643773 -49.370101
-188.999788 -49.123816
-188.346254 -48.866189
-187.683107 -48.597421
-187.010301 -48.317721
-186.327798 -48.027302
-185.635577 -47.726380
-184.933626 -47.415181
-184.221947 -47.093931
-183.500554 -46.762864
-182.769473 -46.422219
-182.028744 -46.072237
-181.278414 -45.713167
-180.518546 -45.345260
-179.749209 -44.968771
-178.970486 -44.583960
-178.182470 -44.191090
-177.385260 -43.790427
-176.578967 -43.382238
-175.763709 -42.966797
-174.939612 -42.544377
-174.106809 -42.115253
-173.265440 -41.679705
-172.415651 -41.238009
-171.557592 -40.790447
-170.691418 -40.337299
-169.817291 -39.878848
-168.935374 -39.415375
-168.045835 -38.947164
-167.148844 -38.474495
-166.244576 -37.997648
-165.333208 -37.516902
-164.414921 -37.032534
-163.489898 -36.544817
-162.558325 -36.054022
-161.620388 -35.560416
-160.676278 -35.064264
-159.726184 -34.565824
-158.770300 -34.065352
-157.808819 -33.563100
-156.841932 -33.059315
-155.869835 -32.554240
-154.892719 -32.048114
-153.910774 -31.541171
-152.924191 -31.033643
-151.933159 -30.525757
-150.937862 -30.017734
-149.938484 -29.509793
-148.935205 -29.002147
-147.928201 -28.495006
-146.917644 -27.988574
-145.903703 -27.483050
-144.886542 -26.978631
-143.866320 -26.475504
-142.843191 -25.973855
-141.817303 -25.473861
-140.788800 -24.975694
-139.757822 -24.479520
-138.724502 -23.985499
-137.688967 -23.493784
-136.651341 -23.004523
-135.611742 -22.517856
-134.570281 -22.033917
-133.527066 -21.552834
-132.482200 -21.074732
-131.435779 -20.599726
-130.387895 -20.127929
-129.338636 -19.659448
-128.288084 -19.194385
-127.236318 -18.732837
-126.183412 -18.274898
-125.129436 -17.820657
-124.074456 -17.370202
-123.018535 -16.923614
-121.961733 -16.480973
-120.904104 -16.042352
-119.845704 -15.607824
-118.786582 -15.177455
-117.726788 -14.751308
-116.666367 -14.329444
-115.605365 -13.911919
-114.543823 -13.498785
-113.481781 -13.090091
-112.419278 -12.685882
-111.356353 -12.286200
-110.293041 -11.891083
-109.229377 -11.500567
-108.165398 -11.114682
-107.101136 -10.733458
-106.036626 -10.356919
-104.971902 -9.985085
-103.906997 -9.617977
-102.841948 -9.255609
-101.776788 -8.897995
-100.711556 -8.545142
-99.646288 -8.197056
-98.581025 -7.853741
-97.515807 -7.515195
-96.450680 -7.181415
-95.385690 -6.852393
-94.320887 -6.528118
-93.256323 -6.208579
-92.192056 -5.893759
-91.128145 -5.583639
-90.064654 -5.278198
-89.001652 -4.977415
-87.939210 -4.681264
-86.877404 -4.389720
-85.816314 -4.102755
-84.756023 -3.820340
-83.696621 -3.542448
-82.638200 -3.269047
-81.580858 -3.000108
-80.524696 -2.735599
-79.469822 -2.475486
-78.416348 -2.219737
-77.364392 -1.968317
-76.314076 -1.721191
-75.265528 -1.478323
-74.218881 -1.239675
-73.174275 -1.005207
-72.131853 -0.774881
-71.091766 -0.548652
-70.054169 -0.326477
-69.019222 -0.108311
-67.987092 0.105893
-66.957950 0.316182
-65.931973 0.522604
-64.909341 0.725210
-63.890241 0.924049
-62.874862 1.119173
-61.863399 1.310634
-60.856051 1.498482
-59.853022 1.682771
-58.854521 1.863552
-57.860760 2.040876
-56.871956 2.214793
-55.888329 2.385353
-54.910106 2.552606
-53.937514 2.716600
-52.970785 2.877383
-52.010156 3.035001
-51.055861 3.189500
-50.108141 3.340927
-49.167237 3.489326
-48.233390 3.634741
-47.306843 3.777215
-46.387839 3.916789
-45.476620 4.053505
-44.573428 4.187403
-43.678505 4.318523
-42.792089 4.446902
-41.914418 4.572579
-41.045727 4.695590
-40.186249 4.815971
-39.336214 4.933757
-38.495848 5.048984
-37.665375 5.161686
-36.845013 5.271897
-36.034978 5.379652
-35.235481 5.484985
-34.446726 5.587932
-33.668915 5.688527
-32.902241 5.786805
-32.146890 5.882800
-31.403044 5.976547
-30.670874 6.068082
-29.950546 6.157439
-29.242215 6.244654
-28.546029 6.329761
-27.862125 6.412795
-27.190632 6.493791
-26.531669 6.572782
-25.885345 6.649801
-25.251760 6.724882
-24.631004 6.798055
-24.023155 6.869352
-23.428285 6.938804
-22.846453 7.006438
-22.277709 7.072282
-21.722096 7.136363
-21.179643 7.198705
-20.650371 7.259334
-20.134286 7.318272
-19.631386 7.375545
-19.141652 7.431176
-18.665056 7.485190
-18.201552 7.537610
-17.751086 7.588462
-17.313587 7.637772
-16.888974 7.685565
-16.477154 7.731866
-16.078021 7.776702
-15.691461 7.820098
-15.317346 7.862082
-14.955542 7.902679
-14.605901 7.941917
-14.268269 7.979821
-13.942481 8.016420
-13.628367 8.051739
-13.325744 8.085806
-13.034427 8.118649
-12.754219 8.150293
-12.484919 8.180767
-12.226318 8.210099
-11.978204 8.238316
-11.740355 8.265444
-11.512546 8.291513
-11.294546 8.316548
-11.086120 8.340577
-10.887028 8.363627
-10.697026 8.385723
-10.515864 8.406894
-10.343291 8.427165
-10.179052 8.446564
-10.022890 8.465118
-9.874544 8.482855
-9.733752 8.499804
-9.600250 8.515993
-9.473775 8.531453
-9.354060 8.546214
-9.240838 8.560310
-9.133842 8.573775
-9.032806 8.586645
-8.937460 8.598960
-8.847537 8.610760
-8.762769 8.622092
-8.682888 8.633001
-8.607626 8.643541
-8.536714 8.653767
-8.469887 8.663740
-8.406877 8.673525
-8.347422 8.683193
-8.291261 8.692818
-8.238137 8.702478
-8.187800 8.712257
-8.140003 8.722244
-8.094508 8.732531
-8.051081 8.743217
-8.009494 8.754405
-7.969527 8.766203
-7.930964 8.778725
-7.893596 8.792092
-7.857220 8.806430
-7.821639 8.821871
-7.786663 8.838555
-7.752106 8.856626
-7.717790 8.876238
-7.683541 8.897549
-7.649193 8.920726
-7.614585 8.945942
-7.579559 8.973379
-7.543968 9.003225
-7.507665 9.035677
-7.470513 9.070939
-7.432377 9.109224
-7.393130 9.150752
-7.352648 9.195753
-7.310815 9.244465
-7.267520 9.297133
-7.222658 9.354011
-7.176132 9.415360
-7.127851 9.481449
-7.077732 9.552555
-7.025700 9.628959
-6.971689 9.710953
-6.915640 9.798830
-6.857504 9.892892
-6.797239 9.993445
-6.734816 10.100800
-6.670210 10.215273
-6.603410 10.337180
-6.534411 10.466843
-6.463218 10.604585
-6.389846 10.750730
-6.314319 10.905602
-6.236669 11.069529
-6.156938 11.242833
-6.075177 11.425840
-5.991444 11.618868
-5.905806 11.822238
-5.818340 12.036262
-5.729126 12.261249
-5.638254 12.497506
-5.545818 12.745329
-5.451920 13.005010
-5.356665 13.276836
-5.260162 13.561082
-5.162527 13.858017
-5.063877 14.167902
-4.964334 14.490985
-4.864020 14.827506
-4.763062 15.177695
-4.661587 15.541767
-4.559724 15.919928
-4.457603 16.312370
-4.355353 16.719272
-4.253105 17.140800
-4.150989 17.577104
-4.049135 18.028321
-3.947674 18.494573
-3.846735 18.975963
-3.746448 19.472581
-3.646942 19.984498
-3.548345 20.511769
-3.450784 21.054430
-3.354389 21.612499
-3.259284 22.185975
-3.165595 22.774838
-3.073446 23.379050
-2.982957 23.998555
-2.894246 24.633278
-2.807427 25.283125
-2.722609 25.947986
-2.639899 26.627734
-2.559395 27.322223
-2.481191 28.031293
-2.405374 28.754766
-2.332025 29.492449
-2.261217 30.244134
-2.193016 31.009600
-2.127481 31.788610
-2.064662 32.580916
-2.004604 33.386257
-1.947340 34.204358
-1.892901 35.034937
-1.841305 35.877699
-1.792568 36.732338
-1.746694 37.598543
-1.703681 38.475993
-1.663523 39.364360
-1.626204 40.263310
-1.591703 41.172507
-1.559992 42.091607
-1.531039 43.020264
-1.504803 43.958132
-1.481239 44.904860
-1.460300 45.860096
-1.441929 46.823490
-1.426068 47.794692
-1.412657 48.773352
-1.401631 49.759124
-1.392922 50.751664
-1.386461 51.750632
-1.382178 52.755692
-1.380002 53.766512
-1.379859 54.782767
-1.381676 55.804136
-1.385379 56.830306
-1.390895 57.860970
-1.398149 58.895831
-1.407067 59.934597
-1.417574 60.976987
-1.429596 62.022729
-1.443058 63.071561
-1.457886 64.123232
-1.474003 65.177499
-1.491336 66.234135
-1.509809 67.292922
-1.529350 68.353653
-1.549885 69.416133
-1.571341 70.480180
-1.593650 71.545620
-1.616740 72.612293
-1.640546 73.680048
-1.665003 74.748746
-1.690047 75.818259
-1.715619 76.888467
-1.741661 77.959264
-1.768119 79.030549
-1.794942 80.102236
-1.822081 81.174245
-1.849491 82.246505
-1.877131 83.318958
-1.904962 84.391551
-1.932948 85.464240
-1.961056 86.536990
-1.989257 87.609773
-2.017524 88.682567
-2.045832 89.755358
-2.074160 90.828135
-2.102490 91.900895
-2.130805 92.973637
-2.159091 94.046366
-2.187339 95.119090
-2.215539 96.191821
-2.243684 97.264574
-2.271770 98.337367
-2.299793 99.410220
-2.327754 100.483155
-2.355651 101.556195
-2.383487 102.629363
-2.411263 103.702682
-2.438983 104.776178
-2.466651 105.849873
-2.494272 106.923792
-2.521851 107.997956
-2.549394 109.072389
-2.576907 110.147110
-2.604395 111.222142
-2.631865 112.297502
-2.659324 113.373208
-2.686777 114.449277
-2.714232 115.525723
-2.741694 116.602558
-2.769170 117.679794
-2.796668 118.757437
-2.824194 119.835495
-2.851754 120.913970
-2.879355 121.992863
-2.907003 123.072173
-2.934704 124.151898
-2.962463 125.232030
-2.990285 126.312564
-3.018175 127.393489
-3.046138 128.474796
-3.074177 129.556470
-3.102295 130.638498
-3.130496 131.720862
-3.158782 132.803545
-3.187155 133.886527
-3.215616 134.969786
-3.244166 136.053297
-3.272803 137.137035
-3.301529 138.220971
-3.330342 139.305076
-3.359240 140.389320
-3.388223 141.473669
-3.417289 142.558091
-3.446435 143.642553
-3.475659 144.727020
-3.504958 145.811459
-3.534327 146.895834
-3.563762 147.980112
-3.593260 149.064257
-3.622814 150.148235
-3.652421 151.232010
-3.682075 152.315545
-3.711769 153.398807
-3.741499 154.481759
-3.771257 155.564368
-3.801037 156.646600
-3.830833 157.728422
-3.860636 158.809802
-3.890440 159.890709
-3.920239 160.971113
-3.950025 162.050984
-3.979791 163.130293
-4.009533 164.209010
-4.039244 165.287107
-4.068918 166.364555
-4.098550 167.441328
-4.128135 168.517396
-4.157667 169.592734
-4.187143 170.667313
-4.216560 171.741110
-4.245912 172.814098
-4.275198 173.886253
-4.304415 174.957553
-4.333561 176.027975
-4.362634 177.097498
-4.391634 178.166102
-4.420560 179.233769
-4.449414 180.300479
-4.478195 181.366216
-4.506906 182.430965
-4.535548 183.494712
-4.564123 184.557444
-4.592635 185.619149
-4.621087 186.679821
-4.649482 187.739453
-4.677825 188.798042
-4.706119 189.855587
-4.734370 190.912092
-4.762583 191.967562
-4.790762 193.022005
-4.818914 194.075433
-4.847044 195.127860
-4.875158 196.179302
-4.903262 197.229778
-4.931365 198.279310
-4.959472 199.327921
-4.987594 200.375638
-5.015738 201.422489
-5.043913 202.468507
-5.072129 203.513725
-5.100396 204.558178
-5.128724 205.601906
-5.157125 206.644949
-5.185611 207.687351
-5.214194 208.729155
-5.242887 209.770406
-5.271703 210.811153
-5.300655 211.851442
-5.329754 212.891322
-5.359014 213.930843
-5.388445 214.970056
-5.418057 216.009013
-5.447861 217.047768
-5.477865 218.086373
-5.508079 219.124885
-5.538511 220.163357
-5.569170 221.201845
-5.600063 222.240403
-5.631197 223.279086
-5.662579 224.317948
-5.694213 225.357041
-5.726105 226.396418
-5.758259 227.436127
-5.790677 228.476216
-5.823362 229.516732
-5.856316 230.557718
-5.889539 231.599214
-5.923031 232.641259
-5.956790 233.683889
-5.990816 234.727135
-6.025106 235.771026
-6.059655 236.815589
-6.094458 237.860844
-6.129510 238.906811
-6.164805 239.953502
-6.200335 241.000927
-6.236091 242.049091
-6.272065 243.097995
-6.308245 244.147636
-6.344621 245.198003
-6.381180 246.249085
-6.417909 247.300865
-6.454791 248.353323
-6.491810 249.406432
-6.528948 250.460167
-6.566185 251.514494
-6.603500 252.569380
-6.640870 253.624786
-6.678270 254.680673
-6.715673 255.736999
-6.753052 256.793720
-6.790376 257.850792
-6.827614 258.908169
-6.864730 259.965806
-6.901690 261.023656
-6.938457 262.081676
-6.974992 263.139823
-7.011256 264.198057
-7.047208 265.256336
-7.082809 266.314626
-7.118015 267.372889
-7.152787 268.431092
-7.187082 269.489204
-7.220856 270.547197
-7.254068 271.605045
-7.286671 272.662727
-7.318623 273.720223
-7.349876 274.777518
-7.380386 275.834600
-7.410107 276.891461
-7.438994 277.948097
-7.467001 279.004509
-7.494083 280.060702
-7.520194 281.116684
-7.545291 282.172469
-7.569328 283.228077
-7.592262 284.283530
-7.614048 285.338855
-7.634644 286.394084
-7.654008 287.449253
-7.672099 288.504403
-7.688877 289.559578
-7.704303 290.614826
-7.718339 291.670199
-7.730910 292.722758
-7.741943 293.769560
-7.751366 294.807657
-7.759108 295.834094
-7.765103 296.845911
-7.769285 297.840140
-7.771589 298.813810
-7.771955 299.763940
-7.770326 300.687542
-7.766644 301.581624
-7.760858 302.443181
-7.752919 303.269205
-7.742778 304.056675
-7.730394 304.802566
-7.715726 305.503838
-7.698736 306.157445
-7.679393 306.760327
-7.657665 307.309416
-7.633525 307.801628
-7.606952 308.233869
-7.577923 308.603032
-7.546424 308.905995
-7.512439 309.139620
-7.475959 309.300759
-7.435870 309.314388
-7.392218 309.180091
-7.345052 308.897446
-7.294421 308.466025
-7.240378 307.885398
-7.182976 307.155129
-7.122272 306.274776
-7.058323 305.243893
-6.991188 304.062027
-6.920929 302.728723
-6.847607 301.243519
-6.771287 299.605949
-6.692033 297.815543
-6.609910 295.871826
-6.524985 293.774317
-6.437326 291.522533
-6.347002 289.115985
-6.254080 286.554181
-6.158631 283.836625
-6.060724 280.962817
-5.960429 277.932256
-5.857816 274.744435
-5.752956 271.398848
-5.645918 267.894984
-5.490264 261.566359
-5.335196 255.216250
-5.180791 248.847599
-5.027128 242.463352
-4.874283 236.066466
-4.722332 229.659905
-4.571347 223.246640
-4.421404 216.829653
-4.272573 210.411931
-4.124924 203.996473
-3.978527 197.586285
-3.833449 191.184382
-3.689756 184.793790
-3.547511 178.417542
-3.406776 172.058683
-3.267612 165.720264
-3.130076 159.405351
-2.994226 153.117016
-2.860115 146.858344
-2.727797 140.632430
-2.597321 134.442381
-2.468737 128.291314
-2.342090 122.182359
-2.217427 116.118657
