-0.128296 8.817556
-0.137463 9.424315
-0.146981 10.052078
-0.156853 10.701088
-0.167082 11.371573
-0.177671 12.063756
-0.188620 12.777847
-0.199932 13.514046
-0.211604 14.272545
-0.223638 15.053525
-0.236030 15.857156
-0.248779 16.683600
-0.261879 17.533007
-0.275328 18.405519
-0.289119 19.301268
-0.303245 20.220375
-0.317700 21.162952
-0.332475 22.129102
-0.347561 23.118917
-0.362948 24.132480
-0.378627 25.169864
-0.394585 26.231133
-0.410812 27.316342
-0.427296 28.425534
-0.444024 29.558744
-0.460984 30.715998
-0.475885 31.730760
-0.490817 32.757783
-0.505759 33.796580
-0.520688 34.846666
-0.535582 35.907553
-0.550419 36.978754
-0.565174 38.059785
-0.579825 39.150159
-0.594350 40.249389
-0.608722 41.356990
-0.622920 42.472478
-0.636918 43.595367
-0.650692 44.725173
-0.664216 45.861413
-0.677465 47.003604
-0.690414 48.151263
-0.703038 49.303910
-0.715311 50.461065
-0.727208 51.622249
-0.738705 52.786982
-0.749778 53.954790
-0.760402 55.125196
-0.770554 56.297726
-0.780213 57.471908
-0.789358 58.647270
-0.797967 59.823344
-0.806056 61.002545
-0.813610 62.184648
-0.820616 63.369439
-0.827062 64.556714
-0.832937 65.746282
-0.838235 66.937961
-0.842947 68.131582
-0.847071 69.326986
-0.850604 70.524026
-0.853547 71.722565
-0.855901 72.922479
-0.857672 74.123652
-0.858867 75.325980
-0.859495 76.529370
-0.859568 77.733738
-0.859100 78.939012
-0.858105 80.145128
-0.856603 81.352034
-0.854612 82.559687
-0.852152 83.768056
-0.849246 84.977116
-0.845918 86.186855
-0.842190 87.397270
-0.838090 88.608367
-0.833644 89.820163
-0.828877 91.032684
-0.823820 92.245966
-0.818499 93.460045
-0.812945 94.674955
-0.807185 95.890732
-0.801250 97.107410
-0.795170 98.325023
-0.788975 99.543605
-0.782697 100.763188
-0.776365 101.983803
-0.770012 103.205481
-0.763669 104.428249
-0.757368 105.652137
-0.751143 106.877169
-0.745025 108.103370
-0.739047 109.330761
-0.733241 110.559363
-0.727640 111.789193
-0.722276 113.020266
-0.717179 114.252596
-0.712380 115.486192
-0.707909 116.721061
-0.703795 117.957207
-0.700066 119.194630
-0.696749 120.433328
-0.693869 121.673296
-0.691452 122.914523
-0.689521 124.156996
-0.688097 125.400698
-0.687202 126.645608
-0.686853 127.891702
-0.687069 129.138950
-0.687864 130.387321
-0.689251 131.636777
-0.691242 132.887276
-0.693847 134.138775
-0.697073 135.391223
-0.700926 136.644567
-0.705409 137.898749
-0.710523 139.153706
-0.716270 140.409371
-0.722647 141.665672
-0.729651 142.922535
-0.737276 144.179877
-0.745517 145.437614
-0.754366 146.695655
-0.763814 147.953906
-0.773851 149.212265
-0.784467 150.470627
-0.795650 151.728884
-0.807388 152.986920
-0.819669 154.244616
-0.832478 155.501847
-0.845803 156.758485
-0.859630 158.014396
-0.873943 159.269443
-0.888728 160.523485
-0.903970 161.776375
-0.919653 163.027964
-0.935761 164.278099
-0.952278 165.526622
-0.969186 166.773373
-0.986468 168.018187
-1.004109 169.260898
-1.022088 170.501337
-1.040391 171.739330
-1.058997 172.974703
-1.077891 174.207280
-1.097053 175.436881
-1.116467 176.663327
-1.136115 177.886436
-1.155982 179.106026
-1.176049 180.321914
-1.196302 181.533916
-1.216724 182.741849
-1.237300 183.945531
-1.258015 185.144780
-1.278855 186.339416
-1.299804 187.529260
-1.320850 188.714137
-1.341978 189.893872
-1.363176 191.068294
-1.384431 192.237235
-1.405730 193.400530
-1.427061 194.558020
-1.448413 195.709548
-1.469773 196.854963
-1.491129 197.994121
-1.512470 199.126881
-1.533784 200.253112
-1.555059 201.372688
-1.576283 202.485490
-1.597443 203.591410
-1.618528 204.690345
-1.639524 205.782204
-1.660418 206.866903
-1.681196 207.944368
-1.701846 209.014536
-1.722353 210.077354
-1.742702 211.132779
-1.762879 212.180776
-1.782868 213.221323
-1.802654 214.254407
-1.822220 215.280026
-1.841551 216.298187
-1.860630 217.308908
-1.879442 218.312217
-1.897968 219.308151
-1.916193 220.296760
-1.934101 221.278101
-1.951675 222.252242
-1.968898 223.219261
-1.985755 224.179245
-2.002229 225.132292
-2.018305 226.078504
-2.033966 227.017997
-2.049198 227.950890
-2.063984 228.877314
-2.078311 229.797403
-2.092162 230.711301
-2.105525 231.619157
-2.118384 232.521124
-2.130726 233.417363
-2.142536 234.308036
-2.153803 235.193311
-2.164513 236.073360
-2.174656 236.948354
-2.184220 237.818470
-2.193197 238.683882
-2.201578 239.544767
-2.209357 240.401302
-2.216528 241.253662
-2.223089 242.102023
-2.229040 242.946556
-2.234382 243.787432
-2.239121 244.624816
-2.243264 245.458870
-2.246824 246.289750
-2.249815 247.117609
-2.252256 247.942591
-2.254170 248.764833
-2.255585 249.584466
-2.256531 250.401609
-2.257045 251.216376
-2.257168 252.028868
-2.256946 252.839177
-2.256431 253.647383
-2.255679 254.453554
-2.254750 255.257746
-2.253712 256.060002
-2.252635 256.860353
-2.251595 257.658815
-2.250674 258.455393
-2.249956 259.250076
-2.249533 260.042841
-2.249499 260.833649
-2.249955 261.622449
-2.251006 262.409171
-2.252760 263.193733
-2.255331 263.976038
-2.258838 264.755973
-2.263402 265.533408
-2.269150 266.308200
-2.276212 267.080189
-2.284720 267.849204
-2.294814 268.615054
-2.306634 269.377538
-2.320324 270.136439
-2.336033 270.891527
-2.353910 271.642559
-2.374110 272.389279
-2.396790 273.131417
-2.422107 273.868694
-2.450224 274.600817
-2.481302 275.327482
-2.515504 276.048373
-2.552995 276.763165
-2.593939 277.471521
-2.638499 278.173095
-2.686838 278.867530
-2.739117 279.554463
-2.795493 280.233517
-2.856121 280.904312
-2.921152 281.566457
-2.990730 282.219555
-3.064996 282.863203
-3.144082 283.496990
-3.228115 284.120500
-3.317213 284.733312
-3.411485 285.334998
-3.511033 285.925128
-3.615946 286.503268
-3.726304 287.068978
-3.842177 287.621820
-3.963621 288.161350
-4.090682 288.687126
-4.223392 289.198704
-4.361773 289.695640
-4.505834 290.177494
-4.655570 290.643827
-4.810967 291.094200
-4.971996 291.528181
-5.138618 291.945339
-5.310781 292.345248
-5.488419 292.727488
-5.671456 293.091641
-5.859803 293.437301
-6.053358 293.764065
-6.252006 294.071541
-6.455620 294.359343
-6.664062 294.627094
-6.877183 294.874430
-7.094819 295.100993
-7.316798 295.306439
-7.542935 295.490434
-7.773034 295.652654
-8.006889 295.792790
-8.244280 295.910541
-8.484980 296.005622
-8.728750 296.077758
-8.975339 296.126690
-9.224491 296.152170
-9.475937 296.153965
-9.729402 296.131857
-9.984602 296.085643
-10.241246 296.015134
-10.499037 295.920158
-10.757674 295.800560
-11.016850 295.656201
-11.276255 295.486959
-11.535576 295.292728
-11.794501 295.073422
-12.052716 294.828971
-12.309910 294.559322
-12.565773 294.264442
-12.819999 293.944314
-13.072287 293.598941
-13.322342 293.228345
-13.569877 292.832564
-13.814610 292.411657
-14.056270 291.965703
-14.294597 291.494794
-14.529341 290.999046
-14.760263 290.478587
-14.987137 289.933569
-15.209750 289.364154
-15.427900 288.770528
-15.641398 288.152887
-15.850070 287.511447
-16.053752 286.846439
-16.252293 286.158108
-16.445555 285.446713
-16.633412 284.712531
-16.815752 283.955850
-16.992473 283.176969
-17.163487 282.376205
-17.328720 281.553882
-17.488107 280.710336
-17.641599 279.845915
-17.789156 278.960975
-17.930753 278.055882
-18.066373 277.131011
-18.196015 276.186743
-18.319686 275.223469
-18.437407 274.241584
-18.549208 273.241490
-18.655131 272.223597
-18.755232 271.188316
-18.849575 270.136068
-18.938236 269.067275
-19.021302 267.982362
-19.098870 266.881759
-19.171046 265.765899
-19.237946 264.635216
-19.299696 263.490147
-19.356431 262.331128
-19.408291 261.158599
-19.455427 259.972997
-19.497995 258.774761
-19.536157 257.564329
-19.570080 256.342137
-19.599936 255.108623
-19.625899 253.864219
-19.648147 252.609361
-19.666858 251.344480
-19.682213 250.070004
-19.694391 248.786361
-19.703570 247.493975
-19.709930 246.193268
-19.713643 244.884659
-19.714884 243.568564
-19.713818 242.245395
-19.710611 240.915562
-19.705421 239.579474
-19.698401 238.237534
-19.689701 236.890144
-19.679464 235.537702
-19.667828 234.180603
-19.654926 232.819240
-19.640886 231.454003
-19.625831 230.085276
-19.609880 228.713442
-19.593145 227.338882
-19.575735 225.961972
-19.557754 224.583087
-19.539301 223.202598
-19.520469 221.820876
-19.501350 220.438287
-19.482027 219.055196
-19.462583 217.671967
-19.443094 216.288961
-19.423635 214.906537
-19.404272 213.525053
-19.385072 212.144866
-19.366096 210.766330
-19.347399 209.389795
-19.329034 208.015613
-19.311050 206.644129
-19.293491 205.275688
-19.276396 203.910629
-19.259801 202.549289
-19.243737 201.192000
-19.228232 199.839090
-19.213308 198.490880
-19.198985 197.147686
-19.185278 195.809819
-19.172197 194.477581
-19.159751 193.151268
-19.147942 191.831167
-19.136773 190.517559
-19.126239 189.210711
-19.116337 187.910884
-19.107057 186.618327
-19.098390 185.333278
-19.090322 184.055964
-19.082839 182.786599
-19.075923 181.525383
-19.069557 180.272506
-19.063720 179.028139
-19.058391 177.792443
-19.053548 176.565563
-19.049168 175.347628
-19.045226 174.138752
-19.041700 172.939031
-19.038562 171.748548
-19.035789 170.567366
-19.033353 169.395531
-19.031228 168.233075
-19.029387 167.080008
-19.027803 165.936326
-19.026446 164.802006
-19.025287 163.677005
-19.024298 162.561264
-19.023447 161.454707
-19.022705 160.357235
-19.022039 159.268735
-19.021419 158.189072
-19.020813 157.118096
-19.020187 156.055634
-19.019509 155.001496
-19.018745 153.955474
-19.017862 152.917340
-19.016824 151.886846
-19.015598 150.863729
-19.014150 149.847706
-19.012444 148.838478
-19.010446 147.835730
-19.008122 146.839131
-19.005437 145.848336
-19.002359 144.862984
-18.998855 143.882705
-18.994891 142.907113
-18.990437 141.935814
-18.985462 140.968402
-18.979935 140.004465
-18.973829 139.043581
-18.967115 138.085321
-18.959766 137.129251
-18.951757 136.174934
-18.943063 135.221927
-18.933662 134.269788
-18.923531 133.318070
-18.912650 132.366328
-18.901002 131.414119
-18.888568 130.461000
-18.875336 129.506532
-18.861291 128.550281
-18.846422 127.591817
-18.830722 126.630717
-18.814182 125.666564
-18.796797 124.698951
-18.778565 123.727476
-18.759484 122.751750
-18.739555 121.771394
-18.718780 120.786037
-18.697165 119.795323
-18.674717 118.798907
-18.651445 117.796457
-18.627358 116.787655
-18.602471 115.772197
-18.576797 114.749793
-18.550353 113.720171
-18.523158 112.683072
-18.495232 111.638253
-18.466596 110.585491
-18.437273 109.524577
-18.407286 108.455322
-18.376663 107.377553
-18.345428 106.291116
-18.313611 105.195878
-18.281239 104.091721
-18.248343 102.978552
-18.214953 101.856292
-18.181101 100.724886
-18.146818 99.584293
-18.112136 98.434494
-18.077090 97.275484
-18.041711 96.107279
-18.006033 94.929910
-17.970089 93.743422
-17.933913 92.547880
-17.897537 91.343360
-17.860995 90.129954
-17.824320 88.907767
-17.787543 87.676917
-17.750698 86.437535
-17.713816 85.189764
-17.676928 83.933755
-17.640066 82.669673
-17.603260 81.397688
-17.566540 80.117984
-17.529935 78.830748
-17.493474 77.536178
-17.457184 76.234476
-17.421090 74.925852
-17.385220 73.610520
-17.349595 72.288699
-17.314239 70.960610
-17.279173 69.626481
-17.244416 68.286540
-17.209988 66.941018
-17.175906 65.590145
-17.142185 64.234155
-17.108840 62.873281
-17.075883 61.507755
-17.043326 60.137809
-17.011178 58.763675
-16.979447 57.385581
-16.948141 56.003754
-16.917265 54.618417
-16.886822 53.229791
-16.856815 51.838092
-16.827245 50.443531
-16.798112 49.046315
-16.769414 47.646645
-16.741150 46.244717
-16.713316 44.840719
-16.685908 43.434834
-16.658920 42.027235
-16.632349 40.618092
-16.606186 39.207562
-16.580424 37.795797
-16.555056 36.382939
-16.530073 34.969121
-16.505466 33.554471
-16.481226 32.139106
-16.457345 30.723136
-16.433812 29.306667
-16.410618 27.889793
-16.387753 26.472603
-16.365208 25.055182
-16.342973 23.637606
-16.321038 22.219945
-16.299392 20.802263
-16.278027 19.384621
-16.256932 17.967072
-16.236098 16.549664
-16.215513 15.132442
-16.195169 13.715446
-16.175054 12.298711
-16.155160 10.882270
-16.135475 9.466151
-16.115989 8.050378
-16.096692 6.634975
-16.077574 5.219960
-16.058625 3.805350
-16.039836 2.391161
-16.021197 0.977405
-16.002700 -0.435905
-15.984337 -1.848762
-15.966098 -3.261156
-15.947976 -4.673079
-15.929964 -6.084526
-15.912056 -7.495490
-15.894244 -8.905967
-15.876523 -10.315953
-15.858889 -11.725443
-15.841336 -13.134435
-15.823861 -14.542922
-15.806460 -15.950903
-15.789130 -17.358369
-15.771869 -18.765317
-15.754676 -20.171737
-15.737550 -21.577622
-15.720490 -22.982961
-15.703495 -24.387740
-15.686566 -25.791946
-15.669704 -27.195562
-15.652908 -28.598566
-15.636180 -30.000937
-15.619522 -31.402649
-15.602935 -32.803672
-15.586423 -34.203974
-15.569986 -35.603518
-15.553629 -37.002266
-15.537353 -38.400173
-15.521161 -39.797193
-15.505055 -41.193278
-15.489039 -42.588372
-15.473114 -43.982418
-15.457285 -45.375358
-15.441554 -46.767125
-15.425925 -48.157654
-15.410402 -49.546872
-15.394988 -50.934704
-15.379689 -52.321071
-15.364507 -53.705891
-15.349448 -55.089076
-15.334516 -56.470536
-15.319715 -57.850175
-15.305049 -59.227896
-15.290520 -60.603594
-15.276130 -61.977163
-15.261881 -63.348491
-15.247773 -64.717462
-15.233803 -66.083955
-15.219968 -67.447846
-15.206262 -68.809004
-15.192678 -70.167295
-15.179205 -71.522579
-15.165830 -72.874712
-15.152537 -74.223543
-15.139307 -75.568917
-15.126117 -76.910672
-15.112942 -78.248643
-15.099751 -79.582655
-15.086511 -80.912529
-15.073184 -82.238077
-15.059729 -83.559108
-15.046100 -84.875422
-15.032248 -86.186810
-15.018119 -87.493061
-15.003655 -88.793951
-14.988794 -90.089254
-14.973471 -91.378733
-14.957615 -92.662145
-14.941151 -93.939239
-14.924001 -95.209757
-14.906083 -96.473434
-14.887311 -97.729995
-14.867593 -98.979159
-14.846835 -100.220638
-14.824938 -101.454135
-14.801801 -102.679345
-14.777317 -103.895956
-14.751378 -105.103649
-14.723871 -106.302097
-14.694681 -107.490964
-14.663690 -108.669909
-14.630778 -109.838585
-14.595821 -110.996634
-14.558693 -112.143697
-14.519267 -113.279405
-14.477413 -114.403386
-14.432999 -115.515260
-14.385893 -116.614645
-14.335961 -117.701153
-14.283069 -118.774392
-14.227084 -119.833966
-14.167871 -120.879477
-14.105301 -121.910522
-14.039244 -122.926697
-13.969575 -123.927594
-13.896171 -124.912806
-13.818912 -125.881922
-13.737687 -126.834532
-13.652385 -127.770227
-13.562904 -128.688595
-13.469148 -129.589227
-13.371029 -130.471714
-13.268465 -131.335650
-13.161384 -132.180627
-13.049723 -133.006242
-12.933429 -133.812095
-12.812458 -134.597790
-12.686777 -135.362933
-12.556366 -136.107137
-12.421213 -136.830020
-12.281319 -137.531206
-12.136696 -138.210326
-11.987368 -138.867016
-11.833369 -139.500923
-11.674747 -140.111699
-11.511559 -140.699008
-11.343876 -141.262521
-11.171780 -141.801920
-10.995365 -142.316896
-10.814738 -142.807154
-10.630015 -143.272407
-10.441326 -143.712382
-10.248812 -144.126818
-10.052624 -144.515468
-9.852925 -144.878095
-9.649889 -145.214480
-9.443701 -145.524418
-9.234552 -145.807716
-9.022647 -146.064197
-8.808197 -146.293699
-8.591421 -146.496075
-8.372548 -146.671194
-8.151811 -146.818939
-7.929450 -146.939208
-7.705712 -147.031917
-7.480845 -147.096995
-7.255106 -147.134387
-7.028749 -147.144054
-6.802036 -147.125973
-6.575228 -147.080135
-6.348587 -147.006547
-6.122375 -146.905230
-5.896852 -146.776221
-5.672277 -146.619574
-5.448904 -146.435353
-5.226986 -146.223640
-5.006770 -145.984530
-4.788501 -145.718132
-4.572416 -145.424569
-4.358749 -145.103979
-4.147726 -144.756510
-3.939568 -144.382327
-3.734484 -143.981607
-3.532679 -143.554541
-3.334346 -143.101330
-3.139671 -142.622192
-2.948827 -142.117353
-2.761980 -141.587052
-2.579282 -141.031540
-2.400875 -140.451079
-2.226892 -139.845940
-2.057452 -139.216406
-1.892664 -138.562769
-1.732626 -137.885331
-1.577425 -137.184401
-1.427136 -136.460300
-1.281822 -135.713353
-1.141535 -134.943898
-1.006315 -134.152277
-0.876190 -133.338840
-0.751177 -132.503942
-0.631281 -131.647947
-0.516497 -130.771223
-0.406806 -129.874144
-0.302181 -128.957087
-0.202581 -128.020436
-0.107958 -127.064577
-0.018252 -126.089902
0.066606 -125.096804
0.146695 -124.085681
0.222100 -123.056935
0.292916 -122.010968
0.359244 -120.948187
0.421192 -119.869000
0.478871 -118.773816
0.532399 -117.663046
0.581897 -116.537099
0.627490 -115.396388
0.669305 -114.241322
0.707472 -113.072311
0.742121 -111.889764
0.773385 -110.694091
0.801394 -109.485696
0.826281 -108.264984
0.848175 -107.032359
0.867207 -105.788221
0.883504 -104.532967
0.897193 -103.266993
0.908402 -101.990690
0.917253 -100.704447
0.923871 -99.408649
0.928376 -98.103675
0.930885 -96.789904
0.931514 -95.467705
0.930376 -94.137447
0.927580 -92.799492
0.923233 -91.454196
0.917439 -90.101912
0.910297 -88.742985
0.901904 -87.377757
0.892355 -86.006562
0.881739 -84.629729
0.870143 -83.247581
0.857652 -81.860434
0.844346 -80.468598
0.830302 -79.072377
0.815594 -77.672068
0.800292 -76.267960
0.784462 -74.860338
0.768168 -73.449477
0.751470 -72.035648
0.734422 -70.619111
0.717076 -69.200122
0.699482 -67.778929
0.681682 -66.355773
0.663718 -64.930885
0.645627 -63.504492
0.627442 -62.076811
0.609194 -60.648053
0.590907 -59.218418
0.572607 -57.788102
0.554313 -56.357288
0.536042 -54.926155
0.517810 -53.494871
0.499629 -52.063598
0.481510 -50.632492
0.463461 -49.201698
0.445490 -47.771357
0.427602 -46.341602
0.409801 -44.912560
0.392092 -43.484349
0.374475 -42.057084
0.356954 -40.630870
0.339531 -39.205808
0.322206 -37.781993
0.304981 -36.359513
0.287856 -34.938451
0.270832 -33.518885
0.253909 -32.100888
0.237086 -30.684526
0.220363 -29.269864
0.203737 -27.856959
0.187207 -26.445866
0.170772 -25.036634
0.154429 -23.629309
0.138175 -22.223934
0.122007 -20.820549
0.105923 -19.419191
0.089918 -18.019892
0.073988 -16.622686
0.058130 -15.227601
0.042336 -13.834666
0.026602 -12.443908
0.010922 -11.055352
-0.004710 -9.669023
-0.020302 -8.284943
-0.035860 -6.903136
-0.051392 -5.523623
-0.066904 -4.146425
-0.082404 -2.771562
-0.097900 -1.399056
-0.113398 -0.028925
-0.128907 1.338809
-0.144434 2.704127
-0.159986 4.067008
-0.175571 5.427432
-0.191197 6.785378
-0.206870 8.140823
-0.222597 9.493748
-0.238386 10.844127
-0.254244 12.191939
-0.270176 13.537159
-0.286190 14.879761
-0.302291 16.219719
-0.318486 17.557007
-0.334780 18.891598
-0.351179 20.223463
-0.367687 21.552575
-0.384309 22.878903
-0.401050 24.202420
-0.417912 25.523095
-0.434898 26.840898
-0.452011 28.155797
-0.469252 29.467763
-0.486620 30.776765
-0.504116 32.082771
-0.521738 33.385752
-0.539483 34.685676
-0.557349 35.982513
-0.575329 37.276235
-0.593419 38.566812
-0.611610 39.854217
-0.629895 41.138424
-0.648262 42.419406
-0.666701 43.697139
-0.685199 44.971603
-0.703743 46.242777
-0.722320 47.510645
-0.740914 48.775194
-0.759510 50.036417
-0.778091 51.294309
-0.796640 52.548872
-0.815141 53.800112
-0.833576 55.048042
-0.851930 56.292678
-0.870184 57.534043
-0.888324 58.772165
-0.906332 60.007078
-0.924193 61.238822
-0.941893 62.467443
-0.959416 63.692993
-0.976749 64.915528
-0.993877 66.135115
-1.010788 67.351822
-1.027468 68.565728
-1.043905 69.776915
-1.060087 70.985473
-1.076000 72.191498
-1.091633 73.395091
-1.106972 74.596360
-1.122005 75.795416
-1.136720 76.992379
-1.151102 78.187372
-1.165136 79.380523
-1.178809 80.571966
-1.192105 81.761839
-1.205007 82.950283
-1.217500 84.137446
-1.229566 85.323478
-1.241190 86.508531
-1.252355 87.692764
-1.263047 88.876338
-1.273251 90.059415
-1.282954 91.242163
-1.292146 92.424749
-1.300815 93.607344
-1.308955 94.790122
-1.316559 95.973257
-1.323624 97.156924
-1.330149 98.341299
-1.336135 99.526561
-1.341586 100.712886
-1.346508 101.900452
-1.350912 103.089437
-1.354808 104.280017
-1.358212 105.472367
-1.361140 106.666660
-1.363612 107.863064
-1.365648 109.061746
-1.367271 110.262867
-1.368506 111.466583
-1.369378 112.673044
-1.369911 113.882394
-1.370133 115.094772
-1.370068 116.310307
-1.369744 117.529124
-1.369186 118.751339
-1.368419 119.977060
-1.367469 121.206388
-1.366359 122.439412
-1.365114 123.676213
-1.363757 124.916863
-1.362311 126.161423
-1.360797 127.409940
-1.359238 128.662454
-1.357654 129.918992
-1.356067 131.179568
-1.354497 132.444185
-1.352965 133.712834
-1.351492 134.985495
-1.350098 136.262134
-1.348804 137.542708
-1.347632 138.827158
-1.346603 140.115416
-1.345741 141.407399
-1.345070 142.703014
-1.344613 144.002156
-1.344395 145.304708
-1.344440 146.610542
-1.344774 147.919521
-1.345421 149.231494
-1.346405 150.546304
-1.347749 151.863778
-1.349476 153.183738
-1.351606 154.505994
-1.354159 155.830348
-1.357153 157.156592
-1.360603 158.484508
-1.364524 159.813872
-1.368927 161.144450
-1.373824 162.476000
-1.379220 163.808273
-1.385123 165.141015
-1.391534 166.473961
-1.398454 167.806843
-1.405881 169.139386
-1.413811 170.471311
-1.422237 171.802334
-1.431151 173.132164
-1.440542 174.460512
-1.450399 175.787082
-1.460709 177.111577
-1.471458 178.433697
-1.482631 179.753141
-1.494214 181.069607
-1.506191 182.382792
-1.518546 183.692395
-1.531263 184.998114
-1.544326 186.299650
-1.557718 187.596706
-1.571422 188.888992
-1.585422 190.176220
-1.599701 191.458108
-1.614241 192.734383
-1.629025 194.004778
-1.644036 195.269035
-1.659254 196.526905
-1.674661 197.778151
-1.690236 199.022544
-1.705961 200.259869
-1.721815 201.489922
-1.737778 202.712513
-1.753827 203.927465
-1.769941 205.134617
-1.786097 206.333821
-1.802272 207.524944
-1.818442 208.707866
-1.834583 209.882484
-1.850671 211.048707
-1.866682 212.206458
-1.882593 213.355674
-1.898379 214.496306
-1.914016 215.628321
-1.929482 216.751696
-1.944753 217.866425
-1.959807 218.972512
-1.974623 220.069977
-1.989180 221.158851
-2.003458 222.239181
-2.017436 223.311022
-2.031097 224.374444
-2.044422 225.429529
-2.057394 226.476367
-2.069996 227.515065
-2.082214 228.545735
-2.094032 229.568503
-2.105438 230.583504
-2.116417 231.590884
-2.126958 232.590798
-2.137050 233.583408
-2.146681 234.568888
-2.155842 235.547420
-2.164523 236.519192
-2.172714 237.484404
-2.180395 238.440834
-2.187542 239.386262
-2.194134 240.318469
-2.200151 241.235233
-2.205573 242.134330
-2.210382 243.013535
-2.214559 243.870619
-2.218087 244.703348
-2.220951 245.509481
-2.223135 246.286773
-2.224626 247.032969
-2.225411 247.745807
-2.225480 248.423015
-2.224824 249.062311
-2.223434 249.661401
-2.221305 250.217980
-2.218430 250.729727
-2.214806 251.194311
-2.210430 251.609382
-2.205301 251.972578
-2.199417 252.281520
-2.192779 252.533813
-2.185388 252.727049
-2.177245 252.858801
-2.167985 252.868160
-2.157624 252.754922
-2.146180 252.518877
-2.133670 252.159809
-2.120112 251.677489
-2.105524 251.071686
-2.089923 250.342158
-2.073328 249.488654
-2.055755 248.510919
-2.037224 247.408687
-2.017750 246.181689
-1.997353 244.829647
-1.976048 243.352275
-1.953854 241.749286
-1.930788 240.020381
-1.906867 238.165259
-1.882108 236.183612
-1.856529 234.075128
-1.830147 231.839488
-1.802978 229.476367
-1.775040 226.985439
-1.746351 224.366371
-1.716927 221.618824
-1.686785 218.742459
-1.641426 213.564729
-1.596181 208.369869
-1.551076 203.160307
-1.506135 197.938472
-1.461384 192.706798
-1.416845 187.467720
-1.372542 182.223679
-1.328499 176.977119
-1.284737 171.730488
-1.241279 166.486239
-1.198146 161.246830
-1.155358 156.014726
-1.112936 150.792395
-1.070898 145.582315
-1.029262 140.386967
-0.988046 135.208842
-0.947266 130.050436
-0.906937 124.914255
-0.867076 119.802813
-0.827695 114.718630
-0.788808 109.664238
-0.750427 104.642175
-0.712566 99.654991
-0.675234 94.705241
