0.999831 -0.008037 -0.016506 -0.122733 0.008045 0.999968 0.000405 -0.075645 0.016502 -0.000538 0.999864 6.525311
0.999835 -0.007785 -0.016410 -0.131487 0.007793 0.999970 0.000441 -0.080113 0.016406 -0.000569 0.999865 6.963165
0.999839 -0.007523 -0.016295 -0.140553 0.007532 0.999972 0.000477 -0.084651 0.016291 -0.000599 0.999867 7.414706
0.999843 -0.007252 -0.016157 -0.149929 0.007261 0.999974 0.000513 -0.089256 0.016153 -0.000630 0.999869 7.879974
0.999848 -0.006970 -0.015995 -0.159613 0.006980 0.999975 0.000549 -0.093927 0.015991 -0.000660 0.999872 8.358997
0.999853 -0.006679 -0.015805 -0.169601 0.006689 0.999977 0.000584 -0.098660 0.015801 -0.000690 0.999875 8.851793
0.999858 -0.006377 -0.015585 -0.179890 0.006388 0.999979 0.000619 -0.103453 0.015581 -0.000718 0.999878 9.358368
0.999864 -0.006066 -0.015332 -0.190474 0.006077 0.999981 0.000653 -0.108304 0.015328 -0.000746 0.999882 9.878714
0.999870 -0.005744 -0.015045 -0.201347 0.005755 0.999983 0.000685 -0.113211 0.015040 -0.000772 0.999887 10.412815
0.999877 -0.005412 -0.014719 -0.212499 0.005424 0.999985 0.000717 -0.118173 0.014715 -0.000797 0.999891 10.960643
0.999884 -0.005070 -0.014352 -0.223923 0.005082 0.999987 0.000748 -0.123186 0.014348 -0.000820 0.999897 11.522158
0.999892 -0.004718 -0.013942 -0.235606 0.004729 0.999989 0.000777 -0.128251 0.013938 -0.000843 0.999903 12.097311
0.999900 -0.004356 -0.013485 -0.247537 0.004367 0.999990 0.000806 -0.133364 0.013481 -0.000864 0.999909 12.686040
0.999908 -0.003983 -0.012978 -0.259702 0.003994 0.999992 0.000833 -0.138524 0.012975 -0.000884 0.999915 13.288275
0.999916 -0.003601 -0.012419 -0.272083 0.003612 0.999993 0.000858 -0.143729 0.012415 -0.000903 0.999923 13.903934
0.999925 -0.003208 -0.011803 -0.284664 0.003219 0.999994 0.000882 -0.148980 0.011800 -0.000920 0.999930 14.532924
0.999934 -0.002805 -0.011128 -0.297423 0.002816 0.999996 0.000904 -0.154274 0.011125 -0.000936 0.999938 15.175144
0.999943 -0.002392 -0.010389 -0.310339 0.002402 0.999997 0.000924 -0.159609 0.010387 -0.000949 0.999946 15.830482
0.999952 -0.001969 -0.009584 -0.323385 0.001978 0.999998 0.000942 -0.164986 0.009582 -0.000961 0.999954 16.498815
0.999961 -0.001535 -0.008709 -0.336533 0.001544 0.999998 0.000957 -0.170403 0.008708 -0.000971 0.999962 17.180012
0.999969 -0.001092 -0.007760 -0.349752 0.001099 0.999999 0.000970 -0.175860 0.007759 -0.000978 0.999969 17.873933
0.999977 -0.000638 -0.006733 -0.363006 0.000644 0.999999 0.000979 -0.181354 0.006733 -0.000984 0.999977 18.580425
0.999984 -0.000173 -0.005625 -0.376257 0.000179 0.999999 0.000986 -0.186887 0.005625 -0.000987 0.999984 19.299331
0.999990 0.000301 -0.004433 -0.389462 -0.000296 0.999999 0.000989 -0.192456 0.004433 -0.000988 0.999990 20.030480
0.999995 0.000785 -0.003151 -0.402576 -0.000782 0.999999 0.000989 -0.198063 0.003152 -0.000987 0.999995 20.773695
0.999998 0.001278 -0.001778 -0.415548 -0.001277 0.999999 0.000986 -0.203707 0.001779 -0.000983 0.999998 21.528788
0.999998 0.001905 -0.000179 -0.426217 -0.001905 0.999998 0.000990 -0.207654 0.000181 -0.000989 0.999999 22.168742
0.999996 0.002552 0.001554 -0.436464 -0.002554 0.999996 0.000990 -0.211540 -0.001551 -0.000994 0.999998 22.811403
0.999989 0.003221 0.003429 -0.446217 -0.003224 0.999994 0.000986 -0.215363 -0.003426 -0.000997 0.999994 23.456220
0.999977 0.003910 0.005454 -0.455401 -0.003916 0.999992 0.000976 -0.219122 -0.005451 -0.000998 0.999985 24.102646
0.999960 0.004621 0.007637 -0.463936 -0.004629 0.999989 0.000961 -0.222818 -0.007633 -0.000997 0.999970 24.750136
0.999936 0.005353 0.009986 -0.471735 -0.005363 0.999985 0.000940 -0.226451 -0.009981 -0.000993 0.999950 25.398146
0.999903 0.006106 0.012507 -0.478710 -0.006118 0.999981 0.000911 -0.230022 -0.012502 -0.000988 0.999921 26.046133
0.999861 0.006880 0.015210 -0.484767 -0.006894 0.999976 0.000875 -0.233533 -0.015204 -0.000980 0.999884 26.693560
0.999807 0.007674 0.018102 -0.489807 -0.007690 0.999970 0.000830 -0.236988 -0.018095 -0.000969 0.999836 27.339889
0.999739 0.008487 0.021191 -0.493728 -0.008506 0.999964 0.000775 -0.240389 -0.021184 -0.000955 0.999775 27.984589
0.999657 0.009320 0.024487 -0.496423 -0.009341 0.999956 0.000710 -0.243742 -0.024479 -0.000938 0.999700 28.627129
0.999556 0.010172 0.027996 -0.497779 -0.010194 0.999948 0.000633 -0.247052 -0.027989 -0.000918 0.999608 29.266986
0.999435 0.011043 0.031730 -0.497682 -0.011065 0.999939 0.000544 -0.250323 -0.031722 -0.000895 0.999496 29.903640
0.999291 0.011931 0.035696 -0.496010 -0.011955 0.999928 0.000442 -0.253561 -0.035688 -0.000869 0.999363 30.536575
0.999121 0.012838 0.039904 -0.492638 -0.012861 0.999917 0.000326 -0.256773 -0.039897 -0.000839 0.999203 31.165282
0.998921 0.013762 0.044366 -0.487438 -0.013784 0.999905 0.000196 -0.259965 -0.044359 -0.000807 0.999015 31.789258
0.998686 0.014704 0.049090 -0.480276 -0.014724 0.999892 0.000048 -0.263147 -0.049084 -0.000771 0.998794 32.408006
0.998413 0.015663 0.054089 -0.471014 -0.015680 0.999877 -0.000116 -0.266326 -0.054084 -0.000732 0.998536 33.021037
0.998097 0.016639 0.059373 -0.459509 -0.016650 0.999861 -0.000299 -0.269511 -0.059370 -0.000690 0.998236 33.627868
0.997732 0.017631 0.064956 -0.445612 -0.017636 0.999844 -0.000503 -0.272712 -0.064955 -0.000644 0.997888 34.228026
0.997313 0.018640 0.070850 -0.429174 -0.018635 0.999826 -0.000727 -0.275938 -0.070851 -0.000595 0.997487 34.821043
0.996832 0.019665 0.077067 -0.410037 -0.019648 0.999806 -0.000974 -0.279200 -0.077072 -0.000543 0.997025 35.406461
0.996282 0.020707 0.083623 -0.388041 -0.020675 0.999785 -0.001245 -0.282508 -0.083631 -0.000489 0.996497 35.983830
0.995656 0.021765 0.090532 -0.363021 -0.021715 0.999763 -0.001541 -0.285871 -0.090544 -0.000431 0.995892 36.552707
0.994943 0.022840 0.097809 -0.334808 -0.022767 0.999739 -0.001864 -0.289303 -0.097826 -0.000372 0.995203 37.112656
0.994134 0.023932 0.105470 -0.303228 -0.023832 0.999714 -0.002216 -0.292812 -0.105493 -0.000310 0.994420 37.663251
0.993222 0.025034 0.113507 -0.268135 -0.024900 0.999687 -0.002598 -0.296453 -0.113536 -0.000246 0.993534 38.206333
0.992194 0.026144 0.121929 -0.229351 -0.025971 0.999658 -0.003010 -0.300239 -0.121966 -0.000180 0.992534 38.741676
0.991041 0.027263 0.130749 -0.186694 -0.027043 0.999628 -0.003455 -0.304184 -0.130795 -0.000112 0.991409 39.269068
0.989748 0.028388 0.139977 -0.139977 -0.028114 0.999597 -0.003933 -0.308304 -0.140032 -0.000043 0.990147 39.788313
0.988303 0.029520 0.149622 -0.089013 -0.029183 0.999564 -0.004447 -0.312613 -0.149688 0.000028 0.988733 40.299228
0.986690 0.030657 0.159695 -0.033608 -0.030247 0.999530 -0.004997 -0.317126 -0.159773 0.000100 0.987154 40.801646
0.984896 0.031797 0.170205 0.026432 -0.031304 0.999494 -0.005584 -0.321859 -0.170297 0.000172 0.985393 41.295412
0.982902 0.032941 0.181161 0.091304 -0.032351 0.999457 -0.006212 -0.326826 -0.181267 0.000245 0.983434 41.780386
0.980691 0.034087 0.192571 0.161209 -0.033387 0.999419 -0.006880 -0.332043 -0.192693 0.000318 0.981259 42.256439
0.978245 0.035233 0.204441 0.236348 -0.034408 0.999379 -0.007591 -0.337526 -0.204581 0.000391 0.978849 42.723459
0.975543 0.036379 0.216777 0.316925 -0.035412 0.999338 -0.008345 -0.343291 -0.216937 0.000465 0.976185 43.181345
0.972565 0.037523 0.229584 0.403144 -0.036396 0.999296 -0.009145 -0.349354 -0.229766 0.000538 0.973246 43.630012
0.969289 0.038664 0.242865 0.495211 -0.037356 0.999252 -0.009991 -0.355731 -0.243070 0.000612 0.970009 44.069385
0.965693 0.039801 0.256620 0.593333 -0.038290 0.999207 -0.010884 -0.362438 -0.256849 0.000685 0.966451 44.499404
0.961752 0.040931 0.270848 0.697716 -0.039193 0.999162 -0.011825 -0.369492 -0.271104 0.000757 0.962550 44.920020
0.957442 0.042053 0.285545 0.808566 -0.040062 0.999115 -0.012814 -0.376910 -0.285831 0.000829 0.958280 45.331197
0.952739 0.043164 0.300706 0.926088 -0.040892 0.999068 -0.013852 -0.384708 -0.301024 0.000901 0.953616 45.732912
0.947618 0.044264 0.316323 1.050486 -0.041678 0.999019 -0.014938 -0.392903 -0.316674 0.000972 0.948534 46.125151
0.942054 0.045349 0.332382 1.181959 -0.042418 0.998971 -0.016074 -0.401511 -0.332769 0.001044 0.943008 46.507916
0.936021 0.046418 0.348870 1.320705 -0.043105 0.998921 -0.017258 -0.410549 -0.349295 0.001116 0.937012 46.881218
0.929495 0.047469 0.365767 1.466917 -0.043736 0.998872 -0.018490 -0.420034 -0.366232 0.001189 0.930523 47.245080
0.922453 0.048499 0.383051 1.620784 -0.044306 0.998822 -0.019769 -0.429985 -0.383559 0.001264 0.923516 47.599538
0.914873 0.049507 0.400696 1.782492 -0.044809 0.998773 -0.021092 -0.440417 -0.401249 0.001342 0.915968 47.944641
0.906733 0.050491 0.418672 1.952220 -0.045243 0.998724 -0.022460 -0.451348 -0.419272 0.001423 0.907860 48.280446
0.898016 0.051448 0.436945 2.130142 -0.045601 0.998675 -0.023869 -0.462795 -0.437594 0.001509 0.899172 48.607028
0.888706 0.052376 0.455477 2.316427 -0.045879 0.998626 -0.025317 -0.474775 -0.456177 0.001602 0.889888 48.924472
0.878787 0.053275 0.474230 2.511237 -0.046074 0.998578 -0.026801 -0.487303 -0.474984 0.001703 0.879993 49.232877
0.868250 0.054142 0.493165 2.714729 -0.046182 0.998532 -0.028319 -0.500395 -0.493974 0.001812 0.869475 49.532348
0.857084 0.054979 0.512235 2.927052 -0.046200 0.998486 -0.029865 -0.514067 -0.513102 0.001932 0.858326 49.822996
0.845285 0.055783 0.531396 3.148349 -0.046126 0.998441 -0.031438 -0.528334 -0.532321 0.002062 0.846540 50.104937
0.832852 0.056554 0.550599 3.378756 -0.045959 0.998397 -0.033030 -0.543209 -0.551584 0.002204 0.834116 50.378294
0.819789 0.057293 0.569793 3.618401 -0.045696 0.998355 -0.034639 -0.558705 -0.570840 0.002359 0.821058 50.643194
0.806104 0.057999 0.588925 3.867408 -0.045338 0.998313 -0.036258 -0.574835 -0.590035 0.002527 0.807374 50.899769
0.791809 0.058672 0.607944 4.125889 -0.044884 0.998274 -0.037883 -0.591610 -0.609117 0.002709 0.793076 51.148157
0.776923 0.059314 0.626796 4.393952 -0.044335 0.998235 -0.039509 -0.609041 -0.628033 0.002906 0.778181 51.388499
0.761467 0.059925 0.645428 4.671695 -0.043693 0.998198 -0.041129 -0.627137 -0.646729 0.003118 0.762713 51.620940
0.745470 0.060505 0.663787 4.959211 -0.042959 0.998162 -0.042739 -0.645907 -0.665153 0.003345 0.746699 51.845632
0.728964 0.061056 0.681824 5.256582 -0.042134 0.998128 -0.044333 -0.665360 -0.683255 0.003589 0.730171 52.062725
0.711984 0.061579 0.699490 5.563885 -0.041223 0.998095 -0.045906 -0.685504 -0.700984 0.003849 0.713166 52.272376
0.694573 0.062074 0.716739 5.881185 -0.040229 0.998063 -0.047453 -0.706344 -0.718296 0.004126 0.695725 52.474744
0.676775 0.062542 0.733529 6.208542 -0.039155 0.998033 -0.048968 -0.727886 -0.735148 0.004419 0.677892 52.669990
0.658637 0.062985 0.749820 6.546005 -0.038007 0.998003 -0.050448 -0.750135 -0.751500 0.004729 0.659716 52.858276
0.640211 0.063404 0.765578 6.893616 -0.036788 0.997975 -0.051887 -0.773094 -0.767318 0.005054 0.641247 53.039767
0.621549 0.063801 0.780773 7.251404 -0.035505 0.997948 -0.053283 -0.796769 -0.782570 0.005396 0.622539 53.214626
0.602705 0.064177 0.795379 7.619391 -0.034163 0.997922 -0.054633 -0.821160 -0.797233 0.005754 0.603645 53.383021
0.583734 0.064534 0.809376 7.997590 -0.032768 0.997897 -0.055933 -0.846271 -0.811283 0.006128 0.584621 53.545118
0.564692 0.064874 0.822748 8.386003 -0.031326 0.997872 -0.057181 -0.872104 -0.824707 0.006517 0.565523 53.701086
0.545633 0.065196 0.835484 8.784622 -0.029842 0.997848 -0.058377 -0.898659 -0.837493 0.006920 0.546405 53.851093
0.526612 0.065503 0.847579 9.193430 -0.028323 0.997825 -0.059517 -0.925938 -0.849634 0.007337 0.527322 53.995310
0.507679 0.065796 0.859030 9.612398 -0.026774 0.997803 -0.060602 -0.953940 -0.861130 0.007767 0.508326 54.133907
0.488887 0.066077 0.869841 10.041487 -0.025201 0.997781 -0.061631 -0.982665 -0.871983 0.008209 0.489467 54.267056
0.470283 0.066345 0.880018 10.480650 -0.023611 0.997759 -0.062604 -1.012112 -0.882200 0.008664 0.470795 54.394927
0.451911 0.066603 0.889573 10.929828 -0.022008 0.997738 -0.063521 -1.042279 -0.891791 0.009129 0.452355 54.517694
0.433816 0.066852 0.898518 11.388952 -0.020398 0.997717 -0.064384 -1.073164 -0.900771 0.009603 0.434189 54.635529
0.416035 0.067091 0.906870 11.857945 -0.018786 0.997696 -0.065192 -1.104762 -0.909154 0.010086 0.416337 54.748605
0.398606 0.067323 0.914648 12.336717 -0.017177 0.997675 -0.065949 -1.137071 -0.916961 0.010576 0.398835 54.857097
0.381560 0.067549 0.921873 12.825172 -0.015577 0.997654 -0.066655 -1.170085 -0.924213 0.011073 0.381717 54.961179
0.364928 0.067770 0.928566 13.323201 -0.013989 0.997634 -0.067313 -1.203800 -0.930931 0.011575 0.365012 55.061027
0.348735 0.067985 0.934752 13.830688 -0.012418 0.997613 -0.067924 -1.238208 -0.937139 0.012080 0.348747 55.156816
0.333004 0.068197 0.940456 14.347508 -0.010867 0.997592 -0.068492 -1.273305 -0.942863 0.012588 0.332944 55.248722
0.317756 0.068405 0.945702 14.873526 -0.009341 0.997572 -0.069018 -1.309081 -0.948127 0.013097 0.317623 55.336919
0.303007 0.068610 0.950515 15.408601 -0.007842 0.997551 -0.069505 -1.345530 -0.952956 0.013607 0.302803 55.421583
0.288771 0.068813 0.954922 15.952579 -0.006373 0.997530 -0.069956 -1.382642 -0.957377 0.014115 0.288496 55.502888
0.275060 0.069014 0.958947 16.505303 -0.004938 0.997509 -0.070373 -1.420408 -0.961414 0.014621 0.274715 55.581011
0.261882 0.069214 0.962615 17.066606 -0.003540 0.997487 -0.070759 -1.458818 -0.965094 0.015123 0.261469 55.656127
0.249243 0.069415 0.965950 17.636312 -0.002180 0.997466 -0.071117 -1.497862 -0.968438 0.015620 0.248763 55.728412
0.237149 0.069616 0.968976 18.214241 -0.000861 0.997444 -0.071450 -1.537529 -0.971473 0.016110 0.236603 55.798043
0.225601 0.069818 0.971715 18.800206 0.000414 0.997422 -0.071761 -1.577809 -0.974220 0.016591 0.224990 55.865195
0.214599 0.070021 0.974189 19.394014 0.001643 0.997400 -0.072052 -1.618692 -0.976701 0.017063 0.213926 55.930045
0.204142 0.070227 0.976419 19.995468 0.002825 0.997377 -0.072325 -1.660164 -0.978937 0.017523 0.203408 55.992767
0.194226 0.070435 0.978425 20.604365 0.003958 0.997354 -0.072584 -1.702213 -0.980949 0.017971 0.193434 56.053536
0.184848 0.070646 0.980225 21.220499 0.005042 0.997332 -0.072830 -1.744827 -0.982754 0.018404 0.183998 56.112527
0.176000 0.070860 0.981837 21.843659 0.006074 0.997309 -0.073065 -1.787992 -0.984371 0.018823 0.175096 56.169912
0.167675 0.071077 0.983277 22.473632 0.007054 0.997286 -0.073293 -1.831694 -0.985817 0.019225 0.166718 56.225861
0.159864 0.071298 0.984561 23.110202 0.007980 0.997262 -0.073513 -1.875918 -0.987107 0.019609 0.158857 56.280542
0.152558 0.071521 0.985703 23.753147 0.008853 0.997239 -0.073729 -1.920649 -0.988255 0.019974 0.151503 56.334123
0.145745 0.071748 0.986717 24.402247 0.009671 0.997216 -0.073940 -1.965874 -0.989275 0.020319 0.144646 56.386764
0.139415 0.071978 0.987615 25.057277 0.010434 0.997193 -0.074149 -2.011576 -0.990179 0.020643 0.138273 56.438623
0.133555 0.072211 0.988407 25.718012 0.011143 0.997169 -0.074357 -2.057742 -0.990979 0.020945 0.132373 56.489855
0.128153 0.072447 0.989105 26.384223 0.011798 0.997146 -0.074565 -2.104354 -0.991684 0.021225 0.126933 56.540609
0.123195 0.072685 0.989717 27.055683 0.012399 0.997124 -0.074773 -2.151398 -0.992305 0.021483 0.121940 56.591031
0.118669 0.072926 0.990252 27.732159 0.012947 0.997101 -0.074982 -2.198859 -0.992849 0.021719 0.117381 56.641261
0.114560 0.073170 0.990718 28.413421 0.013443 0.997078 -0.075194 -2.246722 -0.993325 0.021933 0.113242 56.691435
0.110857 0.073415 0.991121 29.099236 0.013888 0.997056 -0.075408 -2.294972 -0.993739 0.022124 0.109511 56.741685
0.107544 0.073661 0.991468 29.789372 0.014282 0.997034 -0.075624 -2.343595 -0.994098 0.022293 0.106173 56.792138
0.104609 0.073909 0.991763 30.483595 0.014627 0.997013 -0.075843 -2.392575 -0.994406 0.022441 0.103215 56.842916
0.102038 0.074156 0.992013 31.181671 0.014924 0.996991 -0.076063 -2.441898 -0.994669 0.022567 0.100625 56.894137
0.099819 0.074404 0.992220 31.883368 0.015174 0.996970 -0.076287 -2.491549 -0.994890 0.022671 0.098388 56.945914
0.097939 0.074652 0.992389 32.588451 0.015378 0.996950 -0.076512 -2.541513 -0.995074 0.022755 0.096492 56.998355
0.096384 0.074899 0.992522 33.296689 0.015538 0.996930 -0.076740 -2.591776 -0.995223 0.022818 0.094924 57.051564
0.095142 0.075147 0.992623 34.007850 0.015653 0.996910 -0.076971 -2.642324 -0.995341 0.022861 0.093671 57.105638
0.094200 0.075394 0.992694 34.721702 0.015726 0.996891 -0.077205 -2.693142 -0.995429 0.022884 0.092722 57.160673
0.093547 0.075641 0.992737 35.438017 0.015758 0.996872 -0.077441 -2.744217 -0.995490 0.022888 0.092062 57.216758
0.093170 0.075888 0.992754 36.156570 0.015749 0.996854 -0.077680 -2.795533 -0.995526 0.022872 0.091682 57.273980
0.093057 0.076134 0.992746 36.877139 0.015701 0.996836 -0.077919 -2.847077 -0.995537 0.022838 0.091567 57.332418
0.093197 0.076378 0.992714 37.599504 0.015615 0.996819 -0.078160 -2.898836 -0.995525 0.022786 0.091708 57.392152
0.093579 0.076620 0.992659 38.323449 0.015493 0.996802 -0.078401 -2.950793 -0.995491 0.022715 0.092093 57.453252
0.094191 0.076861 0.992583 39.048764 0.015334 0.996785 -0.078641 -3.002936 -0.995436 0.022628 0.092709 57.515789
0.095022 0.077099 0.992485 39.775243 0.015142 0.996769 -0.078882 -3.055248 -0.995360 0.022524 0.093547 57.579827
0.096061 0.077335 0.992367 40.502685 0.014917 0.996753 -0.079121 -3.107716 -0.995264 0.022403 0.094595 57.645429
0.097298 0.077568 0.992228 41.230893 0.014660 0.996738 -0.079359 -3.160326 -0.995147 0.022268 0.095843 57.712650
0.098722 0.077799 0.992069 41.959677 0.014374 0.996724 -0.079595 -3.213062 -0.995011 0.022118 0.097280 57.781546
0.100323 0.078028 0.991891 42.688852 0.014059 0.996709 -0.079829 -3.265913 -0.994856 0.021954 0.098895 57.852167
0.102090 0.078254 0.991692 43.418240 0.013718 0.996696 -0.080061 -3.318863 -0.994681 0.021778 0.100679 57.924559
0.104015 0.078478 0.991475 44.147666 0.013353 0.996682 -0.080291 -3.371901 -0.994486 0.021590 0.102622 57.998767
0.106087 0.078699 0.991238 44.876963 0.012964 0.996669 -0.080518 -3.425015 -0.994272 0.021392 0.104713 58.074833
0.108296 0.078917 0.990981 45.605971 0.012554 0.996656 -0.080741 -3.478193 -0.994039 0.021185 0.106943 58.152793
0.110634 0.079132 0.990706 46.334534 0.012125 0.996644 -0.080960 -3.531424 -0.993787 0.020969 0.109304 58.232682
0.113092 0.079343 0.990412 47.062503 0.011677 0.996632 -0.081174 -3.584699 -0.993516 0.020746 0.111784 58.314534
0.115660 0.079550 0.990098 47.789735 0.011214 0.996620 -0.081384 -3.638006 -0.993226 0.020516 0.114377 58.398379
0.118330 0.079754 0.989766 48.516094 0.010736 0.996608 -0.081589 -3.691337 -0.992916 0.020281 0.117072 58.484244
0.121094 0.079954 0.989416 49.241449 0.010246 0.996597 -0.081789 -3.744683 -0.992588 0.020042 0.119862 58.572156
0.123944 0.080150 0.989047 49.965676 0.009745 0.996586 -0.081982 -3.798037 -0.992241 0.019800 0.122739 58.662140
0.126872 0.080342 0.988660 50.688659 0.009236 0.996576 -0.082170 -3.851391 -0.991876 0.019556 0.125695 58.754217
0.129872 0.080529 0.988255 51.410285 0.008720 0.996565 -0.082352 -3.904738 -0.991492 0.019312 0.128723 58.848407
0.132936 0.080710 0.987833 52.130450 0.008199 0.996555 -0.082526 -3.958071 -0.991091 0.019070 0.131816 58.944729
0.136059 0.080886 0.987393 52.849058 0.007675 0.996546 -0.082693 -4.011382 -0.990671 0.018829 0.134968 59.043198
0.139235 0.081055 0.986937 53.566015 0.007151 0.996536 -0.082852 -4.064666 -0.990234 0.018593 0.138173 59.143829
0.142458 0.081217 0.986463 54.281237 0.006627 0.996527 -0.083003 -4.117915 -0.989779 0.018362 0.141425 59.246636
0.145723 0.081373 0.985973 54.994645 0.006107 0.996519 -0.083146 -4.171123 -0.989307 0.018138 0.144719 59.351631
0.149027 0.081521 0.985467 55.706165 0.005591 0.996510 -0.083280 -4.224285 -0.988817 0.017921 0.148051 59.458825
0.152366 0.081661 0.984945 56.415733 0.005082 0.996503 -0.083406 -4.277394 -0.988311 0.017714 0.151418 59.568231
0.155736 0.081794 0.984406 57.123288 0.004580 0.996495 -0.083522 -4.330445 -0.987788 0.017516 0.154816 59.679857
0.159135 0.081917 0.983852 57.828776 0.004087 0.996488 -0.083630 -4.383435 -0.987248 0.017329 0.158242 59.793714
0.162561 0.082032 0.983283 58.532150 0.003604 0.996482 -0.083729 -4.436359 -0.986692 0.017155 0.161693 59.909812
0.166012 0.082137 0.982697 59.233366 0.003133 0.996476 -0.083818 -4.489212 -0.986119 0.016993 0.165170 60.028161
0.169487 0.082233 0.982096 59.932390 0.002674 0.996471 -0.083898 -4.541992 -0.985529 0.016846 0.168669 60.148772
0.172986 0.082319 0.981478 60.629189 0.002229 0.996466 -0.083969 -4.594694 -0.984922 0.016713 0.172191 60.271656
0.176508 0.082396 0.980844 61.323739 0.001797 0.996462 -0.084031 -4.647315 -0.984298 0.016595 0.175736 60.396826
0.180054 0.082462 0.980194 62.016018 0.001380 0.996458 -0.084084 -4.699852 -0.983656 0.016492 0.179302 60.524294
0.183622 0.082519 0.979527 62.706014 0.000978 0.996454 -0.084129 -4.752304 -0.982996 0.016406 0.182891 60.654075
0.187215 0.082566 0.978843 63.393715 0.000591 0.996452 -0.084165 -4.804667 -0.982319 0.016336 0.186502 60.786182
0.190833 0.082604 0.978141 64.079117 0.000220 0.996449 -0.084193 -4.856939 -0.981623 0.016282 0.190137 60.920631
0.194475 0.082632 0.977421 64.762220 -0.000136 0.996448 -0.084214 -4.909118 -0.980907 0.016245 0.193796 61.057438
0.198144 0.082651 0.976682 65.443027 -0.000476 0.996446 -0.084228 -4.961203 -0.980173 0.016225 0.197479 61.196622
0.201840 0.082663 0.975924 66.121549 -0.000800 0.996446 -0.084236 -5.013193 -0.979418 0.016222 0.201188 61.338200
0.205564 0.082666 0.975146 66.797798 -0.001108 0.996445 -0.084238 -5.065087 -0.978643 0.016236 0.204924 61.482192
0.209317 0.082662 0.974348 67.471791 -0.001400 0.996445 -0.084236 -5.116885 -0.977847 0.016268 0.208688 61.628619
0.213100 0.082650 0.973528 68.143552 -0.001677 0.996445 -0.084228 -5.168588 -0.977029 0.016317 0.212481 61.777503
0.216915 0.082630 0.972687 68.813105 -0.001937 0.996446 -0.084216 -5.220197 -0.976189 0.016383 0.216304 61.928867
0.220762 0.082603 0.971824 69.480481 -0.002182 0.996447 -0.084200 -5.271714 -0.975325 0.016467 0.220157 62.082735
0.224642 0.082567 0.970937 70.145711 -0.002412 0.996448 -0.084178 -5.323140 -0.974438 0.016568 0.224043 62.239133
0.228557 0.082523 0.970027 70.808831 -0.002625 0.996449 -0.084152 -5.374477 -0.973527 0.016687 0.227962 62.398087
0.232507 0.082472 0.969092 71.469877 -0.002824 0.996451 -0.084123 -5.425729 -0.972591 0.016823 0.231915 62.559625
0.236494 0.082413 0.968132 72.128889 -0.003007 0.996454 -0.084089 -5.476897 -0.971628 0.016976 0.235903 62.723775
0.240518 0.082348 0.967145 72.785903 -0.003175 0.996456 -0.084054 -5.527985 -0.970640 0.017146 0.239927 62.890566
0.244579 0.082276 0.966132 73.440961 -0.003329 0.996459 -0.084016 -5.578998 -0.969624 0.017332 0.243987 63.060029
0.248679 0.082199 0.965092 74.094103 -0.003470 0.996462 -0.083977 -5.629942 -0.968580 0.017535 0.248084 63.232193
0.252818 0.082118 0.964023 74.745368 -0.003597 0.996464 -0.083938 -5.680821 -0.967507 0.017753 0.252220 63.407091
0.256997 0.082032 0.962924 75.394795 -0.003713 0.996467 -0.083899 -5.731644 -0.966405 0.017986 0.256394 63.584753
0.261216 0.081943 0.961796 76.042421 -0.003819 0.996470 -0.083860 -5.782417 -0.965273 0.018233 0.260607 63.765212
0.265475 0.081852 0.960637 76.688286 -0.003915 0.996473 -0.083823 -5.833147 -0.964110 0.018492 0.264859 63.948500
0.269775 0.081757 0.959446 77.332426 -0.004004 0.996476 -0.083787 -5.883840 -0.962915 0.018762 0.269152 64.134651
0.274116 0.081661 0.958223 77.974877 -0.004086 0.996478 -0.083752 -5.934505 -0.961688 0.019042 0.273485 64.323698
0.278498 0.081563 0.956967 78.615674 -0.004164 0.996481 -0.083719 -5.985146 -0.960428 0.019331 0.277858 64.515672
0.282921 0.081464 0.955677 79.254851 -0.004238 0.996483 -0.083688 -6.035772 -0.959134 0.019627 0.282272 64.710606
0.287385 0.081364 0.954353 79.892442 -0.004309 0.996485 -0.083658 -6.086386 -0.957805 0.019930 0.286726 64.908534
0.291890 0.081264 0.952993 80.528481 -0.004379 0.996487 -0.083631 -6.136996 -0.956442 0.020238 0.291221 65.109487
0.296436 0.081163 0.951598 81.162999 -0.004447 0.996489 -0.083607 -6.187605 -0.955042 0.020552 0.295756 65.313498
0.301021 0.081063 0.950166 81.796029 -0.004517 0.996491 -0.083584 -6.238217 -0.953607 0.020869 0.300331 65.520599
0.305647 0.080962 0.948697 82.427602 -0.004587 0.996492 -0.083563 -6.288838 -0.952134 0.021189 0.304946 65.730823
0.310311 0.080862 0.947190 83.057747 -0.004659 0.996493 -0.083545 -6.339468 -0.950624 0.021511 0.309600 65.944202
0.315014 0.080763 0.945644 83.686494 -0.004735 0.996494 -0.083528 -6.390111 -0.949075 0.021835 0.314293 66.160769
0.319755 0.080665 0.944060 84.313872 -0.004816 0.996495 -0.083514 -6.440770 -0.947488 0.022158 0.319023 66.380556
0.324533 0.080568 0.942437 84.939910 -0.004902 0.996496 -0.083502 -6.491445 -0.945862 0.022480 0.323791 66.603596
0.329346 0.080474 0.940774 85.564634 -0.004994 0.996496 -0.083492 -6.542140 -0.944196 0.022800 0.328594 66.829923
0.334194 0.080382 0.939070 86.188071 -0.005094 0.996496 -0.083485 -6.592855 -0.942491 0.023116 0.333433 67.059571
0.339075 0.080294 0.937327 86.810248 -0.005203 0.996496 -0.083480 -6.643593 -0.940745 0.023429 0.338305 67.292573
0.343988 0.080208 0.935542 87.431190 -0.005322 0.996496 -0.083477 -6.694356 -0.938959 0.023736 0.343210 67.528964
0.348932 0.080126 0.933716 88.050921 -0.005451 0.996495 -0.083476 -6.745144 -0.937132 0.024037 0.348146 67.768779
0.353905 0.080047 0.931850 88.669466 -0.005592 0.996494 -0.083477 -6.795959 -0.935265 0.024332 0.353112 68.012051
0.358906 0.079973 0.929941 89.286845 -0.005744 0.996493 -0.083480 -6.846803 -0.933356 0.024620 0.358106 68.258817
0.363932 0.079903 0.927992 89.903083 -0.005909 0.996492 -0.083484 -6.897676 -0.931407 0.024900 0.363128 68.509111
0.368984 0.079839 0.926000 90.518200 -0.006087 0.996490 -0.083491 -6.948579 -0.929416 0.025171 0.368174 68.762971
0.374057 0.079779 0.923968 91.132217 -0.006278 0.996488 -0.083499 -6.999514 -0.927384 0.025432 0.373245 69.020432
0.379152 0.079725 0.921894 91.745155 -0.006485 0.996486 -0.083509 -7.050482 -0.925312 0.025684 0.378337 69.281534
0.384265 0.079677 0.919778 92.357034 -0.006706 0.996483 -0.083521 -7.101484 -0.923198 0.025926 0.383448 69.546313
0.389396 0.079636 0.917621 92.967875 -0.006942 0.996481 -0.083534 -7.152522 -0.921044 0.026158 0.388578 69.814809
0.394541 0.079600 0.915424 93.577699 -0.007194 0.996478 -0.083548 -7.203598 -0.918850 0.026378 0.393724 70.087060
0.399700 0.079571 0.913186 94.186527 -0.007461 0.996475 -0.083563 -7.254712 -0.916616 0.026587 0.398884 70.363109
0.404870 0.079548 0.910908 94.794379 -0.007744 0.996471 -0.083578 -7.305867 -0.914342 0.026784 0.404057 70.642996
0.410048 0.079531 0.908590 95.401278 -0.008044 0.996468 -0.083593 -7.357063 -0.912028 0.026968 0.409240 70.926763
0.415235 0.079519 0.906232 96.007246 -0.008359 0.996464 -0.083606 -7.408301 -0.909676 0.027141 0.414431 71.214455
0.420426 0.079513 0.903836 96.612308 -0.008691 0.996460 -0.083618 -7.459581 -0.907285 0.027300 0.419629 71.506115
0.425621 0.079510 0.901401 97.216487 -0.009039 0.996456 -0.083627 -7.510904 -0.904856 0.027446 0.424832 71.801788
0.430818 0.079512 0.898929 97.819810 -0.009402 0.996452 -0.083632 -7.562270 -0.902390 0.027578 0.430037 72.101521
0.436014 0.079516 0.896420 98.422300 -0.009781 0.996449 -0.083632 -7.613678 -0.899887 0.027697 0.435244 72.405360
0.441208 0.079524 0.893874 99.023986 -0.010176 0.996445 -0.083627 -7.665126 -0.897347 0.027801 0.440449 72.713352
0.446398 0.079536 0.891293 99.624893 -0.010585 0.996442 -0.083617 -7.716613 -0.894772 0.027892 0.445651 73.025544
0.451582 0.079550 0.888676 100.225050 -0.011009 0.996438 -0.083602 -7.768138 -0.892162 0.027970 0.450849 73.341985
0.456758 0.079567 0.886026 100.824485 -0.011447 0.996435 -0.083581 -7.819699 -0.889517 0.028034 0.456041 73.662725
0.461924 0.079586 0.883341 101.423228 -0.011898 0.996432 -0.083554 -7.871294 -0.886840 0.028085 0.461223 73.987810
0.467079 0.079609 0.880624 102.021311 -0.012363 0.996429 -0.083520 -7.922920 -0.884129 0.028123 0.466396 74.317291
0.472221 0.079633 0.877876 102.618766 -0.012841 0.996427 -0.083480 -7.974576 -0.881387 0.028148 0.471556 74.651218
0.477347 0.079659 0.875097 103.215628 -0.013330 0.996424 -0.083432 -8.026259 -0.878614 0.028161 0.476702 74.989640
0.482457 0.079685 0.872288 103.811934 -0.013830 0.996422 -0.083376 -8.077966 -0.875811 0.028161 0.481833 75.332606
0.487548 0.079711 0.869450 104.407721 -0.014340 0.996420 -0.083311 -8.129693 -0.872979 0.028150 0.486945 75.680165
0.492618 0.079736 0.866585 105.003030 -0.014859 0.996419 -0.083236 -8.181436 -0.870119 0.028127 0.492039 76.032365
0.497665 0.079759 0.863694 105.597905 -0.015385 0.996418 -0.083150 -8.233189 -0.867233 0.028093 0.497110 76.389255
0.502688 0.079777 0.860779 106.192390 -0.015916 0.996418 -0.083054 -8.284948 -0.864321 0.028050 0.502157 76.750882
0.507685 0.079791 0.857840 106.786534 -0.016450 0.996418 -0.082946 -8.336706 -0.861386 0.027999 0.507179 77.117290
0.512652 0.079800 0.854880 107.380387 -0.016985 0.996419 -0.082826 -8.388457 -0.858428 0.027940 0.512172 77.488525
0.517589 0.079801 0.851900 107.974000 -0.017520 0.996421 -0.082694 -8.440196 -0.855450 0.027876 0.517135 77.864629
0.522493 0.079794 0.848902 108.567428 -0.018052 0.996423 -0.082549 -8.491918 -0.852453 0.027807 0.522065 78.245644
0.527362 0.079779 0.845887 109.160725 -0.018580 0.996427 -0.082393 -8.543616 -0.849438 0.027735 0.526960 78.631611
0.532194 0.079754 0.842858 109.753948 -0.019102 0.996431 -0.082225 -8.595287 -0.846407 0.027659 0.531818 79.022570
0.536986 0.079720 0.839816 110.347152 -0.019617 0.996436 -0.082044 -8.646926 -0.843363 0.027582 0.536636 79.418557
0.541737 0.079677 0.836763 110.940396 -0.020125 0.996441 -0.081852 -8.698528 -0.840307 0.027503 0.541413 79.819609
0.546445 0.079624 0.833702 111.533737 -0.020625 0.996448 -0.081649 -8.750092 -0.837241 0.027422 0.546146 80.225759
0.551106 0.079562 0.830634 112.127235 -0.021115 0.996455 -0.081435 -8.801614 -0.834168 0.027341 0.550832 80.637038
0.555719 0.079489 0.827562 112.720948 -0.021595 0.996463 -0.081211 -8.853094 -0.831090 0.027259 0.555470 81.053474
0.560281 0.079406 0.824488 113.314938 -0.022065 0.996472 -0.080975 -8.904529 -0.828009 0.027177 0.560056 81.475092
0.564790 0.079311 0.821415 113.909266 -0.022522 0.996482 -0.080729 -8.955920 -0.824927 0.027095 0.564589 81.901913
0.569243 0.079206 0.818345 114.503992 -0.022967 0.996492 -0.080473 -9.007266 -0.821848 0.027014 0.569066 82.333956
0.573639 0.079090 0.815281 115.099178 -0.023397 0.996504 -0.080208 -9.058568 -0.818774 0.026936 0.573484 82.771233
0.577975 0.078962 0.812226 115.694883 -0.023811 0.996516 -0.079934 -9.109826 -0.815707 0.026860 0.577841 83.213754
0.582247 0.078823 0.809182 116.291169 -0.024210 0.996529 -0.079652 -9.161043 -0.812651 0.026787 0.582134 83.661525
0.586454 0.078672 0.806153 116.888096 -0.024591 0.996542 -0.079363 -9.212219 -0.809609 0.026719 0.586361 84.114546
0.590593 0.078510 0.803141 117.485724 -0.024954 0.996557 -0.079067 -9.263357 -0.806584 0.026655 0.590519 84.572812
0.594661 0.078336 0.800151 118.084114 -0.025299 0.996572 -0.078765 -9.314459 -0.803579 0.026595 0.594604 85.036314
0.598654 0.078151 0.797186 118.683324 -0.025625 0.996588 -0.078456 -9.365528 -0.800598 0.026540 0.598614 85.505039
0.602571 0.077954 0.794249 119.283413 -0.025931 0.996605 -0.078142 -9.416566 -0.797644 0.026490 0.602546 85.978963
0.606407 0.077746 0.791345 119.884438 -0.026218 0.996622 -0.077822 -9.467577 -0.794722 0.026444 0.606397 86.458062
0.610160 0.077526 0.788476 120.486458 -0.026485 0.996641 -0.077498 -9.518562 -0.791835 0.026403 0.610164 86.942302
0.613827 0.077294 0.785648 121.089526 -0.026731 0.996660 -0.077169 -9.569525 -0.788988 0.026367 0.613842 87.431642
0.617404 0.077051 0.782864 121.693698 -0.026956 0.996679 -0.076836 -9.620468 -0.786184 0.026336 0.617431 87.926035
0.620889 0.076797 0.780128 122.299026 -0.027160 0.996700 -0.076500 -9.671394 -0.783428 0.026310 0.620926 88.425429
0.624278 0.076532 0.777444 122.905559 -0.027343 0.996721 -0.076161 -9.722305 -0.780723 0.026288 0.624324 88.929760
0.627569 0.076256 0.774817 123.513347 -0.027505 0.996742 -0.075820 -9.773202 -0.778075 0.026271 0.627622 89.438962
0.630759 0.075970 0.772251 124.122436 -0.027645 0.996764 -0.075477 -9.824087 -0.775486 0.026259 0.630818 89.952958
0.633844 0.075675 0.769750 124.732870 -0.027764 0.996787 -0.075134 -9.874965 -0.772962 0.026252 0.633909 90.471666
0.636823 0.075371 0.767317 125.344690 -0.027861 0.996810 -0.074791 -9.925836 -0.770506 0.026251 0.636892 90.994995
0.639693 0.075060 0.764957 125.957935 -0.027937 0.996833 -0.074450 -9.976705 -0.768123 0.026254 0.639764 91.522846
0.642451 0.074741 0.762673 126.572640 -0.027992 0.996857 -0.074111 -10.027574 -0.765816 0.026264 0.642524 92.055115
0.645095 0.074417 0.760470 127.188838 -0.028026 0.996881 -0.073777 -10.078447 -0.763588 0.026280 0.645168 92.591689
0.647623 0.074087 0.758351 127.806560 -0.028039 0.996905 -0.073447 -10.129328 -0.761445 0.026303 0.647696 93.132450
0.650033 0.073752 0.756319 128.425833 -0.028031 0.996929 -0.073124 -10.180222 -0.759389 0.026332 0.650104 93.677272
0.652323 0.073414 0.754377 129.046683 -0.028003 0.996953 -0.072806 -10.231132 -0.757424 0.026368 0.652391 94.226022
0.654491 0.073072 0.752530 129.669130 -0.027956 0.996977 -0.072495 -10.282063 -0.755553 0.026410 0.654555 94.778564
0.656536 0.072728 0.750780 130.293197 -0.027890 0.997001 -0.072191 -10.333020 -0.753779 0.026457 0.656595 95.334752
0.658456 0.072382 0.749131 130.918899 -0.027805 0.997025 -0.071895 -10.384007 -0.752106 0.026510 0.658509 95.894436
0.660249 0.072035 0.747585 131.546252 -0.027702 0.997048 -0.071606 -10.435029 -0.750536 0.026568 0.660295 96.457462
0.661914 0.071686 0.746144 132.175268 -0.027583 0.997072 -0.071325 -10.486090 -0.749072 0.026631 0.661953 97.023668
0.663451 0.071338 0.744812 132.805955 -0.027447 0.997095 -0.071053 -10.537193 -0.747717 0.026697 0.663481 97.592888
0.664857 0.070990 0.743590 133.438321 -0.027295 0.997118 -0.070789 -10.588343 -0.746472 0.026769 0.664878 98.164952
0.666132 0.070643 0.742480 134.072371 -0.027128 0.997140 -0.070535 -10.639544 -0.745340 0.026844 0.666144 98.739684
0.667276 0.070299 0.741486 134.708106 -0.026946 0.997163 -0.070290 -10.690800 -0.744323 0.026923 0.667277 99.316906
0.668287 0.069959 0.740607 135.345526 -0.026752 0.997184 -0.070056 -10.742117 -0.743423 0.027005 0.668276 99.896434
0.669164 0.069622 0.739846 135.984626 -0.026546 0.997206 -0.069832 -10.793497 -0.742641 0.027089 0.669142 100.478082
0.669907 0.069292 0.739204 136.625400 -0.026329 0.997226 -0.069618 -10.844947 -0.741978 0.027176 0.669874 101.061663
0.670517 0.068969 0.738682 137.267838 -0.026103 0.997246 -0.069416 -10.896471 -0.741435 0.027263 0.670470 101.646986
0.670991 0.068653 0.738280 137.911929 -0.025869 0.997266 -0.069225 -10.948073 -0.741014 0.027351 0.670932 102.233858
0.671330 0.068347 0.738000 138.557658 -0.025629 0.997284 -0.069046 -10.999759 -0.740715 0.027438 0.671259 102.822083
0.671535 0.068051 0.737842 139.205008 -0.025385 0.997302 -0.068878 -11.051531 -0.740538 0.027524 0.671450 103.411466
0.671603 0.067766 0.737805 139.853963 -0.025136 0.997319 -0.068722 -11.103395 -0.740484 0.027609 0.671506 104.001809
0.671537 0.067493 0.737891 140.504502 -0.024884 0.997335 -0.068577 -11.155353 -0.740553 0.027690 0.671427 104.592911
0.671334 0.067230 0.738099 141.156603 -0.024629 0.997351 -0.068443 -11.207411 -0.740745 0.027769 0.671212 105.184572
0.670997 0.066980 0.738429 141.810245 -0.024373 0.997366 -0.068320 -11.259570 -0.741059 0.027845 0.670862 105.776591
0.670524 0.066741 0.738879 142.465401 -0.024114 0.997380 -0.068207 -11.311832 -0.741496 0.027917 0.670377 106.368765
0.669917 0.066515 0.739451 143.122045 -0.023854 0.997393 -0.068106 -11.364200 -0.742053 0.027987 0.669757 106.960891
0.669175 0.066301 0.740141 143.780148 -0.023592 0.997405 -0.068017 -11.416675 -0.742730 0.028054 0.669003 107.552768
0.668299 0.066101 0.740950 144.439679 -0.023330 0.997417 -0.067939 -11.469258 -0.743527 0.028118 0.668115 108.144193
0.667290 0.065915 0.741875 145.100604 -0.023067 0.997427 -0.067873 -11.521951 -0.744441 0.028179 0.667094 108.734966
0.666149 0.065744 0.742916 145.762887 -0.022804 0.997437 -0.067819 -11.574753 -0.745470 0.028236 0.665941 109.324887
0.664875 0.065586 0.744069 146.426493 -0.022543 0.997446 -0.067777 -11.627667 -0.746614 0.028289 0.664656 109.913757
0.663471 0.065444 0.745334 147.091384 -0.022284 0.997454 -0.067744 -11.680691 -0.747870 0.028338 0.663240 110.501380
0.661938 0.065315 0.746707 147.757518 -0.022027 0.997461 -0.067722 -11.733825 -0.749235 0.028380 0.661696 111.087561
0.660276 0.065201 0.748187 148.424856 -0.021773 0.997467 -0.067710 -11.787066 -0.750707 0.028416 0.660024 111.672110
0.658488 0.065102 0.749770 149.093354 -0.021523 0.997473 -0.067707 -11.840413 -0.752283 0.028447 0.658225 112.254836
0.656575 0.065017 0.751453 149.762968 -0.021277 0.997478 -0.067713 -11.893863 -0.753960 0.028470 0.656303 112.835553
0.654539 0.064946 0.753233 150.433653 -0.021034 0.997482 -0.067728 -11.947415 -0.755735 0.028488 0.654257 113.414080
0.652383 0.064891 0.755106 151.105363 -0.020795 0.997485 -0.067753 -12.001064 -0.757604 0.028498 0.652092 113.990238
0.650109 0.064850 0.757069 151.778051 -0.020561 0.997488 -0.067788 -12.054809 -0.759563 0.028503 0.649809 114.563852
0.647718 0.064824 0.759117 152.451671 -0.020331 0.997490 -0.067832 -12.108646 -0.761609 0.028502 0.647410 115.134755
0.645215 0.064813 0.761247 153.126175 -0.020105 0.997490 -0.067886 -12.162574 -0.763737 0.028496 0.644899 115.702781
0.642601 0.064816 0.763454 153.801517 -0.019884 0.997491 -0.067950 -12.216589 -0.765943 0.028485 0.642277 116.267771
0.639880 0.064834 0.765735 154.477651 -0.019666 0.997490 -0.068023 -12.270689 -0.768223 0.028468 0.639549 116.829573
0.637055 0.064866 0.768084 155.154534 -0.019451 0.997488 -0.068107 -12.324873 -0.770573 0.028448 0.636716 117.388040
0.634128 0.064911 0.770499 155.832121 -0.019240 0.997486 -0.068200 -12.379139 -0.772989 0.028423 0.633783 117.943031
0.631103 0.064970 0.772974 156.510369 -0.019032 0.997483 -0.068302 -12.433483 -0.775466 0.028394 0.630751 118.494410
0.627982 0.065043 0.775505 157.189238 -0.018827 0.997479 -0.068414 -12.487905 -0.778000 0.028362 0.627624 119.042048
0.624769 0.065128 0.778089 157.868689 -0.018626 0.997475 -0.068536 -12.542402 -0.780587 0.028327 0.624405 119.585825
0.621467 0.065227 0.780720 158.548684 -0.018428 0.997469 -0.068667 -12.596973 -0.783224 0.028287 0.621096 120.125624
0.618078 0.065338 0.783397 159.229189 -0.018234 0.997463 -0.068806 -12.651615 -0.785905 0.028243 0.617702 120.661337
0.614606 0.065461 0.786113 159.910173 -0.018043 0.997457 -0.068953 -12.706327 -0.788628 0.028195 0.614224 121.192861
0.611054 0.065595 0.788867 160.591605 -0.017856 0.997449 -0.069108 -12.761108 -0.791388 0.028143 0.610666 121.720099
0.607424 0.065742 0.791653 161.273460 -0.017673 0.997441 -0.069271 -12.815954 -0.794181 0.028086 0.607031 122.242962
0.603719 0.065899 0.794469 161.955714 -0.017494 0.997433 -0.069441 -12.870866 -0.797005 0.028025 0.603322 122.761364
0.599942 0.066068 0.797311 162.638347 -0.017317 0.997423 -0.069620 -12.925841 -0.799856 0.027960 0.599540 123.275227
0.596096 0.066248 0.800175 163.321341 -0.017144 0.997413 -0.069806 -12.980878 -0.802730 0.027893 0.595690 123.784479
0.592184 0.066439 0.803059 164.004684 -0.016973 0.997403 -0.070001 -13.035978 -0.805624 0.027823 0.591774 124.289054
0.588209 0.066641 0.805959 164.688364 -0.016805 0.997391 -0.070205 -13.091141 -0.808534 0.027751 0.587794 124.788892
0.584172 0.066854 0.808872 165.372375 -0.016639 0.997379 -0.070418 -13.146367 -0.811459 0.027677 0.583753 125.283939
0.580077 0.067079 0.811795 166.056715 -0.016476 0.997366 -0.070640 -13.201658 -0.814395 0.027602 0.579654 125.774146
0.575926 0.067314 0.814725 166.741383 -0.016314 0.997352 -0.070871 -13.257015 -0.817339 0.027525 0.575500 126.259471
0.571722 0.067562 0.817661 167.426386 -0.016155 0.997338 -0.071112 -13.312441 -0.820288 0.027447 0.571291 126.739877
0.567467 0.067820 0.820598 168.111733 -0.015998 0.997322 -0.071362 -13.367938 -0.823241 0.027368 0.567032 127.215333
0.563164 0.068089 0.823536 168.797438 -0.015842 0.997306 -0.071622 -13.423509 -0.826194 0.027288 0.562725 127.685813
0.558814 0.068368 0.826470 169.483519 -0.015688 0.997289 -0.071892 -13.479158 -0.829145 0.027208 0.558372 128.151296
0.554421 0.068659 0.829399 170.169999 -0.015535 0.997271 -0.072171 -13.534889 -0.832091 0.027128 0.553975 128.611767
0.549987 0.068959 0.832322 170.856905 -0.015383 0.997253 -0.072459 -13.590707 -0.835032 0.027048 0.549536 129.067215
0.545514 0.069269 0.835235 171.544271 -0.015230 0.997233 -0.072757 -13.646617 -0.837964 0.026969 0.545059 129.517632
0.541004 0.069589 0.838136 172.232133 -0.015078 0.997213 -0.073064 -13.702624 -0.840885 0.026891 0.540546 129.963019
0.536461 0.069917 0.841024 172.920531 -0.014925 0.997192 -0.073380 -13.758734 -0.843793 0.026814 0.535999 130.403376
0.531886 0.070254 0.843896 173.609510 -0.014770 0.997171 -0.073705 -13.814955 -0.846687 0.026738 0.531419 130.838712
0.527283 0.070600 0.846752 174.299118 -0.014615 0.997148 -0.074040 -13.871292 -0.849564 0.026665 0.526811 131.269038
0.522652 0.070955 0.849589 174.989407 -0.014457 0.997125 -0.074383 -13.927753 -0.852424 0.026594 0.522175 131.694369
0.517996 0.071318 0.852405 175.680435 -0.014298 0.997101 -0.074736 -13.984345 -0.855264 0.026526 0.517514 132.114725
0.513318 0.071689 0.855199 176.372262 -0.014136 0.997076 -0.075097 -14.041078 -0.858082 0.026460 0.512830 132.530129
0.508619 0.072067 0.857970 177.064953 -0.013972 0.997050 -0.075466 -14.097960 -0.860878 0.026396 0.508126 132.940609
0.503902 0.072451 0.860717 177.758576 -0.013805 0.997024 -0.075842 -14.154999 -0.863651 0.026335 0.503402 133.346196
0.499168 0.072841 0.863438 178.453204 -0.013636 0.996997 -0.076225 -14.212205 -0.866398 0.026276 0.498662 133.746925
0.494420 0.073236 0.866132 179.148914 -0.013463 0.996970 -0.076613 -14.269587 -0.869119 0.026218 0.493908 134.142834
0.489659 0.073636 0.868799 179.845786 -0.013288 0.996942 -0.077007 -14.327152 -0.871813 0.026163 0.489140 134.533964
0.484887 0.074040 0.871437 180.543902 -0.013109 0.996913 -0.077406 -14.384911 -0.874478 0.026109 0.484361 134.920359
0.480106 0.074449 0.874045 181.243348 -0.012927 0.996884 -0.077811 -14.442873 -0.877115 0.026059 0.479573 135.302065
0.475318 0.074862 0.876623 181.944213 -0.012741 0.996855 -0.078221 -14.501048 -0.879722 0.026011 0.474777 135.679132
0.470524 0.075279 0.879170 182.646587 -0.012550 0.996824 -0.078637 -14.559449 -0.882298 0.025967 0.469974 136.051609
0.465724 0.075701 0.881686 183.350564 -0.012356 0.996793 -0.079058 -14.618087 -0.884844 0.025925 0.465166 136.419551
0.460922 0.076128 0.884170 184.056238 -0.012157 0.996762 -0.079485 -14.676975 -0.887358 0.025888 0.460355 136.783010
0.456117 0.076558 0.886621 184.763707 -0.011954 0.996730 -0.079917 -14.736124 -0.889840 0.025853 0.455540 137.142044
0.451310 0.076993 0.889039 185.473067 -0.011747 0.996697 -0.080353 -14.795548 -0.892290 0.025821 0.450724 137.496708
0.446504 0.077430 0.891425 186.184419 -0.011535 0.996664 -0.080793 -14.855261 -0.894707 0.025792 0.445908 137.847062
0.441698 0.077870 0.893778 186.897861 -0.011321 0.996631 -0.081237 -14.915273 -0.897092 0.025764 0.441091 138.193164
0.436893 0.078313 0.896098 187.613493 -0.011103 0.996597 -0.081682 -14.975599 -0.899445 0.025737 0.436276 138.535074
0.432091 0.078757 0.898385 188.331411 -0.010884 0.996562 -0.082129 -15.036250 -0.901764 0.025710 0.431463 138.872850
0.427291 0.079204 0.900638 189.051712 -0.010662 0.996528 -0.082578 -15.097238 -0.904051 0.025682 0.426652 139.206552
0.422495 0.079653 0.902858 189.774493 -0.010440 0.996493 -0.083028 -15.158574 -0.906305 0.025653 0.421845 139.536239
0.417703 0.080103 0.905045 190.499845 -0.010217 0.996457 -0.083479 -15.220269 -0.908526 0.025623 0.417042 139.861969
0.412917 0.080554 0.907199 191.227863 -0.009993 0.996422 -0.083928 -15.282334 -0.910714 0.025590 0.412244 140.183800
0.408136 0.081006 0.909320 191.958636 -0.009769 0.996386 -0.084378 -15.344779 -0.912869 0.025555 0.407452 140.501789
0.403362 0.081458 0.911408 192.692251 -0.009544 0.996350 -0.084825 -15.407613 -0.914991 0.025517 0.402667 140.815991
0.398595 0.081909 0.913462 193.428793 -0.009319 0.996314 -0.085272 -15.470845 -0.917080 0.025476 0.397889 141.126463
0.393837 0.082359 0.915483 194.168343 -0.009094 0.996278 -0.085716 -15.534485 -0.919135 0.025433 0.393120 141.433258
0.389089 0.082809 0.917471 194.910979 -0.008868 0.996242 -0.086158 -15.598541 -0.921158 0.025387 0.388361 141.736429
0.384351 0.083257 0.919425 195.656773 -0.008642 0.996206 -0.086597 -15.663019 -0.923147 0.025337 0.383612 142.036030
0.379624 0.083703 0.921347 196.405796 -0.008417 0.996170 -0.087032 -15.727929 -0.925103 0.025284 0.378874 142.332110
0.374909 0.084146 0.923235 197.158111 -0.008193 0.996134 -0.087463 -15.793276 -0.927026 0.025226 0.374149 142.624721
0.370207 0.084586 0.925090 197.913777 -0.007971 0.996098 -0.087889 -15.859065 -0.928915 0.025163 0.369437 142.913911
0.365518 0.085022 0.926913 198.672850 -0.007751 0.996063 -0.088308 -15.925303 -0.930772 0.025093 0.364738 143.199727
0.360845 0.085454 0.928703 199.435377 -0.007534 0.996028 -0.088722 -15.991991 -0.932596 0.025018 0.360055 143.482214
0.356186 0.085881 0.930460 200.201405 -0.007320 0.995993 -0.089128 -16.059134 -0.934386 0.024935 0.355388 143.761415
0.351543 0.086303 0.932185 200.970969 -0.007110 0.995959 -0.089526 -16.126733 -0.936145 0.024844 0.350736 144.037371
0.346917 0.086718 0.933878 201.744104 -0.006903 0.995925 -0.089916 -16.194790 -0.937870 0.024746 0.346103 144.310121
0.342309 0.087127 0.935539 202.520834 -0.006701 0.995892 -0.090296 -16.263305 -0.939564 0.024640 0.341487 144.579702
0.337718 0.087528 0.937169 203.301181 -0.006503 0.995860 -0.090666 -16.332277 -0.941225 0.024525 0.336889 144.846149
0.333146 0.087921 0.938767 204.085158 -0.006310 0.995828 -0.091026 -16.401705 -0.942854 0.024402 0.332311 145.109493
0.328592 0.088307 0.940335 204.872772 -0.006122 0.995798 -0.091376 -16.471587 -0.944452 0.024269 0.327752 145.369764
0.324058 0.088684 0.941871 205.664023 -0.005939 0.995768 -0.091715 -16.541920 -0.946019 0.024127 0.323213 145.626989
0.319543 0.089051 0.943378 206.458906 -0.005762 0.995738 -0.092042 -16.612699 -0.947554 0.023976 0.318695 145.881192
0.315048 0.089410 0.944855 207.257407 -0.005590 0.995710 -0.092358 -16.683919 -0.949059 0.023815 0.314197 146.132394
0.310573 0.089758 0.946302 208.059508 -0.005425 0.995683 -0.092662 -16.755574 -0.950534 0.023645 0.309719 146.380616
0.306118 0.090097 0.947721 208.865184 -0.005265 0.995657 -0.092954 -16.827658 -0.951979 0.023465 0.305263 146.625873
0.301683 0.090426 0.949110 209.674401 -0.005112 0.995631 -0.093233 -16.900163 -0.953395 0.023275 0.300827 146.868179
0.297268 0.090745 0.950472 210.487123 -0.004966 0.995607 -0.093501 -16.973080 -0.954781 0.023074 0.296413 147.107548
0.292873 0.091054 0.951806 211.303306 -0.004828 0.995583 -0.093756 -17.046400 -0.956139 0.022864 0.292019 147.343988
0.288499 0.091353 0.953112 212.122901 -0.004696 0.995561 -0.094000 -17.120116 -0.957469 0.022643 0.287647 147.577507
0.284144 0.091642 0.954392 212.945850 -0.004572 0.995540 -0.094232 -17.194216 -0.958771 0.022412 0.283296 147.808110
0.279810 0.091922 0.955645 213.772092 -0.004457 0.995519 -0.094453 -17.268691 -0.960045 0.022170 0.278966 148.035800
0.275496 0.092193 0.956871 214.601558 -0.004349 0.995500 -0.094663 -17.343530 -0.961292 0.021917 0.274657 148.260580
0.271202 0.092455 0.958072 215.434174 -0.004251 0.995481 -0.094862 -17.418723 -0.962513 0.021654 0.270369 148.482448
0.266928 0.092709 0.959247 216.269861 -0.004161 0.995464 -0.095051 -17.494259 -0.963707 0.021380 0.266103 148.701402
0.262675 0.092954 0.960397 217.108533 -0.004080 0.995447 -0.095231 -17.570126 -0.964876 0.021096 0.261858 148.917438
0.258441 0.093192 0.961521 217.950100 -0.004008 0.995431 -0.095401 -17.646314 -0.966019 0.020801 0.257634 149.130550
0.254228 0.093422 0.962622 218.794466 -0.003946 0.995416 -0.095563 -17.722811 -0.967136 0.020496 0.253432 149.340731
0.250036 0.093644 0.963698 219.641531 -0.003892 0.995401 -0.095715 -17.799604 -0.968229 0.020181 0.249250 149.547973
0.245863 0.093857 0.964750 220.491191 -0.003847 0.995388 -0.095857 -17.876680 -0.969297 0.019856 0.245090 149.752267
0.241711 0.094062 0.965778 221.343339 -0.003811 0.995375 -0.095990 -17.954026 -0.970341 0.019521 0.240952 149.953603
0.237580 0.094257 0.966784 222.197861 -0.003784 0.995363 -0.096113 -18.031626 -0.971361 0.019176 0.236835 150.151970
0.233469 0.094443 0.967767 223.054640 -0.003765 0.995352 -0.096226 -18.109465 -0.972357 0.018823 0.232740 150.347356
0.229380 0.094619 0.968727 223.913556 -0.003754 0.995342 -0.096329 -18.187526 -0.973330 0.018460 0.228667 150.539750
0.225311 0.094785 0.969665 224.774485 -0.003751 0.995333 -0.096423 -18.265794 -0.974280 0.018088 0.224615 150.729139
0.221264 0.094943 0.970581 225.637299 -0.003755 0.995325 -0.096507 -18.344250 -0.975207 0.017709 0.220586 150.915511
0.217239 0.095092 0.971476 226.501867 -0.003765 0.995318 -0.096583 -18.422878 -0.976111 0.017324 0.216580 151.098852
0.213236 0.095232 0.972348 227.368058 -0.003782 0.995311 -0.096651 -18.501661 -0.976993 0.016932 0.212596 151.279151
0.209255 0.095363 0.973200 228.235736 -0.003805 0.995305 -0.096711 -18.580582 -0.977854 0.016535 0.208636 151.456395
0.205298 0.095486 0.974030 229.104765 -0.003832 0.995300 -0.096764 -18.659623 -0.978692 0.016133 0.204699 151.630573
0.201365 0.095601 0.974840 229.975006 -0.003864 0.995296 -0.096809 -18.738769 -0.979509 0.015727 0.200787 151.801674
0.197456 0.095707 0.975629 230.846317 -0.003901 0.995292 -0.096847 -18.818002 -0.980304 0.015317 0.196900 151.969688
0.193573 0.095806 0.976397 231.718557 -0.003942 0.995288 -0.096878 -18.897305 -0.981078 0.014904 0.193038 152.134606
0.189715 0.095895 0.977145 232.591581 -0.003988 0.995286 -0.096901 -18.976663 -0.981831 0.014487 0.189203 152.296421
0.185884 0.095977 0.977873 233.465243 -0.004037 0.995284 -0.096918 -19.056057 -0.982563 0.014068 0.185395 152.455125
0.182080 0.096050 0.978581 234.339397 -0.004091 0.995283 -0.096928 -19.135472 -0.983275 0.013645 0.181614 152.610712
0.178305 0.096115 0.979270 235.213894 -0.004148 0.995282 -0.096931 -19.214891 -0.983967 0.013221 0.177862 152.763177
0.174559 0.096172 0.979939 236.088586 -0.004209 0.995282 -0.096928 -19.294295 -0.984638 0.012795 0.174140 152.912516
0.170843 0.096222 0.980589 236.963323 -0.004273 0.995283 -0.096920 -19.373670 -0.985289 0.012368 0.170448 153.058727
0.167158 0.096265 0.981219 237.837956 -0.004338 0.995284 -0.096906 -19.452998 -0.985921 0.011942 0.166788 153.201809
0.163507 0.096302 0.981831 238.712334 -0.004405 0.995286 -0.096888 -19.532263 -0.986532 0.011517 0.163160 153.341763
0.159890 0.096332 0.982423 239.586310 -0.004472 0.995287 -0.096866 -19.611450 -0.987125 0.011094 0.159567 153.478591
0.156309 0.096357 0.982997 240.459732 -0.004540 0.995290 -0.096840 -19.690543 -0.987698 0.010675 0.156010 153.612299
0.152766 0.096376 0.983552 241.332453 -0.004607 0.995292 -0.096811 -19.769527 -0.988252 0.010259 0.152491 153.742893
0.149262 0.096390 0.984088 242.204323 -0.004673 0.995295 -0.096779 -19.848390 -0.988787 0.009847 0.149010 153.870384
0.145800 0.096399 0.984606 243.075194 -0.004738 0.995298 -0.096744 -19.927116 -0.989303 0.009440 0.145571 153.994784
0.142381 0.096404 0.985106 243.944919 -0.004801 0.995301 -0.096708 -20.005692 -0.989800 0.009040 0.142175 154.116108
0.139008 0.096405 0.985588 244.813351 -0.004863 0.995305 -0.096670 -20.084105 -0.990279 0.008645 0.138824 154.234373
0.135683 0.096403 0.986051 245.680346 -0.004922 0.995308 -0.096631 -20.162344 -0.990740 0.008258 0.135521 154.349600
0.132407 0.096397 0.986497 246.545758 -0.004978 0.995312 -0.096590 -20.240395 -0.991183 0.007878 0.132266 154.461813
0.129184 0.096388 0.986925 247.409445 -0.005032 0.995316 -0.096549 -20.318248 -0.991608 0.007506 0.129064 154.571036
0.126015 0.096377 0.987336 248.271265 -0.005083 0.995319 -0.096507 -20.395889 -0.992015 0.007143 0.125915 154.677301
0.122904 0.096363 0.987729 249.131079 -0.005130 0.995323 -0.096466 -20.473310 -0.992405 0.006789 0.122823 154.780639
0.119851 0.096349 0.988106 249.988747 -0.005174 0.995327 -0.096425 -20.550499 -0.992778 0.006445 0.119789 154.881085
0.116859 0.096333 0.988465 250.844132 -0.005214 0.995330 -0.096385 -20.627448 -0.993135 0.006110 0.116816 154.978679
0.113932 0.096316 0.988809 251.697101 -0.005251 0.995334 -0.096346 -20.704145 -0.993475 0.005785 0.113906 155.073463
0.111070 0.096298 0.989136 252.547518 -0.005285 0.995338 -0.096308 -20.780584 -0.993799 0.005470 0.111061 155.165479
0.108276 0.096280 0.989448 253.395253 -0.005315 0.995341 -0.096271 -20.856754 -0.994107 0.005165 0.108283 155.254776
0.105551 0.096261 0.989744 254.240177 -0.005342 0.995344 -0.096236 -20.932647 -0.994400 0.004870 0.105574 155.341403
0.102899 0.096241 0.990025 255.082164 -0.005366 0.995348 -0.096201 -21.008254 -0.994677 0.004586 0.102936 155.425413
0.100320 0.096221 0.990292 255.921091 -0.005387 0.995351 -0.096167 -21.083567 -0.994941 0.004313 0.100371 155.506859
0.097815 0.096200 0.990544 256.756838 -0.005405 0.995354 -0.096134 -21.158576 -0.995190 0.004050 0.097881 155.585799
0.095388 0.096180 0.990783 257.589289 -0.005419 0.995357 -0.096102 -21.233273 -0.995425 0.003798 0.095466 155.662291
0.093038 0.096160 0.991008 258.418332 -0.005432 0.995360 -0.096072 -21.307650 -0.995648 0.003556 0.093129 155.736395
0.090767 0.096140 0.991221 259.243858 -0.005441 0.995362 -0.096043 -21.381698 -0.995857 0.003324 0.090870 155.808175
0.088577 0.096121 0.991421 260.065763 -0.005448 0.995365 -0.096016 -21.455410 -0.996054 0.003104 0.088690 155.877694
0.086467 0.096102 0.991609 260.883947 -0.005453 0.995367 -0.095991 -21.528776 -0.996240 0.002893 0.086591 155.945016
0.084439 0.096086 0.991785 261.698315 -0.005455 0.995369 -0.095969 -21.601792 -0.996414 0.002693 0.084573 156.010209
0.082494 0.096071 0.991950 262.508775 -0.005456 0.995371 -0.095949 -21.674449 -0.996577 0.002503 0.082636 156.073340
0.080631 0.096060 0.992104 263.315241 -0.005455 0.995373 -0.095933 -21.746742 -0.996729 0.002323 0.080782 156.134477
0.078852 0.096053 0.992248 264.117633 -0.005453 0.995374 -0.095922 -21.818668 -0.996871 0.002153 0.079011 156.193689
0.077156 0.096050 0.992382 264.915874 -0.005450 0.995375 -0.095916 -21.890221 -0.997004 0.001992 0.077322 156.251046
0.075544 0.096053 0.992505 265.709896 -0.005446 0.995375 -0.095916 -21.961400 -0.997128 0.001841 0.075717 156.306617
0.074015 0.096061 0.992620 266.499636 -0.005441 0.995374 -0.095922 -22.032202 -0.997242 0.001699 0.074195 156.360473
0.072569 0.096075 0.992725 267.285036 -0.005436 0.995373 -0.095934 -22.102625 -0.997349 0.001565 0.072756 156.412684
0.071207 0.096095 0.992822 268.066048 -0.005430 0.995371 -0.095953 -22.172671 -0.997447 0.001441 0.071399 156.463322
0.069927 0.096122 0.992910 268.842626 -0.005425 0.995369 -0.095978 -22.242339 -0.997537 0.001325 0.070125 156.512456
0.068730 0.096156 0.992991 269.614735 -0.005419 0.995366 -0.096011 -22.311629 -0.997621 0.001218 0.068932 156.560157
0.067613 0.096197 0.993063 270.382344 -0.005412 0.995362 -0.096051 -22.380545 -0.997697 0.001120 0.067820 156.606496
0.066577 0.096245 0.993129 271.145433 -0.005405 0.995357 -0.096099 -22.449087 -0.997767 0.001030 0.066789 156.651541
0.065621 0.096301 0.993187 271.903985 -0.005397 0.995352 -0.096154 -22.517260 -0.997830 0.000949 0.065836 156.695361
0.064743 0.096364 0.993238 272.657995 -0.005388 0.995346 -0.096217 -22.585066 -0.997887 0.000878 0.064961 156.738026
0.063942 0.096437 0.993283 273.407462 -0.005377 0.995339 -0.096290 -22.652511 -0.997939 0.000816 0.064162 156.779602
0.063216 0.096519 0.993322 274.152398 -0.005365 0.995331 -0.096372 -22.719600 -0.997985 0.000764 0.063439 156.820157
0.062565 0.096610 0.993354 274.892820 -0.005349 0.995322 -0.096465 -22.786340 -0.998027 0.000722 0.062789 156.859757
0.061986 0.096712 0.993380 275.628754 -0.005331 0.995312 -0.096567 -22.852739 -0.998063 0.000690 0.062211 156.898468
0.061477 0.096824 0.993401 276.360238 -0.005310 0.995301 -0.096680 -22.918805 -0.998094 0.000669 0.061703 156.936354
0.061038 0.096946 0.993416 277.087314 -0.005285 0.995289 -0.096804 -22.984550 -0.998121 0.000658 0.061262 156.973480
0.060664 0.097079 0.993426 277.810038 -0.005258 0.995277 -0.096938 -23.049983 -0.998144 0.000657 0.060888 157.009908
0.060355 0.097221 0.993431 278.528471 -0.005227 0.995263 -0.097083 -23.115117 -0.998163 0.000667 0.060577 157.045700
0.060107 0.097374 0.993431 279.242687 -0.005193 0.995248 -0.097238 -23.179964 -0.998178 0.000686 0.060327 157.080915
0.059918 0.097537 0.993427 279.952766 -0.005155 0.995232 -0.097403 -23.244537 -0.998190 0.000715 0.060136 157.115613
0.059786 0.097710 0.993418 280.658799 -0.005114 0.995215 -0.097579 -23.308849 -0.998198 0.000754 0.060000 157.149851
0.059708 0.097893 0.993404 281.360884 -0.005069 0.995197 -0.097765 -23.372916 -0.998203 0.000802 0.059917 157.183683
0.059680 0.098086 0.993387 282.059129 -0.005019 0.995178 -0.097961 -23.436752 -0.998205 0.000860 0.059885 157.217163
0.059700 0.098289 0.993366 282.753650 -0.004966 0.995157 -0.098168 -23.500372 -0.998204 0.000928 0.059899 157.250343
0.059765 0.098503 0.993340 283.444571 -0.004907 0.995136 -0.098385 -23.563794 -0.998200 0.001006 0.059958 157.283272
0.059872 0.098725 0.993312 284.132026 -0.004844 0.995114 -0.098613 -23.627035 -0.998194 0.001093 0.060058 157.315998
0.060018 0.098958 0.993280 284.816155 -0.004776 0.995091 -0.098850 -23.690111 -0.998186 0.001189 0.060196 157.348567
0.060200 0.099200 0.993245 285.497106 -0.004702 0.995067 -0.099097 -23.753042 -0.998175 0.001295 0.060370 157.381024
0.060415 0.099450 0.993207 286.175034 -0.004623 0.995042 -0.099353 -23.815846 -0.998163 0.001411 0.060575 157.413408
0.060659 0.099709 0.993166 286.850103 -0.004538 0.995015 -0.099618 -23.878543 -0.998148 0.001536 0.060809 157.445761
0.060930 0.099976 0.993122 287.522481 -0.004448 0.994988 -0.099891 -23.941152 -0.998132 0.001669 0.061070 157.478120
0.061225 0.100251 0.993077 288.192344 -0.004351 0.994961 -0.100173 -24.003695 -0.998114 0.001812 0.061353 157.510520
0.061542 0.100534 0.993029 288.859873 -0.004249 0.994932 -0.100463 -24.066191 -0.998095 0.001963 0.061657 157.542994
0.061876 0.100824 0.992978 289.525256 -0.004140 0.994902 -0.100761 -24.128662 -0.998075 0.002123 0.061978 157.575573
0.062226 0.101121 0.992926 290.188686 -0.004025 0.994871 -0.101067 -24.191128 -0.998054 0.002292 0.062314 157.608286
0.062589 0.101425 0.992872 290.850361 -0.003903 0.994840 -0.101380 -24.253613 -0.998032 0.002470 0.062662 157.641159
0.062962 0.101737 0.992817 291.510482 -0.003774 0.994808 -0.101701 -24.316139 -0.998009 0.002657 0.063019 157.674218
0.063344 0.102055 0.992760 292.169255 -0.003637 0.994775 -0.102030 -24.378729 -0.997985 0.002852 0.063384 157.707485
0.063732 0.102380 0.992702 292.826889 -0.003493 0.994741 -0.102366 -24.441407 -0.997961 0.003057 0.063754 157.740982
0.064124 0.102711 0.992642 293.483595 -0.003340 0.994706 -0.102709 -24.504197 -0.997936 0.003271 0.064127 157.774728
0.064518 0.103048 0.992582 294.139587 -0.003178 0.994670 -0.103058 -24.567124 -0.997911 0.003495 0.064501 157.808741
0.064912 0.103389 0.992521 294.795081 -0.003007 0.994634 -0.103413 -24.630213 -0.997886 0.003728 0.064875 157.843038
0.065306 0.103736 0.992459 295.450292 -0.002826 0.994597 -0.103773 -24.693488 -0.997861 0.003972 0.065246 157.877634
0.065698 0.104086 0.992396 296.105439 -0.002634 0.994559 -0.104139 -24.756976 -0.997836 0.004227 0.065614 157.912544
0.066086 0.104440 0.992333 296.760740 -0.002432 0.994521 -0.104509 -24.820699 -0.997811 0.004493 0.065978 157.947781
0.066470 0.104797 0.992270 297.416412 -0.002218 0.994482 -0.104883 -24.884683 -0.997786 0.004771 0.066336 157.983358
0.066850 0.105156 0.992206 298.072673 -0.001991 0.994443 -0.105259 -24.948952 -0.997761 0.005061 0.066688 158.019286
0.067224 0.105515 0.992143 298.729740 -0.001753 0.994403 -0.105637 -25.013530 -0.997736 0.005363 0.067033 158.055578
0.067593 0.105875 0.992080 299.387827 -0.001501 0.994363 -0.106016 -25.078440 -0.997712 0.005677 0.067371 158.092244
0.067955 0.106233 0.992016 300.047148 -0.001237 0.994323 -0.106396 -25.143704 -0.997688 0.006003 0.067701 158.129295
0.068312 0.106590 0.991954 300.707910 -0.000959 0.994283 -0.106774 -25.209343 -0.997664 0.006342 0.068023 158.166744
0.068662 0.106945 0.991891 301.370322 -0.000669 0.994242 -0.107152 -25.275379 -0.997640 0.006694 0.068338 158.204599
0.069007 0.107297 0.991829 302.034587 -0.000365 0.994202 -0.107528 -25.341833 -0.997616 0.007058 0.068646 158.242874
0.069347 0.107645 0.991768 302.700903 -0.000049 0.994162 -0.107901 -25.408723 -0.997593 0.007434 0.068947 158.281578
0.069682 0.107988 0.991707 303.369464 0.000280 0.994121 -0.108271 -25.476068 -0.997569 0.007822 0.069242 158.320723
0.070013 0.108327 0.991647 304.040461 0.000620 0.994081 -0.108637 -25.543887 -0.997546 0.008221 0.069531 158.360321
0.070341 0.108661 0.991587 304.714077 0.000973 0.994041 -0.108999 -25.612197 -0.997523 0.008632 0.069816 158.400384
0.070666 0.108989 0.991528 305.390489 0.001337 0.994002 -0.109356 -25.681014 -0.997499 0.009053 0.070097 158.440924
0.070991 0.109311 0.991469 306.069870 0.001711 0.993962 -0.109708 -25.750353 -0.997475 0.009485 0.070376 158.481954
0.071317 0.109626 0.991411 306.752384 0.002095 0.993923 -0.110054 -25.820229 -0.997452 0.009926 0.070654 158.523489
0.071644 0.109933 0.991354 307.438188 0.002488 0.993885 -0.110394 -25.890656 -0.997427 0.010376 0.070932 158.565542
0.071974 0.110233 0.991296 308.127431 0.002890 0.993847 -0.110727 -25.961647 -0.997402 0.010835 0.071213 158.608129
0.072310 0.110525 0.991239 308.820255 0.003300 0.993809 -0.111053 -26.033214 -0.997377 0.011301 0.071497 158.651267
0.072652 0.110809 0.991183 309.516793 0.003716 0.993772 -0.111370 -26.105367 -0.997350 0.011774 0.071788 158.694971
0.073003 0.111083 0.991126 310.217168 0.004138 0.993736 -0.111680 -26.178115 -0.997323 0.012254 0.072086 158.739261
0.073364 0.111348 0.991070 310.921495 0.004564 0.993700 -0.111982 -26.251467 -0.997295 0.012739 0.072394 158.784155
0.073737 0.111604 0.991013 311.629877 0.004995 0.993665 -0.112275 -26.325429 -0.997265 0.013229 0.072713 158.829673
0.074125 0.111851 0.990956 312.342410 0.005429 0.993630 -0.112559 -26.400009 -0.997234 0.013724 0.073046 158.875836
0.074530 0.112088 0.990899 313.059178 0.005866 0.993596 -0.112835 -26.475210 -0.997202 0.014222 0.073395 158.922665
0.074952 0.112316 0.990842 313.780257 0.006303 0.993564 -0.113101 -26.551037 -0.997167 0.014723 0.073762 158.970183
0.075395 0.112533 0.990783 314.505712 0.006742 0.993531 -0.113358 -26.627492 -0.997131 0.015226 0.074149 159.018413
0.075861 0.112739 0.990724 315.235597 0.007180 0.993500 -0.113605 -26.704579 -0.997093 0.015731 0.074559 159.067381
0.076352 0.112936 0.990664 315.969959 0.007617 0.993470 -0.113843 -26.782296 -0.997052 0.016238 0.074993 159.117112
0.076870 0.113121 0.990603 316.708832 0.008052 0.993440 -0.114070 -26.860645 -0.997009 0.016744 0.075455 159.167632
0.077416 0.113296 0.990541 317.452242 0.008484 0.993411 -0.114288 -26.939622 -0.996963 0.017251 0.075945 159.218971
0.077994 0.113460 0.990476 318.200206 0.008912 0.993384 -0.114495 -27.019226 -0.996914 0.017758 0.076467 159.271156
0.078606 0.113613 0.990411 318.952730 0.009337 0.993357 -0.114692 -27.099454 -0.996862 0.018263 0.077023 159.324217
0.079253 0.113756 0.990343 319.709813 0.009756 0.993331 -0.114880 -27.180301 -0.996807 0.018767 0.077614 159.378185
0.079937 0.113889 0.990272 320.471442 0.010170 0.993307 -0.115058 -27.261761 -0.996748 0.019269 0.078244 159.433093
0.080662 0.114011 0.990200 321.237599 0.010578 0.993283 -0.115228 -27.343829 -0.996685 0.019769 0.078914 159.488974
0.081428 0.114123 0.990124 322.008256 0.010979 0.993260 -0.115388 -27.426497 -0.996619 0.020266 0.079626 159.545861
0.082239 0.114226 0.990045 322.783378 0.011373 0.993238 -0.115539 -27.509758 -0.996548 0.020761 0.080384 159.603792
0.083096 0.114318 0.989963 323.562921 0.011759 0.993217 -0.115681 -27.593603 -0.996472 0.021254 0.081188 159.662803
0.084001 0.114400 0.989877 324.346835 0.012138 0.993197 -0.115814 -27.678023 -0.996392 0.021743 0.082041 159.722934
0.084956 0.114473 0.989787 325.135061 0.012507 0.993178 -0.115938 -27.763009 -0.996306 0.022229 0.082945 159.784224
0.085963 0.114536 0.989693 325.927535 0.012868 0.993159 -0.116054 -27.848549 -0.996215 0.022712 0.083901 159.846716
0.087025 0.114589 0.989594 326.724186 0.013219 0.993142 -0.116162 -27.934633 -0.996118 0.023191 0.084913 159.910452
0.088142 0.114632 0.989490 327.524936 0.013561 0.993126 -0.116261 -28.021249 -0.996016 0.023666 0.085981 159.975477
0.089316 0.114665 0.989381 328.329704 0.013891 0.993111 -0.116351 -28.108384 -0.995906 0.024136 0.087108 160.041837
0.090550 0.114689 0.989266 329.138401 0.014210 0.993097 -0.116434 -28.196024 -0.995791 0.024600 0.088295 160.109577
0.091844 0.114703 0.989145 329.950934 0.014517 0.993084 -0.116508 -28.284156 -0.995668 0.025060 0.089544 160.178747
0.093200 0.114708 0.989018 330.767205 0.014810 0.993072 -0.116574 -28.372765 -0.995537 0.025512 0.090855 160.249394
0.094619 0.114704 0.988883 331.587112 0.015089 0.993061 -0.116632 -28.461836 -0.995399 0.025957 0.092231 160.321569
0.096101 0.114691 0.988742 332.410549 0.015353 0.993051 -0.116683 -28.551353 -0.995253 0.026393 0.093673 160.395322
0.097649 0.114669 0.988593 333.237406 0.015600 0.993042 -0.116726 -28.641302 -0.995099 0.026820 0.095181 160.470706
0.099262 0.114639 0.988436 334.067568 0.015830 0.993034 -0.116762 -28.731665 -0.994935 0.027237 0.096756 160.547771
0.100942 0.114601 0.988270 334.900920 0.016041 0.993027 -0.116791 -28.822428 -0.994763 0.027642 0.098400 160.626572
0.102688 0.114556 0.988095 335.737341 0.016232 0.993021 -0.116814 -28.913573 -0.994581 0.028034 0.100112 160.707162
0.104501 0.114503 0.987911 336.576708 0.016403 0.993016 -0.116830 -29.005085 -0.994390 0.028413 0.101893 160.789594
0.106381 0.114444 0.987717 337.418898 0.016553 0.993013 -0.116840 -29.096948 -0.994188 0.028779 0.103743 160.873922
0.108328 0.114379 0.987513 338.263785 0.016681 0.993010 -0.116845 -29.189146 -0.993975 0.029130 0.105663 160.960201
0.110342 0.114308 0.987299 339.111240 0.016787 0.993008 -0.116845 -29.281663 -0.993752 0.029466 0.107651 161.048485
0.112422 0.114232 0.987073 339.961135 0.016870 0.993007 -0.116840 -29.374486 -0.993517 0.029787 0.109709 161.138827
0.114569 0.114151 0.986835 340.813340 0.016930 0.993008 -0.116831 -29.467598 -0.993271 0.030092 0.111835 161.231284
0.116781 0.114067 0.986586 341.667724 0.016967 0.993008 -0.116818 -29.560986 -0.993013 0.030381 0.114029 161.325908
0.119057 0.113978 0.986324 342.524159 0.016981 0.993010 -0.116801 -29.654635 -0.992742 0.030654 0.116290 161.422754
0.121397 0.113887 0.986049 343.382512 0.016971 0.993013 -0.116780 -29.748532 -0.992459 0.030911 0.118616 161.521875
0.123799 0.113792 0.985761 344.242656 0.016938 0.993016 -0.116757 -29.842662 -0.992163 0.031151 0.121007 161.623324
0.126262 0.113694 0.985460 345.104462 0.016882 0.993020 -0.116730 -29.937014 -0.991853 0.031375 0.123461 161.727152
0.128784 0.113594 0.985145 345.967803 0.016803 0.993025 -0.116699 -30.031573 -0.991530 0.031583 0.125977 161.833410
0.131363 0.113491 0.984816 346.832553 0.016702 0.993031 -0.116666 -30.126328 -0.991194 0.031774 0.128552 161.942146
0.133997 0.113386 0.984474 347.698590 0.016578 0.993037 -0.116629 -30.221265 -0.990843 0.031949 0.131184 162.053409
0.136684 0.113279 0.984117 348.565792 0.016433 0.993044 -0.116589 -30.316372 -0.990478 0.032108 0.133872 162.167244
0.139422 0.113169 0.983745 349.434041 0.016267 0.993052 -0.116546 -30.411637 -0.990099 0.032251 0.136613 162.283694
0.142209 0.113058 0.983359 350.303222 0.016080 0.993061 -0.116499 -30.507047 -0.989706 0.032380 0.139404 162.402802
0.145041 0.112944 0.982958 351.173223 0.015874 0.993070 -0.116448 -30.602591 -0.989298 0.032493 0.142243 162.524607
0.147918 0.112828 0.982543 352.043937 0.015649 0.993080 -0.116394 -30.698258 -0.988876 0.032592 0.145129 162.649147
0.150836 0.112711 0.982112 352.915256 0.015405 0.993090 -0.116336 -30.794036 -0.988439 0.032677 0.148057 162.776457
0.153792 0.112591 0.981668 353.787080 0.015145 0.993102 -0.116275 -30.889915 -0.987987 0.032749 0.151026 162.906571
0.156785 0.112470 0.981208 354.659310 0.014867 0.993113 -0.116210 -30.985883 -0.987521 0.032808 0.154033 163.039520
0.159812 0.112346 0.980734 355.531851 0.014573 0.993126 -0.116141 -31.081932 -0.987040 0.032853 0.157076 163.175333
0.162870 0.112222 0.980245 356.404610 0.014264 0.993139 -0.116068 -31.178050 -0.986544 0.032886 0.160151 163.314039
0.165956 0.112096 0.979741 357.277499 0.013940 0.993152 -0.115991 -31.274228 -0.986035 0.032907 0.163257 163.455661
0.169067 0.111968 0.979224 358.150432 0.013602 0.993166 -0.115911 -31.370457 -0.985511 0.032916 0.166389 163.600221
0.172201 0.111839 0.978692 359.023329 0.013251 0.993181 -0.115826 -31.466727 -0.984973 0.032914 0.169545 163.747739
0.175354 0.111709 0.978147 359.896110 0.012886 0.993196 -0.115738 -31.563030 -0.984421 0.032900 0.172722 163.898231
0.178524 0.111578 0.977589 360.768701 0.012510 0.993212 -0.115645 -31.659357 -0.983856 0.032875 0.175916 164.051712
0.181707 0.111445 0.977017 361.641032 0.012122 0.993228 -0.115549 -31.755700 -0.983278 0.032840 0.179126 164.208192
0.184901 0.111311 0.976433 362.513034 0.011724 0.993244 -0.115448 -31.852050 -0.982687 0.032794 0.182346 164.367679
0.188100 0.111176 0.975837 363.384643 0.011316 0.993261 -0.115342 -31.948399 -0.982085 0.032738 0.185575 164.530178
0.191304 0.111039 0.975230 364.255797 0.010899 0.993279 -0.115232 -32.044739 -0.981470 0.032673 0.188808 164.695692
0.194507 0.110901 0.974612 365.126439 0.010473 0.993297 -0.115117 -32.141062 -0.980845 0.032598 0.192042 164.864218
0.197707 0.110762 0.973983 365.996512 0.010040 0.993315 -0.114998 -32.237362 -0.980210 0.032514 0.195273 165.035752
0.200900 0.110622 0.973346 366.865965 0.009600 0.993334 -0.114875 -32.333630 -0.979565 0.032422 0.198499 165.210286
0.204083 0.110480 0.972699 367.734750 0.009154 0.993353 -0.114746 -32.429859 -0.978911 0.032322 0.201715 165.387808
0.207253 0.110336 0.972045 368.602820 0.008703 0.993372 -0.114613 -32.526043 -0.978249 0.032214 0.204919 165.568302
0.210405 0.110192 0.971384 369.470133 0.008249 0.993392 -0.114475 -32.622174 -0.977579 0.032099 0.208106 165.751751
0.213538 0.110045 0.970717 370.336648 0.007792 0.993412 -0.114332 -32.718246 -0.976904 0.031978 0.211273 165.938132
0.216647 0.109898 0.970045 371.202329 0.007334 0.993432 -0.114185 -32.814250 -0.976223 0.031852 0.214418 166.127421
0.219729 0.109749 0.969368 372.067142 0.006875 0.993453 -0.114035 -32.910181 -0.975537 0.031721 0.217536 166.319591
0.222783 0.109600 0.968688 372.931055 0.006418 0.993474 -0.113880 -33.006032 -0.974847 0.031587 0.220625 166.514609
0.225803 0.109449 0.968005 373.794040 0.005962 0.993495 -0.113722 -33.101797 -0.974155 0.031450 0.223682 166.712444
0.228789 0.109297 0.967321 374.656071 0.005511 0.993516 -0.113560 -33.197471 -0.973461 0.031312 0.226703 166.913059
0.231736 0.109145 0.966636 375.517125 0.005065 0.993537 -0.113396 -33.293047 -0.972766 0.031174 0.229685 167.116415
0.234643 0.108992 0.965952 376.377180 0.004625 0.993558 -0.113230 -33.388520 -0.972071 0.031036 0.232627 167.322469
0.237506 0.108837 0.965270 377.236219 0.004193 0.993579 -0.113061 -33.483887 -0.971377 0.030900 0.235525 167.531179
0.240324 0.108682 0.964589 378.094225 0.003771 0.993600 -0.112890 -33.579141 -0.970685 0.030768 0.238376 167.742496
0.243095 0.108525 0.963913 378.951183 0.003360 0.993621 -0.112717 -33.674278 -0.969997 0.030639 0.241179 167.956372
0.245815 0.108366 0.963240 379.807080 0.002961 0.993643 -0.112542 -33.769294 -0.969312 0.030517 0.243931 168.172753
0.248484 0.108206 0.962573 380.661904 0.002575 0.993664 -0.112366 -33.864183 -0.968633 0.030400 0.246631 168.391585
0.251099 0.108044 0.961913 381.515643 0.002205 0.993684 -0.112188 -33.958940 -0.967959 0.030291 0.249275 168.612811
0.253658 0.107880 0.961259 382.368288 0.001850 0.993705 -0.112009 -34.053561 -0.967292 0.030190 0.251862 168.836371
0.256161 0.107712 0.960614 383.219827 0.001512 0.993726 -0.111828 -34.148040 -0.966633 0.030099 0.254391 169.062202
0.258605 0.107542 0.959978 384.070251 0.001192 0.993747 -0.111646 -34.242370 -0.965982 0.030016 0.256860 169.290239
0.260990 0.107368 0.959352 384.919550 0.000890 0.993768 -0.111462 -34.336547 -0.965341 0.029945 0.259268 169.520415
0.263314 0.107190 0.958737 385.767712 0.000608 0.993789 -0.111276 -34.430562 -0.964710 0.029884 0.261614 169.752660
0.265576 0.107008 0.958133 386.614727 0.000346 0.993810 -0.111089 -34.524409 -0.964090 0.029834 0.263896 169.986904
0.267776 0.106823 0.957541 387.460581 0.000104 0.993832 -0.110900 -34.618081 -0.963481 0.029796 0.266114 170.223071
0.269914 0.106633 0.956962 388.305261 -0.000117 0.993853 -0.110710 -34.711569 -0.962885 0.029770 0.268267 170.461088
0.271988 0.106439 0.956396 389.148752 -0.000318 0.993874 -0.110519 -34.804865 -0.962301 0.029755 0.270355 170.700878
0.273998 0.106240 0.955844 389.991035 -0.000498 0.993895 -0.110327 -34.897962 -0.961730 0.029753 0.272379 170.942363
0.275946 0.106038 0.955306 390.832093 -0.000658 0.993917 -0.110133 -34.990851 -0.961173 0.029762 0.274337 171.185463
0.277830 0.105831 0.954783 391.671902 -0.000797 0.993938 -0.109940 -35.083525 -0.960630 0.029784 0.276230 171.430100
0.279651 0.105622 0.954274 392.510440 -0.000915 0.993959 -0.109746 -35.175974 -0.960101 0.029818 0.278058 171.676193
0.281409 0.105408 0.953781 393.347679 -0.001012 0.993980 -0.109552 -35.268192 -0.959587 0.029864 0.279822 171.923660
0.283105 0.105192 0.953303 394.183590 -0.001089 0.994002 -0.109359 -35.360169 -0.959088 0.029922 0.281521 172.172420
0.284739 0.104972 0.952840 395.018141 -0.001147 0.994023 -0.109167 -35.451897 -0.958604 0.029991 0.283157 172.422393
0.286312 0.104750 0.952393 395.851298 -0.001184 0.994044 -0.108975 -35.543369 -0.958136 0.030073 0.284731 172.673495
0.287824 0.104524 0.951962 396.683022 -0.001202 0.994065 -0.108784 -35.634576 -0.957683 0.030166 0.286241 172.925646
0.289276 0.104297 0.951547 397.513274 -0.001201 0.994085 -0.108595 -35.725510 -0.957245 0.030271 0.287690 173.178763
0.290669 0.104068 0.951148 398.342012 -0.001181 0.994106 -0.108407 -35.816162 -0.956823 0.030387 0.289078 173.432763
0.292003 0.103836 0.950764 399.169192 -0.001142 0.994126 -0.108221 -35.906525 -0.956417 0.030515 0.290406 173.687564
0.293280 0.103604 0.950396 399.994768 -0.001085 0.994146 -0.108038 -35.996590 -0.956026 0.030654 0.291675 173.943084
0.294501 0.103370 0.950044 400.818690 -0.001009 0.994166 -0.107858 -36.086350 -0.955651 0.030805 0.292887 174.199243
0.295666 0.103135 0.949708 401.640906 -0.000916 0.994185 -0.107680 -36.175797 -0.955291 0.030967 0.294042 174.455960
0.296779 0.102900 0.949386 402.461365 -0.000806 0.994204 -0.107506 -36.264923 -0.954946 0.031141 0.295142 174.713155
0.297839 0.102664 0.949080 403.280008 -0.000678 0.994223 -0.107335 -36.353722 -0.954616 0.031325 0.296188 174.970750
0.298848 0.102428 0.948788 404.096778 -0.000534 0.994241 -0.107167 -36.442186 -0.954300 0.031520 0.297182 175.228668
0.299809 0.102192 0.948510 404.911613 -0.000374 0.994259 -0.107003 -36.530308 -0.953999 0.031726 0.298126 175.486832
0.300723 0.101956 0.948246 405.724450 -0.000198 0.994276 -0.106842 -36.618081 -0.953712 0.031942 0.299021 175.745167
0.301591 0.101719 0.947996 406.535223 -0.000008 0.994293 -0.106684 -36.705499 -0.953437 0.032168 0.299870 176.003600
0.302416 0.101482 0.947758 407.343864 0.000197 0.994310 -0.106529 -36.792554 -0.953176 0.032403 0.300675 176.262058
0.303199 0.101245 0.947533 408.150301 0.000416 0.994326 -0.106378 -36.879239 -0.952927 0.032648 0.301437 176.520471
0.303944 0.101009 0.947320 408.954459 0.000647 0.994341 -0.106230 -36.965547 -0.952690 0.032901 0.302158 176.778768
0.304650 0.100773 0.947118 409.756261 0.000891 0.994357 -0.106086 -37.051471 -0.952464 0.033163 0.302841 177.036883
0.305321 0.100538 0.946927 410.555628 0.001145 0.994371 -0.105945 -37.137004 -0.952249 0.033432 0.303488 177.294748
0.305959 0.100304 0.946746 411.352475 0.001410 0.994386 -0.105807 -37.222140 -0.952044 0.033707 0.304100 177.552299
0.306565 0.100072 0.946575 412.146716 0.001683 0.994400 -0.105673 -37.306872 -0.951848 0.033989 0.304679 177.809473
0.307141 0.099840 0.946412 412.938261 0.001964 0.994413 -0.105541 -37.391193 -0.951662 0.034275 0.305229 178.066207
0.307689 0.099609 0.946259 413.727017 0.002252 0.994426 -0.105412 -37.475097 -0.951484 0.034565 0.305749 178.322439
0.308211 0.099380 0.946113 414.512886 0.002545 0.994439 -0.105285 -37.558578 -0.951315 0.034858 0.306244 178.578110
0.308708 0.099151 0.945975 415.295769 0.002842 0.994451 -0.105160 -37.641630 -0.951153 0.035153 0.306713 178.833158
0.309183 0.098924 0.945843 416.075561 0.003143 0.994463 -0.105037 -37.724246 -0.950997 0.035449 0.307161 179.087526
0.309638 0.098698 0.945718 416.852154 0.003447 0.994475 -0.104915 -37.806418 -0.950848 0.035745 0.307587 179.341156
0.310073 0.098473 0.945599 417.625438 0.003751 0.994487 -0.104794 -37.888140 -0.950705 0.036040 0.307994 179.593989
0.310491 0.098249 0.945485 418.395299 0.004055 0.994498 -0.104674 -37.969404 -0.950568 0.036334 0.308384 179.845969
0.310893 0.098028 0.945376 419.161619 0.004358 0.994509 -0.104556 -38.050201 -0.950435 0.036625 0.308759 180.097041
0.311281 0.097809 0.945271 419.924279 0.004659 0.994520 -0.104439 -38.130524 -0.950307 0.036913 0.309119 180.347151
0.311656 0.097592 0.945170 420.683160 0.004956 0.994531 -0.104323 -38.210364 -0.950182 0.037197 0.309468 180.596245
0.312021 0.097377 0.945072 421.438137 0.005249 0.994542 -0.104208 -38.289712 -0.950061 0.037476 0.309807 180.844271
0.312376 0.097166 0.944976 422.189089 0.005537 0.994552 -0.104094 -38.368561 -0.949942 0.037749 0.310137 181.091178
0.312725 0.096958 0.944882 422.935891 0.005819 0.994562 -0.103982 -38.446901 -0.949826 0.038016 0.310460 181.336917
0.313067 0.096754 0.944790 423.678420 0.006093 0.994572 -0.103871 -38.524723 -0.949711 0.038275 0.310779 181.581440
0.313407 0.096554 0.944698 424.416551 0.006359 0.994582 -0.103763 -38.602020 -0.949598 0.038528 0.311095 181.824703
0.313745 0.096359 0.944605 425.150161 0.006617 0.994591 -0.103656 -38.678783 -0.949484 0.038772 0.311410 182.066661
0.314084 0.096169 0.944512 425.879128 0.006864 0.994600 -0.103551 -38.755005 -0.949371 0.039007 0.311728 182.307273
0.314425 0.095984 0.944417 426.603329 0.007101 0.994609 -0.103449 -38.830678 -0.949256 0.039233 0.312049 182.546499
0.314772 0.095805 0.944320 427.322644 0.007327 0.994618 -0.103350 -38.905796 -0.949139 0.039451 0.312376 182.784303
0.315127 0.095632 0.944219 428.036955 0.007541 0.994626 -0.103254 -38.980352 -0.949020 0.039658 0.312712 183.020648
0.315491 0.095466 0.944114 428.746145 0.007743 0.994634 -0.103162 -39.054341 -0.948897 0.039857 0.313059 183.255502
0.315867 0.095306 0.944005 429.450098 0.007932 0.994642 -0.103073 -39.127755 -0.948770 0.040045 0.313419 183.488832
0.316257 0.095154 0.943890 430.148704 0.008108 0.994650 -0.102988 -39.200588 -0.948639 0.040224 0.313793 183.720610
0.316662 0.095008 0.943768 430.841852 0.008271 0.994657 -0.102906 -39.272835 -0.948502 0.040392 0.314184 183.950808
0.317084 0.094870 0.943641 431.529437 0.008419 0.994663 -0.102828 -39.344490 -0.948360 0.040550 0.314593 184.179400
0.317525 0.094739 0.943506 432.211354 0.008553 0.994670 -0.102755 -39.415547 -0.948211 0.040697 0.315022 184.406362
0.317985 0.094615 0.943363 432.887504 0.008673 0.994676 -0.102685 -39.485999 -0.948056 0.040835 0.315471 184.631669
0.318465 0.094500 0.943212 433.557791 0.008779 0.994682 -0.102620 -39.555841 -0.947894 0.040961 0.315942 184.855301
0.318967 0.094392 0.943054 434.222123 0.008869 0.994687 -0.102560 -39.625068 -0.947724 0.041078 0.316436 185.077237
0.319491 0.094292 0.942886 434.880411 0.008945 0.994692 -0.102504 -39.693673 -0.947547 0.041183 0.316952 185.297456
0.320038 0.094199 0.942710 435.532573 0.009006 0.994697 -0.102452 -39.761651 -0.947362 0.041279 0.317492 185.515943
0.320607 0.094114 0.942525 436.178527 0.009053 0.994702 -0.102404 -39.828997 -0.947169 0.041364 0.318056 185.732680
0.321198 0.094037 0.942332 436.818199 0.009084 0.994706 -0.102360 -39.895705 -0.946969 0.041438 0.318643 185.947653
0.321811 0.093966 0.942129 437.451516 0.009100 0.994710 -0.102319 -39.961771 -0.946760 0.041501 0.319254 186.160848
0.322446 0.093903 0.941919 438.078411 0.009102 0.994714 -0.102282 -40.027189 -0.946544 0.041554 0.319887 186.372253
0.323103 0.093847 0.941699 438.698823 0.009089 0.994717 -0.102249 -40.091956 -0.946320 0.041596 0.320543 186.581856
0.323781 0.093797 0.941471 439.312691 0.009061 0.994721 -0.102218 -40.156066 -0.946089 0.041627 0.321221 186.789647
0.324479 0.093754 0.941235 439.919964 0.009019 0.994724 -0.102191 -40.219514 -0.945850 0.041648 0.321921 186.995615
0.325197 0.093718 0.940991 440.520591 0.008963 0.994727 -0.102167 -40.282297 -0.945604 0.041658 0.322642 187.199753
0.325934 0.093689 0.940739 441.114529 0.008893 0.994730 -0.102147 -40.344410 -0.945351 0.041659 0.323383 187.402054
0.326690 0.093667 0.940479 441.701737 0.008808 0.994732 -0.102130 -40.405849 -0.945091 0.041649 0.324144 187.602512
0.327464 0.093652 0.940211 442.282180 0.008710 0.994734 -0.102117 -40.466611 -0.944823 0.041629 0.324924 187.801121
0.328257 0.093646 0.939935 442.855829 0.008599 0.994736 -0.102108 -40.526691 -0.944549 0.041600 0.325724 187.997878
0.329067 0.093646 0.939652 443.422658 0.008473 0.994738 -0.102104 -40.586088 -0.944269 0.041561 0.326542 188.192781
0.329895 0.093655 0.939361 443.982649 0.008335 0.994739 -0.102103 -40.644799 -0.943981 0.041513 0.327379 188.385828
0.330740 0.093671 0.939062 444.535785 0.008183 0.994740 -0.102107 -40.702821 -0.943686 0.041456 0.328234 188.577019
0.331604 0.093694 0.938755 445.082059 0.008019 0.994740 -0.102115 -40.760152 -0.943385 0.041390 0.329108 188.766356
0.332485 0.093726 0.938440 445.621465 0.007843 0.994740 -0.102127 -40.816792 -0.943076 0.041316 0.330001 188.953842
0.333385 0.093765 0.938116 446.154005 0.007654 0.994740 -0.102145 -40.872738 -0.942760 0.041234 0.330914 189.139479
0.334305 0.093812 0.937784 446.679686 0.007455 0.994739 -0.102167 -40.927991 -0.942436 0.041146 0.331847 189.323274
0.335244 0.093868 0.937444 447.198520 0.007244 0.994738 -0.102195 -40.982547 -0.942104 0.041051 0.332800 189.505234
0.336203 0.093932 0.937093 447.710525 0.007022 0.994736 -0.102229 -41.036408 -0.941763 0.040950 0.333774 189.685367
0.337185 0.094004 0.936734 448.215723 0.006790 0.994734 -0.102269 -41.089571 -0.941414 0.040844 0.334771 189.863683
0.338188 0.094086 0.936363 448.714143 0.006548 0.994730 -0.102315 -41.142037 -0.941056 0.040733 0.335790 190.040194
0.339215 0.094176 0.935983 449.205820 0.006295 0.994727 -0.102368 -41.193806 -0.940688 0.040617 0.336834 190.214914
0.340267 0.094275 0.935591 449.690794 0.006034 0.994722 -0.102428 -41.244879 -0.940309 0.040498 0.337902 190.387858
0.341344 0.094383 0.935188 450.169110 0.005763 0.994717 -0.102495 -41.295258 -0.939921 0.040376 0.338997 190.559040
0.342448 0.094499 0.934772 450.640815 0.005484 0.994711 -0.102568 -41.344945 -0.939521 0.040251 0.340118 190.728480
0.343579 0.094624 0.934345 451.105965 0.005196 0.994704 -0.102648 -41.393941 -0.939109 0.040123 0.341268 190.896194
0.344738 0.094758 0.933904 451.564617 0.004900 0.994697 -0.102735 -41.442250 -0.938686 0.039993 0.342445 191.062201
0.345926 0.094900 0.933450 452.016829 0.004596 0.994688 -0.102830 -41.489876 -0.938251 0.039862 0.343652 191.226522
0.347142 0.095051 0.932983 452.462665 0.004284 0.994679 -0.102931 -41.536822 -0.937803 0.039729 0.344888 191.389176
0.348388 0.095210 0.932502 452.902191 0.003965 0.994669 -0.103039 -41.583093 -0.937342 0.039595 0.346153 191.550183
0.349662 0.095378 0.932008 453.335474 0.003638 0.994659 -0.103154 -41.628694 -0.936869 0.039460 0.347448 191.709562
0.350964 0.095554 0.931501 453.762583 0.003304 0.994647 -0.103276 -41.673628 -0.936383 0.039324 0.348770 191.867333
0.352293 0.095737 0.930980 454.183590 0.002963 0.994635 -0.103404 -41.717902 -0.935885 0.039187 0.350119 192.023513
0.353646 0.095927 0.930447 454.598568 0.002617 0.994622 -0.103538 -41.761520 -0.935376 0.039051 0.351494 192.178120
0.355023 0.096125 0.929902 455.007591 0.002264 0.994608 -0.103678 -41.804488 -0.934855 0.038913 0.352891 192.331168
0.356420 0.096329 0.929347 455.410733 0.001906 0.994594 -0.103823 -41.846811 -0.934324 0.038776 0.354310 192.482673
0.357834 0.096540 0.928782 455.804284 0.001544 0.994579 -0.103974 -41.888144 -0.933784 0.038639 0.355745 192.631047
0.359259 0.096755 0.928209 456.184530 0.001178 0.994563 -0.104128 -41.928144 -0.933237 0.038502 0.357192 192.774699
0.360692 0.096975 0.927630 456.547762 0.000810 0.994547 -0.104286 -41.966468 -0.932685 0.038367 0.358646 192.912040
0.362128 0.097199 0.927047 456.890266 0.000442 0.994530 -0.104447 -42.002770 -0.932128 0.038233 0.360105 193.041476
0.363566 0.097427 0.926460 457.208332 0.000072 0.994513 -0.104612 -42.036709 -0.931569 0.038100 0.361564 193.161416
0.365000 0.097657 0.925871 457.498249 -0.000296 0.994496 -0.104779 -42.067942 -0.931007 0.037970 0.363020 193.270266
0.366430 0.097890 0.925282 457.756304 -0.000664 0.994478 -0.104947 -42.096125 -0.930445 0.037842 0.364472 193.366433
0.367853 0.098124 0.924692 457.978785 -0.001030 0.994459 -0.105118 -42.120916 -0.929883 0.037716 0.365916 193.448321
0.369267 0.098359 0.924103 458.161976 -0.001393 0.994441 -0.105289 -42.141974 -0.929322 0.037592 0.367351 193.514337
0.370672 0.098595 0.923516 458.302161 -0.001754 0.994422 -0.105461 -42.158956 -0.928762 0.037472 0.368778 193.562885
0.372068 0.098831 0.922929 458.395622 -0.002112 0.994403 -0.105634 -42.171520 -0.928203 0.037354 0.370194 193.592369
0.373454 0.099068 0.922343 458.438637 -0.002467 0.994384 -0.105807 -42.179326 -0.927645 0.037239 0.371601 193.601193
0.374832 0.099304 0.921759 458.427484 -0.002818 0.994364 -0.105980 -42.182030 -0.927088 0.037127 0.372999 193.587761
0.376202 0.099539 0.921175 458.358437 -0.003166 0.994345 -0.106153 -42.179291 -0.926532 0.037018 0.374390 193.550474
0.377567 0.099774 0.920591 458.227765 -0.003511 0.994325 -0.106325 -42.170767 -0.925976 0.036913 0.375774 193.487736
0.378927 0.100008 0.920007 458.031737 -0.003852 0.994305 -0.106498 -42.156114 -0.925419 0.036811 0.377154 193.397947
0.380285 0.100241 0.919421 457.766618 -0.004190 0.994286 -0.106670 -42.134990 -0.924860 0.036712 0.378532 193.279511
0.381642 0.100474 0.918833 457.428669 -0.004525 0.994266 -0.106842 -42.107051 -0.924299 0.036618 0.379909 193.130826
0.383002 0.100705 0.918242 457.014149 -0.004857 0.994246 -0.107014 -42.071954 -0.923735 0.036526 0.381287 192.950295
0.384366 0.100934 0.917646 456.519314 -0.005187 0.994226 -0.107185 -42.029355 -0.923166 0.036438 0.382670 192.736317
0.385737 0.101162 0.917046 455.940414 -0.005514 0.994206 -0.107355 -41.978910 -0.922592 0.036354 0.384059 192.487291
0.387115 0.101388 0.916440 455.273700 -0.005839 0.994185 -0.107523 -41.920276 -0.922013 0.036273 0.385456 192.201616
0.388504 0.101613 0.915827 454.515417 -0.006162 0.994165 -0.107690 -41.853107 -0.921427 0.036195 0.386863 191.877689
0.389904 0.101835 0.915208 453.661809 -0.006483 0.994145 -0.107856 -41.777060 -0.920833 0.036120 0.388281 191.513907
0.391292 0.102054 0.914590 452.614602 -0.006798 0.994125 -0.108020 -41.683070 -0.920241 0.036050 0.389687 191.068769
0.392670 0.102269 0.913975 451.373802 -0.007109 0.994106 -0.108181 -41.571137 -0.919652 0.035982 0.391083 190.542258
0.394040 0.102481 0.913362 449.939414 -0.007413 0.994086 -0.108340 -41.441266 -0.919064 0.035919 0.392469 189.934359
0.395400 0.102689 0.912751 448.311443 -0.007713 0.994067 -0.108496 -41.293457 -0.918477 0.035860 0.393846 189.245055
0.396753 0.102894 0.912140 446.489889 -0.008008 0.994048 -0.108651 -41.127714 -0.917891 0.035803 0.395215 188.474329
0.398097 0.103095 0.911532 444.474756 -0.008298 0.994029 -0.108802 -40.944036 -0.917306 0.035750 0.396576 187.622164
0.399434 0.103293 0.910924 442.266043 -0.008583 0.994010 -0.108951 -40.742427 -0.916722 0.035700 0.397928 186.688542
0.400762 0.103487 0.910319 439.863750 -0.008864 0.993992 -0.109097 -40.522888 -0.916139 0.035653 0.399272 185.673446
0.402081 0.103677 0.909715 437.267874 -0.009141 0.993973 -0.109239 -40.285421 -0.915558 0.035608 0.400606 184.576856
0.403390 0.103862 0.909115 434.478414 -0.009413 0.993956 -0.109378 -40.030029 -0.914980 0.035565 0.401929 183.398754
0.404688 0.104044 0.908517 431.495365 -0.009680 0.993938 -0.109514 -39.756713 -0.914404 0.035524 0.403242 182.139118
0.405973 0.104221 0.907923 428.318723 -0.009944 0.993921 -0.109646 -39.465476 -0.913831 0.035485 0.404541 180.797931
0.407244 0.104393 0.907334 424.948482 -0.010202 0.993904 -0.109774 -39.156319 -0.913262 0.035448 0.405827 179.375171
0.408500 0.104561 0.906749 421.384635 -0.010456 0.993888 -0.109898 -38.829245 -0.912698 0.035412 0.407097 177.870819
0.409739 0.104724 0.906172 417.627178 -0.010705 0.993872 -0.110018 -38.484254 -0.912140 0.035378 0.408349 176.284854
0.410959 0.104882 0.905601 413.676101 -0.010949 0.993856 -0.110134 -38.121350 -0.911588 0.035345 0.409582 174.617257
0.412158 0.105035 0.905038 409.531401 -0.011188 0.993841 -0.110246 -37.740533 -0.911044 0.035313 0.410794 172.868009
0.413334 0.105183 0.904484 405.193070 -0.011422 0.993827 -0.110353 -37.341805 -0.910508 0.035282 0.411984 171.037090
0.414486 0.105325 0.903940 400.661105 -0.011650 0.993813 -0.110455 -36.925168 -0.909981 0.035251 0.413149 169.124483
0.415613 0.105461 0.903407 395.935501 -0.011871 0.993799 -0.110552 -36.490623 -0.909464 0.035223 0.414288 167.130171
0.416714 0.105591 0.902884 391.016255 -0.012085 0.993787 -0.110644 -36.038172 -0.908957 0.035196 0.415400 165.054137
0.417786 0.105715 0.902374 385.903366 -0.012292 0.993774 -0.110732 -35.567818 -0.908462 0.035170 0.416485 162.896368
0.418831 0.105833 0.901876 380.596833 -0.012492 0.993763 -0.110814 -35.079561 -0.907978 0.035146 0.417540 160.656852
0.419847 0.105944 0.901390 375.096656 -0.012685 0.993752 -0.110891 -34.573402 -0.907506 0.035123 0.418567 158.335578
0.420548 0.106034 0.901053 365.820865 -0.012825 0.993743 -0.110956 -33.719011 -0.907179 0.035107 0.419277 154.420408
0.421239 0.106121 0.900720 356.539508 -0.012960 0.993734 -0.111019 -32.864062 -0.906857 0.035092 0.419975 150.502877
0.421921 0.106204 0.900391 347.256450 -0.013092 0.993725 -0.111079 -32.008914 -0.906538 0.035079 0.420664 146.584612
0.422597 0.106284 0.900064 337.975554 -0.013220 0.993717 -0.111136 -31.153925 -0.906221 0.035067 0.421347 142.667243
0.423268 0.106361 0.899739 328.700687 -0.013345 0.993709 -0.111191 -30.299454 -0.905906 0.035057 0.422025 138.752400
0.423939 0.106434 0.899415 319.435713 -0.013468 0.993702 -0.111244 -29.445858 -0.905590 0.035047 0.422703 134.841714
0.424612 0.106505 0.899089 310.184497 -0.013590 0.993695 -0.111294 -28.593496 -0.905274 0.035038 0.423382 130.936816
0.425288 0.106573 0.898761 300.950901 -0.013710 0.993688 -0.111342 -27.742726 -0.904954 0.035030 0.424065 127.039339
0.425971 0.106638 0.898430 291.738790 -0.013829 0.993681 -0.111387 -26.893904 -0.904631 0.035023 0.424754 123.150915
0.426662 0.106701 0.898095 282.552030 -0.013948 0.993674 -0.111431 -26.047389 -0.904304 0.035017 0.425451 119.273176
0.427363 0.106762 0.897754 273.394484 -0.014067 0.993668 -0.111472 -25.203538 -0.903971 0.035011 0.426159 115.407755
0.428076 0.106821 0.897407 264.270018 -0.014185 0.993662 -0.111512 -24.362708 -0.903631 0.035006 0.426878 111.556285
0.428801 0.106878 0.897055 255.182498 -0.014305 0.993656 -0.111550 -23.525255 -0.903286 0.035001 0.427609 107.720399
0.429538 0.106934 0.896695 246.135791 -0.014424 0.993650 -0.111587 -22.691537 -0.902934 0.034996 0.428353 103.901732
0.430287 0.106988 0.896329 237.133766 -0.014545 0.993644 -0.111621 -21.861911 -0.902575 0.034992 0.429109 100.101916
0.431048 0.107041 0.895957 228.180291 -0.014666 0.993639 -0.111655 -21.036733 -0.902210 0.034988 0.429876 96.322586
0.431819 0.107092 0.895580 219.279236 -0.014788 0.993633 -0.111686 -20.216362 -0.901839 0.034984 0.430653 92.565376
0.432598 0.107142 0.895198 210.434474 -0.014910 0.993628 -0.111717 -19.401154 -0.901464 0.034981 0.431439 88.831920
0.433381 0.107190 0.894813 201.649877 -0.015033 0.993623 -0.111746 -18.591468 -0.901085 0.034977 0.432229 85.123853
0.434167 0.107238 0.894427 192.929318 -0.015156 0.993618 -0.111773 -17.787661 -0.900705 0.034973 0.433021 81.442810
0.434949 0.107284 0.894041 184.276673 -0.015278 0.993613 -0.111800 -16.990092 -0.900325 0.034968 0.433810 77.790424
0.435724 0.107329 0.893659 175.695818 -0.015398 0.993609 -0.111825 -16.199118 -0.899949 0.034964 0.434591 74.168331
0.436484 0.107372 0.893282 167.190630 -0.015517 0.993604 -0.111849 -15.415097 -0.899578 0.034959 0.435358 70.578165
0.437224 0.107414 0.892915 158.764986 -0.015632 0.993600 -0.111872 -14.638388 -0.899217 0.034955 0.436105 67.021563
