1.000000 -0.000000 0.000000 -0.000000 -0.000000 1.000000 -0.000000 -0.000000 0.000000 -0.000000 1.000000 0.000000
0.999999 0.000712 0.001534 -0.011171 -0.000706 0.999990 -0.004327 -0.017122 -0.001537 0.004326 0.999989 0.975658
0.999997 -0.001384 0.002129 -0.017242 0.001395 0.999985 -0.005223 -0.033042 -0.002122 0.005226 0.999984 1.952796
0.999993 -0.002875 0.002197 -0.031518 0.002877 0.999995 -0.000911 -0.063419 -0.002194 0.000918 0.999997 2.929931
0.999989 -0.004378 0.001427 -0.045275 0.004370 0.999975 0.005546 -0.095036 -0.001451 -0.005540 0.999984 3.904113
0.999961 -0.008801 0.000049 -0.054147 0.008800 0.999950 0.004660 -0.122217 -0.000090 -0.004659 0.999989 4.876246
0.999933 -0.011541 -0.000993 -0.065523 0.011543 0.999932 0.001608 -0.144871 0.000974 -0.001620 0.999998 5.822173
0.999925 -0.012109 -0.001792 -0.076523 0.012106 0.999926 -0.001463 -0.153567 0.001810 0.001441 0.999997 6.773203
0.999931 -0.011483 -0.002596 -0.090662 0.011477 0.999932 -0.002116 -0.167881 0.002620 0.002086 0.999994 7.716446
0.999935 -0.010825 -0.003547 -0.102775 0.010825 0.999941 0.000192 -0.179166 0.003545 -0.000230 0.999994 8.659251
0.999933 -0.010746 -0.004253 -0.115790 0.010760 0.999937 0.003119 -0.186585 0.004219 -0.003165 0.999986 9.603123
0.999927 -0.010905 -0.005255 -0.129412 0.010928 0.999930 0.004428 -0.191630 0.005206 -0.004485 0.999976 10.539559
0.999905 -0.012463 -0.005868 -0.144262 0.012493 0.999909 0.005084 -0.199718 0.005804 -0.005157 0.999970 11.503943
0.999897 -0.012631 -0.006826 -0.157133 0.012665 0.999907 0.004973 -0.215560 0.006763 -0.005059 0.999964 12.400690
0.999889 -0.012872 -0.007501 -0.171775 0.012898 0.999911 0.003395 -0.235486 0.007456 -0.003491 0.999966 13.323682
0.999870 -0.013366 -0.009034 -0.187596 0.013377 0.999910 0.001178 -0.260252 0.009018 -0.001299 0.999958 14.244960
0.999837 -0.014687 -0.010520 -0.202184 0.014687 0.999892 -0.000103 -0.276057 0.010520 -0.000051 0.999945 15.162230
0.999823 -0.014327 -0.012186 -0.220105 0.014320 0.999897 -0.000662 -0.285111 0.012194 0.000487 0.999926 16.076041
0.999822 -0.013041 -0.013637 -0.240157 0.013021 0.999914 -0.001569 -0.293361 0.013656 0.001391 0.999906 16.985865
0.999815 -0.011596 -0.015361 -0.258561 0.011573 0.999932 -0.001634 -0.298244 0.015379 0.001456 0.999881 17.890545
0.999783 -0.012137 -0.016918 -0.277052 0.012127 0.999926 -0.000679 -0.304405 0.016925 0.000473 0.999857 18.795479
0.999767 -0.011484 -0.018256 -0.298019 0.011499 0.999934 0.000706 -0.313840 0.018247 -0.000916 0.999833 19.695696
0.999741 -0.011323 -0.019759 -0.319183 0.011346 0.999935 0.001039 -0.323688 0.019746 -0.001263 0.999804 20.589054
0.999691 -0.012468 -0.021493 -0.338423 0.012492 0.999921 0.000969 -0.322040 0.021479 -0.001237 0.999768 21.475849
0.999653 -0.012688 -0.023088 -0.356897 0.012699 0.999919 0.000332 -0.320509 0.023082 -0.000625 0.999733 22.357480
0.999630 -0.012614 -0.024112 -0.377974 0.012637 0.999920 0.000790 -0.317219 0.024100 -0.001094 0.999709 23.232953
0.999607 -0.012367 -0.025165 -0.399097 0.012440 0.999919 0.002747 -0.315927 0.025129 -0.003059 0.999680 24.102217
0.999569 -0.013638 -0.025988 -0.418105 0.013788 0.999889 0.005601 -0.314024 0.025909 -0.005957 0.999646 24.972353
0.999556 -0.013277 -0.026675 -0.434268 0.013467 0.999885 0.006954 -0.305738 0.026580 -0.007310 0.999620 25.811091
0.999541 -0.012825 -0.027437 -0.453920 0.012988 0.999899 0.005760 -0.298849 0.027360 -0.006114 0.999607 26.647070
0.999537 -0.011430 -0.028193 -0.475911 0.011519 0.999929 0.003006 -0.293049 0.028157 -0.003330 0.999598 27.473035
0.999521 -0.010923 -0.028970 -0.498786 0.010968 0.999939 0.001402 -0.293405 0.028953 -0.001719 0.999579 28.281185
0.999501 -0.010204 -0.029910 -0.522223 0.010237 0.999947 0.000939 -0.298277 0.029899 -0.001244 0.999552 29.085278
0.999455 -0.010424 -0.031319 -0.545564 0.010446 0.999945 0.000528 -0.303039 0.031312 -0.000855 0.999509 29.881803
0.999398 -0.010120 -0.033185 -0.569226 0.010122 0.999949 -0.000094 -0.302456 0.033184 -0.000242 0.999449 30.664936
0.999335 -0.010140 -0.035032 -0.592217 0.010129 0.999949 -0.000480 -0.289317 0.035035 0.000125 0.999386 31.442651
0.999257 -0.010454 -0.037090 -0.618772 0.010486 0.999945 0.000647 -0.284946 0.037082 -0.001035 0.999312 32.213732
0.999183 -0.010442 -0.039053 -0.646637 0.010578 0.999939 0.003289 -0.285958 0.039016 -0.003700 0.999232 32.968662
0.999117 -0.009676 -0.040895 -0.679255 0.009871 0.999941 0.004549 -0.291316 0.040848 -0.004948 0.999153 33.716805
0.999048 -0.008212 -0.042839 -0.717333 0.008426 0.999953 0.004802 -0.298099 0.042797 -0.005158 0.999070 34.454732
0.998987 -0.005570 -0.044651 -0.758493 0.005752 0.999976 0.003942 -0.301181 0.044628 -0.004195 0.998995 35.206730
0.998914 -0.004077 -0.046409 -0.797580 0.004226 0.999986 0.003116 -0.301299 0.046395 -0.003309 0.998918 35.906370
0.998845 -0.003602 -0.047920 -0.834488 0.003824 0.999982 0.004539 -0.293500 0.047903 -0.004717 0.998841 36.608972
0.998798 -0.002422 -0.048962 -0.870478 0.002725 0.999977 0.006122 -0.284560 0.048946 -0.006248 0.998782 37.306593
0.998804 0.000606 -0.048894 -0.911071 -0.000271 0.999976 0.006862 -0.282922 0.048897 -0.006841 0.998780 37.992222
0.998849 0.003748 -0.047824 -0.949330 -0.003524 0.999982 0.004787 -0.275350 0.047841 -0.004613 0.998844 38.663851
0.998925 0.005352 -0.046051 -0.980326 -0.005291 0.999985 0.001442 -0.264395 0.046058 -0.001197 0.998938 39.325620
0.999019 0.005713 -0.043904 -1.008556 -0.005743 0.999983 -0.000563 -0.259033 0.043900 0.000815 0.999035 39.971937
0.999141 0.006928 -0.040848 -1.037877 -0.006920 0.999976 0.000341 -0.254691 0.040849 -0.000058 0.999165 40.618022
0.999232 0.011976 -0.037299 -1.069942 -0.011853 0.999923 0.003534 -0.256142 0.037339 -0.003089 0.999298 41.276787
0.999305 0.016416 -0.033473 -1.098562 -0.016181 0.999842 0.007283 -0.255999 0.033588 -0.006736 0.999413 41.890843
0.999348 0.021316 -0.029154 -1.123489 -0.021088 0.999745 0.008120 -0.254244 0.029319 -0.007500 0.999542 42.498306
0.999404 0.025020 -0.023766 -1.143899 -0.024831 0.999658 0.008233 -0.250493 0.023964 -0.007638 0.999684 43.091585
0.999426 0.028709 -0.017958 -1.159893 -0.028529 0.999541 0.010233 -0.247276 0.018243 -0.009715 0.999786 43.668389
0.999368 0.033724 -0.011208 -1.173386 -0.033593 0.999367 0.011690 -0.246126 0.011595 -0.011306 0.999869 44.224477
0.999307 0.037010 -0.004073 -1.180665 -0.036963 0.999256 0.011040 -0.246331 0.004478 -0.010881 0.999931 44.759200
0.999174 0.040508 0.003261 -1.182308 -0.040543 0.999112 0.011425 -0.246031 -0.002795 -0.011548 0.999929 45.274140
0.998931 0.044947 0.010811 -1.182280 -0.045065 0.998924 0.010929 -0.240157 -0.010308 -0.011405 0.999882 45.764569
0.998611 0.049322 0.018532 -1.179075 -0.049476 0.998744 0.007947 -0.234850 -0.018117 -0.008853 0.999797 46.235297
0.998344 0.051056 0.026488 -1.170751 -0.051196 0.998678 0.004614 -0.236866 -0.026217 -0.005963 0.999638 46.681150
0.998078 0.051516 0.034451 -1.156341 -0.051717 0.998649 0.004975 -0.238030 -0.034148 -0.006747 0.999394 47.108934
0.997805 0.050997 0.042244 -1.135451 -0.051308 0.998663 0.006316 -0.239526 -0.041865 -0.008469 0.999087 47.511741
0.997338 0.052740 0.050347 -1.114198 -0.053167 0.998560 0.007166 -0.239175 -0.049897 -0.009824 0.998706 47.889023
0.996645 0.056185 0.059510 -1.093489 -0.056705 0.998366 0.007083 -0.238753 -0.059014 -0.010433 0.998202 48.257043
0.995832 0.060823 0.067967 -1.074972 -0.061411 0.998091 0.006597 -0.240415 -0.067436 -0.010743 0.997666 48.572634
0.994946 0.064398 0.077038 -1.051282 -0.065107 0.997856 0.006732 -0.244398 -0.076439 -0.011713 0.997005 48.875199
0.994217 0.063843 0.086349 -1.020981 -0.064694 0.997880 0.007085 -0.253271 -0.085713 -0.012630 0.996240 49.153415
0.993297 0.062792 0.097052 -0.987336 -0.063583 0.997964 0.005081 -0.260777 -0.096535 -0.011217 0.995266 49.422948
0.992138 0.061523 0.108984 -0.950674 -0.061929 0.998081 0.000340 -0.267589 -0.108754 -0.007087 0.994043 49.685734
0.990537 0.062487 0.122194 -0.910899 -0.062470 0.998039 -0.003972 -0.273442 -0.122203 -0.003699 0.992498 49.946257
0.988371 0.064317 0.137793 -0.869302 -0.064110 0.997925 -0.005941 -0.280568 -0.137889 -0.002961 0.990443 50.204640
0.985726 0.066287 0.154760 -0.820294 -0.065965 0.997796 -0.007221 -0.286092 -0.154898 -0.003091 0.987926 50.471068
0.983019 0.066692 0.170958 -0.768842 -0.066217 0.997769 -0.008483 -0.291571 -0.171143 -0.002981 0.985242 50.710947
0.979732 0.065954 0.189143 -0.707413 -0.065301 0.997819 -0.009688 -0.296762 -0.189369 -0.002859 0.981902 50.958921
0.975728 0.065032 0.209108 -0.638934 -0.064334 0.997877 -0.010147 -0.302291 -0.209324 -0.003552 0.977840 51.209249
0.971302 0.065513 0.228647 -0.570935 -0.064609 0.997845 -0.011445 -0.306784 -0.228904 -0.003656 0.973442 51.442524
0.965914 0.067609 0.249878 -0.496165 -0.066237 0.997707 -0.013905 -0.311706 -0.250245 -0.003120 0.968177 51.684005
0.959667 0.068923 0.272558 -0.413559 -0.067071 0.997618 -0.016119 -0.317908 -0.273020 -0.002812 0.962004 51.923620
0.952273 0.070184 0.297069 -0.321979 -0.068153 0.997526 -0.017201 -0.325504 -0.297542 -0.003866 0.954701 52.165792
0.943611 0.073089 0.322887 -0.224616 -0.071026 0.997309 -0.018184 -0.334080 -0.323347 -0.005775 0.946263 52.408359
0.933413 0.075496 0.350772 -0.116543 -0.073331 0.997117 -0.019473 -0.343954 -0.351231 -0.007546 0.936258 52.653311
0.922274 0.076136 0.378964 0.000109 -0.073738 0.997059 -0.020859 -0.354496 -0.379438 -0.008706 0.925176 52.885702
0.909590 0.074278 0.408813 0.132680 -0.071089 0.997204 -0.023014 -0.364272 -0.409380 -0.008129 0.912328 53.115112
0.894422 0.071696 0.441439 0.279860 -0.067125 0.997406 -0.025988 -0.373394 -0.442157 -0.006387 0.896915 53.342867
0.877144 0.071454 0.474881 0.434007 -0.064740 0.997436 -0.030501 -0.382435 -0.475843 -0.003990 0.879521 53.565916
0.857541 0.073415 0.509149 0.599178 -0.064094 0.997300 -0.035851 -0.391907 -0.510407 -0.001889 0.859931 53.787788
0.835427 0.075688 0.544365 0.781092 -0.063945 0.997131 -0.040504 -0.402597 -0.545869 -0.000971 0.837870 54.016152
0.810478 0.078880 0.580434 0.979048 -0.065183 0.996882 -0.044458 -0.414760 -0.582131 -0.001802 0.813093 54.248159
0.783165 0.083029 0.616246 1.189103 -0.068282 0.996535 -0.047490 -0.430253 -0.618054 -0.004886 0.786121 54.473348
0.753058 0.087486 0.652111 1.421846 -0.071883 0.996127 -0.050628 -0.446740 -0.654015 -0.008750 0.756431 54.708744
0.719893 0.088578 0.688410 1.682113 -0.071342 0.996013 -0.053553 -0.464713 -0.690409 -0.010560 0.723342 54.938661
0.683444 0.086317 0.724882 1.974101 -0.068133 0.996193 -0.054386 -0.477640 -0.726817 -0.012219 0.686723 55.157307
0.644440 0.085033 0.759912 2.302440 -0.065116 0.996290 -0.056263 -0.477769 -0.761877 -0.013225 0.647587 55.376684
0.601497 0.084785 0.794363 2.650362 -0.063091 0.996288 -0.058564 -0.483220 -0.796380 -0.014891 0.604614 55.584343
0.556172 0.084725 0.826737 3.016677 -0.059395 0.996298 -0.062145 -0.479276 -0.828942 -0.014541 0.559145 55.781107
0.508220 0.083686 0.857152 3.407764 -0.056743 0.996359 -0.063633 -0.486089 -0.859356 -0.016298 0.511118 55.969541
0.459557 0.081661 0.884386 3.820542 -0.054798 0.996474 -0.063536 -0.491392 -0.886456 -0.019264 0.462411 56.137788
0.409544 0.079795 0.908794 4.259023 -0.054806 0.996520 -0.062799 -0.516620 -0.910643 -0.024088 0.412492 56.288494
0.359734 0.079611 0.929652 4.708499 -0.057808 0.996341 -0.062953 -0.539618 -0.931262 -0.031095 0.363020 56.424936
0.310343 0.080452 0.947214 5.177503 -0.054979 0.996263 -0.066605 -0.564592 -0.949034 -0.031406 0.313606 56.529411
0.263613 0.076225 0.961612 5.666304 -0.044319 0.996777 -0.066863 -0.595773 -0.963610 -0.024992 0.266141 56.611425
0.220075 0.070936 0.972900 6.176578 -0.030599 0.997364 -0.065798 -0.626680 -0.975003 -0.015289 0.221665 56.666109
0.177042 0.069400 0.981753 6.708024 -0.021806 0.997542 -0.066583 -0.653241 -0.983962 -0.009620 0.178121 56.713417
0.139434 0.072253 0.987592 7.229480 -0.017754 0.997356 -0.070461 -0.682131 -0.990072 -0.007709 0.140348 56.749029
0.107482 0.072042 0.991593 7.769449 -0.008853 0.997401 -0.071504 -0.724289 -0.994168 -0.001093 0.107840 56.765497
0.078522 0.070274 0.994432 8.328385 -0.002182 0.997522 -0.070320 -0.773785 -0.996910 0.003352 0.078480 56.782969
0.053799 0.068074 0.996229 8.901944 0.004678 0.997645 -0.068424 -0.813751 -0.998541 0.008341 0.053354 56.789221
0.034252 0.068297 0.997077 9.487021 0.010117 0.997587 -0.068679 -0.857379 -0.999362 0.012439 0.033479 56.795027
0.018746 0.070079 0.997365 10.077037 0.013316 0.997435 -0.070334 -0.902062 -0.999736 0.014600 0.017765 56.793599
0.005284 0.069622 0.997559 10.690223 0.013919 0.997471 -0.069690 -0.947374 -0.999889 0.014254 0.004302 56.791593
-0.006190 0.070298 0.997507 11.298789 0.014315 0.997430 -0.070203 -0.996539 -0.999878 0.013844 -0.007181 56.790744
-0.014799 0.073715 0.997170 11.925210 0.019107 0.997117 -0.073428 -1.055254 -0.999708 0.017966 -0.016164 56.774556
-0.021223 0.075648 0.996909 12.562060 0.023704 0.996891 -0.075142 -1.117194 -0.999494 0.022036 -0.022950 56.740574
-0.025909 0.074750 0.996866 13.208812 0.023921 0.996961 -0.074135 -1.167977 -0.999378 0.021925 -0.027618 56.713693
-0.029699 0.072354 0.996937 13.871086 0.021536 0.997191 -0.071731 -1.217524 -0.999327 0.019339 -0.031174 56.693670
-0.032246 0.064821 0.997376 14.541151 0.019300 0.997749 -0.064221 -1.269538 -0.999294 0.017178 -0.033425 56.668534
-0.033580 0.058966 0.997695 15.230644 0.020692 0.998085 -0.058292 -1.317429 -0.999222 0.018687 -0.034736 56.630971
-0.034037 0.056852 0.997802 15.925341 0.023322 0.998154 -0.056076 -1.366117 -0.999148 0.021362 -0.035300 56.587879
-0.033724 0.059221 0.997675 16.624532 0.026478 0.997945 -0.058342 -1.417061 -0.999080 0.024448 -0.035223 56.549058
-0.033059 0.067305 0.997185 17.329952 0.027707 0.997408 -0.066402 -1.462354 -0.999069 0.025433 -0.034838 56.510957
-0.030873 0.075127 0.996696 18.042332 0.028323 0.996837 -0.074260 -1.502437 -0.999122 0.025937 -0.032903 56.479430
-0.028693 0.076589 0.996650 18.772730 0.029704 0.996685 -0.075737 -1.545746 -0.999147 0.027432 -0.030873 56.449913
-0.026661 0.071584 0.997078 19.520282 0.028593 0.997079 -0.070820 -1.593908 -0.999236 0.026621 -0.028630 56.421541
-0.024196 0.064035 0.997654 20.267652 0.028157 0.997594 -0.063349 -1.647724 -0.999311 0.026558 -0.025941 56.396427
-0.021550 0.063297 0.997762 21.012871 0.025856 0.997695 -0.062734 -1.696725 -0.999433 0.024446 -0.023137 56.374893
-0.018131 0.068984 0.997453 21.749082 0.033897 0.997086 -0.068343 -1.741686 -0.999261 0.032572 -0.020417 56.342272
-0.014656 0.074345 0.997125 22.488285 0.035940 0.996627 -0.073779 -1.787932 -0.999247 0.034756 -0.017278 56.315118
-0.012522 0.074735 0.997125 23.235137 0.029176 0.996806 -0.074344 -1.839076 -0.999496 0.028161 -0.014662 56.310314
-0.009303 0.072185 0.997348 23.974543 0.025582 0.997082 -0.071927 -1.895775 -0.999629 0.024845 -0.011122 56.306534
-0.004587 0.066579 0.997771 24.726438 0.029249 0.997363 -0.066417 -1.955801 -0.999562 0.028879 -0.006522 56.289191
-0.001252 0.069114 0.997608 25.475472 0.034204 0.997028 -0.069031 -2.008471 -0.999414 0.034036 -0.003612 56.267973
0.001860 0.073097 0.997323 26.209369 0.033656 0.996755 -0.073119 -2.059391 -0.999432 0.033702 -0.000607 56.266141
0.005331 0.074461 0.997210 26.953005 0.030178 0.996758 -0.074588 -2.113697 -0.999530 0.030491 0.003067 56.277113
0.009153 0.073181 0.997277 27.700547 0.029117 0.996876 -0.073418 -2.167614 -0.999534 0.029710 0.006994 56.294374
0.013076 0.070485 0.997427 28.450474 0.033513 0.996921 -0.070889 -2.226546 -0.999353 0.034354 0.010674 56.302546
0.017093 0.070226 0.997385 29.194627 0.038093 0.996760 -0.070834 -2.288673 -0.999128 0.039205 0.014363 56.315324
0.020718 0.071269 0.997242 29.939948 0.040906 0.996560 -0.072070 -2.343893 -0.998948 0.042286 0.017731 56.327554
0.023460 0.071558 0.997160 30.684568 0.041049 0.996525 -0.072478 -2.395401 -0.998882 0.042632 0.020441 56.341640
0.027005 0.070397 0.997153 31.434576 0.042708 0.996525 -0.071509 -2.445222 -0.998723 0.044517 0.023904 56.354215
0.030709 0.068675 0.997166 32.186024 0.044166 0.996569 -0.069994 -2.496112 -0.998552 0.046190 0.027571 56.367703
0.033566 0.069859 0.996992 32.935382 0.043089 0.996525 -0.071277 -2.537443 -0.998507 0.045352 0.030439 56.390819
0.036623 0.071253 0.996786 33.688595 0.040275 0.996539 -0.072715 -2.578228 -0.998517 0.042808 0.033627 56.420062
0.039502 0.071352 0.996669 34.442985 0.042130 0.996441 -0.073005 -2.620601 -0.998331 0.044874 0.036355 56.446718
0.042268 0.070920 0.996586 35.201220 0.039449 0.996581 -0.072593 -2.667716 -0.998327 0.042383 0.039326 56.480618
0.044293 0.071815 0.996434 35.956117 0.038371 0.996555 -0.073529 -2.711893 -0.998282 0.041491 0.041384 56.517288
0.047413 0.071333 0.996325 36.722397 0.034539 0.996733 -0.073006 -2.761384 -0.998278 0.037874 0.044794 56.557113
0.050771 0.073423 0.996008 37.486394 0.033334 0.996614 -0.075167 -2.812393 -0.998154 0.037018 0.048151 56.596167
0.053976 0.077693 0.995515 38.251132 0.032351 0.996309 -0.079509 -2.867554 -0.998018 0.036497 0.051263 56.636307
0.057350 0.079080 0.995217 39.023174 0.031982 0.996201 -0.081001 -2.922992 -0.997842 0.036475 0.054603 56.678871
0.060393 0.081817 0.994816 39.798574 0.026272 0.996159 -0.083523 -2.973413 -0.997829 0.031180 0.058012 56.732158
0.062978 0.080561 0.994758 40.581897 0.022298 0.996374 -0.082103 -3.024315 -0.997766 0.027352 0.060954 56.788206
0.066646 0.081059 0.994479 41.369248 0.024457 0.996262 -0.082843 -3.080932 -0.997477 0.029844 0.064414 56.837547
0.070694 0.082007 0.994121 42.157715 0.023875 0.996190 -0.083875 -3.135919 -0.997212 0.029665 0.068467 56.891261
0.074165 0.083020 0.993784 42.953091 0.019365 0.996221 -0.084669 -3.188774 -0.997058 0.025524 0.072277 56.955607
0.078311 0.081929 0.993557 43.755355 0.019009 0.996313 -0.083654 -3.244326 -0.996748 0.025438 0.076465 57.018543
0.083323 0.080262 0.993285 44.574703 0.018870 0.996445 -0.082100 -3.297181 -0.996344 0.025584 0.081512 57.085902
0.088146 0.084940 0.992479 45.361719 0.015447 0.996121 -0.086623 -3.352539 -0.995988 0.022966 0.086492 57.161175
0.094220 0.094227 0.991082 46.163861 0.013861 0.995290 -0.095945 -3.402580 -0.995455 0.022777 0.092470 57.241388
0.101700 0.098554 0.989921 46.978664 0.012040 0.994886 -0.100285 -3.461241 -0.994742 0.022118 0.099993 57.327759
0.108884 0.100947 0.988915 47.805154 0.008008 0.994709 -0.102420 -3.525277 -0.994022 0.019071 0.107500 57.426406
0.115801 0.098731 0.988353 48.608503 0.004086 0.994992 -0.099873 -3.592468 -0.993264 0.015604 0.114817 57.529182
0.123452 0.096844 0.987614 49.433045 0.003804 0.995173 -0.098061 -3.662244 -0.992343 0.015863 0.122488 57.636005
0.130656 0.093882 0.986973 50.258652 0.003681 0.995454 -0.095176 -3.727642 -0.991421 0.016068 0.129717 57.747303
0.138118 0.087772 0.986519 51.086623 0.001419 0.996047 -0.088818 -3.792894 -0.990415 0.013667 0.137448 57.868391
0.145247 0.081015 0.986073 51.909441 -0.000726 0.996650 -0.081777 -3.850124 -0.989395 0.011162 0.144819 57.997138
0.152906 0.077344 0.985209 52.742535 -0.001274 0.996947 -0.078067 -3.912550 -0.988240 0.010682 0.152537 58.128412
0.159974 0.080358 0.983845 53.538630 -0.001057 0.996694 -0.081236 -3.968025 -0.987121 0.011956 0.159530 58.257910
0.165698 0.086167 0.982405 54.337789 -0.000923 0.996189 -0.087221 -4.023164 -0.986176 0.013545 0.165147 58.395311
0.170859 0.090699 0.981112 55.130770 -0.001860 0.995782 -0.091731 -4.082523 -0.985294 0.013848 0.170307 58.535502
0.175563 0.093003 0.980065 55.903014 -0.003992 0.995587 -0.093760 -4.143701 -0.984460 0.012548 0.175159 58.676535
0.180952 0.092503 0.979132 56.680260 -0.005856 0.995650 -0.092982 -4.204409 -0.983475 0.011091 0.180706 58.820581
0.186351 0.089093 0.978435 57.466423 -0.002180 0.995915 -0.090270 -4.262120 -0.982481 0.014689 0.185784 58.963461
0.190819 0.083155 0.978097 58.220853 -0.001184 0.996424 -0.084482 -4.318314 -0.981625 0.014963 0.190235 59.107710
0.193802 0.075706 0.978115 58.979259 -0.003607 0.997066 -0.076458 -4.369152 -0.981034 0.011290 0.193506 59.260967
0.196901 0.073018 0.977700 59.729306 -0.006793 0.997300 -0.073114 -4.420802 -0.980400 0.007754 0.196865 59.416904
0.200084 0.073422 0.977024 60.463395 -0.008462 0.997280 -0.073212 -4.467621 -0.979742 0.006380 0.200161 59.567909
0.202193 0.075734 0.976413 61.186568 -0.010499 0.997116 -0.075166 -4.516372 -0.979290 0.004947 0.202405 59.720071
0.203463 0.079850 0.975821 61.897465 -0.014763 0.996806 -0.078489 -4.564529 -0.978971 0.001563 0.203992 59.877316
0.205434 0.084305 0.975033 62.598654 -0.016280 0.996439 -0.082726 -4.614787 -0.978536 0.001121 0.206075 60.030817
0.207446 0.089467 0.974147 63.286106 -0.016844 0.995988 -0.087886 -4.657586 -0.978101 0.001823 0.208121 60.181508
0.209041 0.091294 0.973636 63.969815 -0.016397 0.995820 -0.089854 -4.706379 -0.977769 0.002818 0.209664 60.331174
0.210171 0.090996 0.973421 64.645854 -0.018640 0.995851 -0.089068 -4.758759 -0.977487 0.000574 0.210995 60.481794
0.210826 0.088233 0.973533 65.314700 -0.018666 0.996100 -0.086236 -4.814707 -0.977345 0.000009 0.211651 60.627180
0.211287 0.085414 0.973685 65.975349 -0.018654 0.996345 -0.083354 -4.867829 -0.977246 -0.000552 0.212108 60.771236
0.211065 0.084432 0.973819 66.623550 -0.017923 0.996429 -0.082508 -4.913385 -0.977308 -0.000039 0.211825 60.906212
0.209521 0.083724 0.974213 67.261911 -0.017854 0.996489 -0.081798 -4.965400 -0.977641 -0.000255 0.210280 61.040570
0.207777 0.084410 0.974527 67.892003 -0.019130 0.996430 -0.082229 -5.018319 -0.977989 -0.001557 0.208649 61.173182
0.205368 0.087849 0.974734 68.524693 -0.020157 0.996132 -0.085530 -5.076711 -0.978477 -0.002083 0.206344 61.309011
0.203129 0.091322 0.974884 69.107469 -0.018428 0.995821 -0.089443 -5.130339 -0.978979 0.000204 0.203963 61.432908
0.201397 0.091740 0.975204 69.720772 -0.016085 0.995780 -0.090354 -5.182058 -0.979378 0.002511 0.202022 61.558267
0.199193 0.090780 0.975746 70.307504 -0.016840 0.995870 -0.089215 -5.231855 -0.979816 0.001340 0.199899 61.685259
0.196566 0.087993 0.976534 70.895718 -0.017120 0.996121 -0.086312 -5.285896 -0.980341 0.000248 0.197310 61.803141
0.194533 0.083561 0.977330 71.471007 -0.016858 0.996502 -0.081845 -5.342758 -0.980751 -0.000554 0.195262 61.918517
0.192695 0.082572 0.977778 72.029699 -0.013863 0.996583 -0.081428 -5.393054 -0.981161 0.002136 0.193181 62.027472
0.190984 0.084582 0.977942 72.582315 -0.009557 0.996394 -0.084312 -5.440828 -0.981547 0.006756 0.191104 62.132408
0.188627 0.086350 0.978245 73.131318 -0.005732 0.996206 -0.086830 -5.485365 -0.982032 0.010772 0.188407 62.236818
0.186967 0.088836 0.978341 73.675422 -0.006447 0.995992 -0.089206 -5.532216 -0.982345 0.010371 0.186790 62.342383
0.185698 0.091177 0.978367 74.218450 -0.006598 0.995779 -0.091547 -5.583135 -0.982585 0.010544 0.185515 62.447625
0.184537 0.089268 0.978763 74.769320 -0.004887 0.995938 -0.089913 -5.630170 -0.982813 0.011809 0.184224 62.551618
0.185397 0.087483 0.978762 75.318699 0.001401 0.996005 -0.089289 -5.676448 -0.982663 0.017925 0.184533 62.645456
0.187993 0.086472 0.978356 75.871517 0.006456 0.995986 -0.089271 -5.720800 -0.982149 0.023098 0.186680 62.739082
0.190002 0.085430 0.978060 76.427105 0.008831 0.996018 -0.088714 -5.768173 -0.981744 0.025493 0.188491 62.843552
0.193420 0.085069 0.977421 76.986598 0.005714 0.996119 -0.087827 -5.817062 -0.981099 0.022573 0.192184 62.958665
0.198954 0.085543 0.976268 77.542267 0.005154 0.996078 -0.088329 -5.862448 -0.979995 0.022605 0.197732 63.073311
0.205804 0.084671 0.974923 78.108486 0.006228 0.996116 -0.087826 -5.912287 -0.978573 0.024146 0.204478 63.195200
0.214080 0.083940 0.973203 78.692662 0.005761 0.996175 -0.087189 -5.961148 -0.976799 0.024272 0.212777 63.329721
0.222129 0.083231 0.971458 79.261032 0.005261 0.996233 -0.086557 -6.008758 -0.975003 0.024338 0.220854 63.460710
0.231005 0.082482 0.969450 79.833116 0.001416 0.996371 -0.085109 -6.059871 -0.972952 0.021033 0.230049 63.601632
0.240991 0.082493 0.967015 80.434132 -0.000151 0.996384 -0.084960 -6.107865 -0.970527 0.020329 0.240132 63.757721
0.250406 0.085728 0.964338 81.008173 -0.004511 0.996164 -0.087386 -6.150779 -0.968131 0.017531 0.249832 63.919258
0.260030 0.088671 0.961520 81.619446 -0.008289 0.995943 -0.089603 -6.192815 -0.965565 0.015330 0.259711 64.096631
0.270771 0.090630 0.958368 82.223039 -0.012523 0.995806 -0.090632 -6.239009 -0.962562 0.012539 0.270770 64.276195
0.281051 0.092557 0.955219 82.838136 -0.014400 0.995633 -0.092236 -6.285674 -0.959585 0.012168 0.281157 64.463146
0.290866 0.093264 0.952207 83.458103 -0.016952 0.995584 -0.092335 -6.324963 -0.956614 0.010715 0.291162 64.665425
0.301209 0.094234 0.948890 84.096524 -0.018475 0.995495 -0.092998 -6.371173 -0.953379 0.010481 0.301593 64.876034
0.311476 0.095000 0.945493 84.745464 -0.021826 0.995443 -0.092828 -6.414738 -0.950003 0.008278 0.312130 65.097934
0.322102 0.089733 0.942443 85.414289 -0.021587 0.995935 -0.087449 -6.458457 -0.946459 0.007823 0.322730 65.334332
0.332978 0.081818 0.939378 86.091321 -0.017967 0.996598 -0.080433 -6.498607 -0.942763 0.009905 0.333315 65.575325
0.344023 0.077579 0.935751 86.778508 -0.016564 0.996927 -0.076561 -6.545009 -0.938815 0.010839 0.344251 65.829761
0.354094 0.074590 0.932230 87.474136 -0.016506 0.997157 -0.073515 -6.585584 -0.935064 0.010644 0.354319 66.099252
0.363209 0.070477 0.929038 88.187335 -0.010063 0.997374 -0.071727 -6.605047 -0.931653 0.016703 0.362965 66.377874
0.372455 0.066719 0.925649 88.901730 -0.003811 0.997514 -0.070365 -6.624344 -0.928042 0.022680 0.371784 66.656800
0.379542 0.056992 0.923417 89.638475 0.005139 0.997955 -0.063704 -6.646336 -0.925160 0.028924 0.378474 66.951096
0.386860 0.052864 0.920622 90.367946 0.011536 0.998000 -0.062155 -6.684073 -0.922067 0.034665 0.385476 67.250951
0.394155 0.053122 0.917507 91.093836 0.012806 0.997914 -0.063279 -6.725361 -0.918955 0.036692 0.392652 67.565933
0.401800 0.059151 0.913815 91.814136 0.015517 0.997328 -0.071380 -6.763694 -0.915596 0.042860 0.399808 67.878054
0.409135 0.063720 0.910246 92.540157 0.019739 0.996707 -0.078645 -6.813377 -0.912260 0.050143 0.406530 68.204317
0.414427 0.065130 0.907749 93.254086 0.017054 0.996705 -0.079299 -6.870738 -0.909923 0.048344 0.411951 68.539761
0.418845 0.067324 0.905558 93.951254 0.009204 0.996882 -0.078371 -6.914272 -0.908011 0.041160 0.416919 68.889155
0.422745 0.070700 0.903486 94.640936 0.003058 0.996835 -0.079436 -6.975179 -0.906243 0.036344 0.421191 69.237920
0.427038 0.074055 0.901196 95.323110 0.002045 0.996559 -0.082860 -7.034880 -0.904231 0.037227 0.425417 69.576113
0.431186 0.078363 0.898853 96.004666 -0.001014 0.996263 -0.086369 -7.110019 -0.902262 0.036330 0.429654 69.920343
0.434556 0.081231 0.896974 96.656314 -0.004291 0.996100 -0.088129 -7.183014 -0.900635 0.034449 0.433210 70.253180
0.438558 0.079536 0.895177 97.317793 -0.005482 0.996294 -0.085835 -7.259679 -0.898686 0.032736 0.437369 70.592235
0.442854 0.075914 0.893374 97.983228 -0.004417 0.996582 -0.082495 -7.329268 -0.896583 0.032587 0.441676 70.927629
0.446200 0.073543 0.891906 98.615306 -0.004876 0.996803 -0.079753 -7.398532 -0.894920 0.031237 0.445132 71.255464
0.449813 0.072641 0.890164 99.263708 -0.006223 0.996918 -0.078208 -7.469536 -0.893101 0.029639 0.448878 71.593931
0.453134 0.074646 0.888311 99.861689 -0.007838 0.996783 -0.079762 -7.533159 -0.891408 0.029180 0.452262 71.912636
0.455917 0.074935 0.886862 100.468395 -0.006875 0.996716 -0.080683 -7.592121 -0.889996 0.030688 0.454935 72.231239
0.458036 0.073094 0.885923 101.071824 -0.004849 0.996804 -0.079736 -7.650212 -0.888920 0.032226 0.456927 72.546707
0.459786 0.072102 0.885098 101.664590 -0.002868 0.996814 -0.079713 -7.709739 -0.888025 0.034113 0.458527 72.858503
0.461582 0.071908 0.884178 102.247618 -0.004292 0.996879 -0.078833 -7.766662 -0.887087 0.032593 0.460450 73.172277
0.463594 0.071548 0.883154 102.821920 -0.003114 0.996860 -0.079125 -7.823540 -0.886042 0.033931 0.462361 73.483901
0.466223 0.073709 0.881591 103.382426 -0.003436 0.996666 -0.081513 -7.883340 -0.884660 0.034974 0.464922 73.791476
0.469330 0.073073 0.879994 103.929438 -0.001110 0.996618 -0.082165 -7.943074 -0.883022 0.037586 0.467824 74.092325
0.472436 0.072377 0.878388 104.475538 0.001234 0.996567 -0.082778 -8.002376 -0.881364 0.040191 0.470725 74.392758
0.475681 0.070687 0.876773 105.011695 0.004050 0.996579 -0.082544 -8.053690 -0.879609 0.042816 0.473768 74.689418
0.479124 0.069755 0.874971 105.543896 0.005530 0.996578 -0.082478 -8.096619 -0.877730 0.044356 0.477098 74.982526
0.482318 0.069352 0.873247 106.065749 0.006467 0.996552 -0.082717 -8.139292 -0.875973 0.045543 0.480206 75.272753
0.485726 0.068657 0.871411 106.582733 0.007160 0.996565 -0.082508 -8.181955 -0.874082 0.046316 0.483565 75.563376
0.489173 0.068146 0.869520 107.093933 0.008817 0.996506 -0.083058 -8.223750 -0.872142 0.048296 0.486863 75.851422
0.493061 0.069452 0.867218 107.601279 0.008413 0.996381 -0.084579 -8.265059 -0.869954 0.048998 0.490692 76.143374
0.497406 0.069600 0.864721 108.109436 0.010394 0.996227 -0.086164 -8.308372 -0.867455 0.051846 0.494806 76.436655
0.502143 0.073054 0.861694 108.611100 0.008009 0.995990 -0.089106 -8.363102 -0.864748 0.051645 0.499544 76.731985
0.507585 0.078897 0.857982 109.098866 0.004701 0.995530 -0.094326 -8.418748 -0.861589 0.051911 0.504945 77.027701
0.513373 0.085919 0.853854 109.594545 -0.000722 0.995018 -0.099689 -8.475876 -0.858165 0.050562 0.510877 77.335245
0.519413 0.092101 0.849546 110.080484 -0.005748 0.994529 -0.104304 -8.530283 -0.854504 0.049294 0.517100 77.643135
0.525818 0.096484 0.845107 110.573423 -0.008787 0.994109 -0.108028 -8.586122 -0.850552 0.049377 0.523568 77.956108
0.531177 0.096716 0.841723 111.071334 -0.013396 0.994298 -0.105793 -8.642339 -0.847155 0.044920 0.529443 78.280879
0.536489 0.095521 0.838484 111.579592 -0.019855 0.994727 -0.100616 -8.706456 -0.843674 0.037331 0.535557 78.614679
0.542238 0.093127 0.835048 112.097792 -0.025978 0.995222 -0.094121 -8.763095 -0.839823 0.029343 0.542066 78.954110
0.547962 0.090995 0.831539 112.621368 -0.032245 0.995625 -0.087702 -8.817849 -0.835882 0.021245 0.548498 79.305725
0.554093 0.089237 0.827658 113.153163 -0.034935 0.995854 -0.083983 -8.867411 -0.831722 0.017620 0.554913 79.659349
0.560510 0.092863 0.822925 113.679681 -0.039490 0.995560 -0.085446 -8.915374 -0.827206 0.015396 0.561688 80.021008
0.566451 0.096772 0.818394 114.214519 -0.043255 0.995204 -0.087740 -8.963221 -0.822959 0.014301 0.567920 80.397042
0.572556 0.100137 0.813727 114.755443 -0.046010 0.994873 -0.090055 -9.011645 -0.818574 0.014122 0.574228 80.783455
0.578872 0.102025 0.809011 115.315947 -0.048055 0.994686 -0.091056 -9.057118 -0.814002 0.013833 0.580698 81.180358
0.585120 0.102963 0.804384 115.884059 -0.051317 0.994620 -0.089985 -9.105368 -0.809322 0.011374 0.587256 81.593280
0.591244 0.104919 0.799639 116.456940 -0.057262 0.994461 -0.088142 -9.158005 -0.804458 0.006324 0.593976 82.022242
0.598412 0.102655 0.794585 117.039052 -0.057668 0.994704 -0.085079 -9.217043 -0.799111 0.005090 0.601162 82.464372
0.605971 0.100724 0.789084 117.627961 -0.057665 0.994904 -0.082713 -9.273702 -0.793394 0.004619 0.608691 82.915581
0.613490 0.100872 0.783233 118.218899 -0.058588 0.994889 -0.082240 -9.317811 -0.787526 0.004566 0.616265 83.381907
0.620942 0.103288 0.777021 118.806286 -0.063519 0.994651 -0.081457 -9.366338 -0.781278 0.001224 0.624181 83.863867
0.628784 0.103812 0.770619 119.405847 -0.063930 0.994595 -0.081821 -9.410224 -0.774948 0.002182 0.632022 84.358061
0.635525 0.104607 0.764961 120.013017 -0.065658 0.994512 -0.081449 -9.457628 -0.769284 0.001537 0.638906 84.866611
0.640722 0.103248 0.760799 120.630331 -0.065622 0.994655 -0.079720 -9.501459 -0.764964 0.001153 0.644072 85.385853
0.644429 0.101798 0.757858 121.255152 -0.064806 0.994804 -0.078519 -9.549903 -0.761913 0.001486 0.647677 85.914460
0.648274 0.099141 0.754925 121.905032 -0.060927 0.995062 -0.078358 -9.590647 -0.758965 0.004802 0.651113 86.460932
0.651785 0.095536 0.752362 122.531578 -0.055547 0.995383 -0.078275 -9.635230 -0.756367 0.009227 0.654083 86.988382
0.655783 0.088700 0.749721 123.193225 -0.047805 0.995960 -0.076017 -9.682937 -0.753435 0.014010 0.657374 87.545253
0.659462 0.083056 0.747136 123.854162 -0.042183 0.996400 -0.073532 -9.728697 -0.750554 0.016975 0.660591 88.112361
0.663056 0.077366 0.744561 124.508607 -0.036524 0.996804 -0.071050 -9.773963 -0.747679 0.019916 0.663762 88.673746
0.666368 0.076237 0.741715 125.165688 -0.036321 0.996897 -0.069835 -9.820354 -0.744738 0.019596 0.667069 89.255280
0.669398 0.077895 0.738809 125.817596 -0.037132 0.996753 -0.071448 -9.868055 -0.741976 0.020393 0.670116 89.840283
0.672633 0.082440 0.735370 126.483605 -0.042961 0.996449 -0.072413 -9.916275 -0.738728 0.017115 0.673786 90.454707
0.675217 0.085845 0.732607 127.127092 -0.048438 0.996221 -0.072090 -9.964397 -0.736027 0.013190 0.676824 91.056470
0.678132 0.082617 0.730282 127.789043 -0.049417 0.996538 -0.066850 -10.013730 -0.733277 0.009244 0.679867 91.671584
0.681613 0.079759 0.727353 128.453935 -0.052076 0.996808 -0.060505 -10.057800 -0.729858 0.003364 0.683591 92.297371
0.685118 0.074498 0.724613 129.120045 -0.051718 0.997221 -0.053626 -10.100870 -0.726594 -0.000735 0.687066 92.926475
0.689785 0.070187 0.720605 129.780981 -0.048969 0.997534 -0.050285 -10.142760 -0.722357 -0.000602 0.691520 93.556817
0.694555 0.067464 0.716270 130.444859 -0.043384 0.997709 -0.051903 -10.184200 -0.718131 0.004975 0.695891 94.188457
0.700079 0.064468 0.711150 131.097172 -0.032617 0.997764 -0.058341 -10.233420 -0.713320 0.017647 0.700616 94.820625
0.705587 0.066268 0.705518 131.760948 -0.026831 0.997402 -0.066850 -10.286910 -0.708115 0.028239 0.705532 95.472433
0.711277 0.066271 0.699781 132.397738 -0.024196 0.997264 -0.069850 -10.340700 -0.702496 0.032750 0.710934 96.119575
0.717097 0.062276 0.694186 133.049645 -0.021678 0.997511 -0.067094 -10.399630 -0.696636 0.033064 0.716662 96.788113
0.723108 0.055879 0.688471 133.701449 -0.017110 0.997865 -0.063020 -10.456000 -0.690523 0.033791 0.722520 97.464990
0.728491 0.053526 0.682961 134.346254 -0.012896 0.997838 -0.064449 -10.505230 -0.684934 0.038143 0.727606 98.146321
0.733119 0.054738 0.677895 134.987203 -0.010469 0.997546 -0.069226 -10.552480 -0.680020 0.043654 0.731892 98.833414
0.736750 0.057404 0.673724 135.621963 -0.011544 0.997312 -0.072352 -10.604320 -0.676067 0.045528 0.735432 99.528491
0.739941 0.053391 0.670550 136.265550 -0.009169 0.997553 -0.069310 -10.660040 -0.672610 0.045137 0.738619 100.230456
0.742389 0.048222 0.668231 136.909542 -0.005940 0.997841 -0.065408 -10.715510 -0.669942 0.044589 0.741073 100.932757
0.743809 0.044222 0.666928 137.566114 -0.002810 0.998007 -0.063041 -10.771390 -0.668387 0.045016 0.742450 101.650772
0.744409 0.039818 0.666536 138.195498 0.000608 0.998179 -0.060309 -10.819980 -0.667724 0.045299 0.743029 102.343689
0.744677 0.038869 0.666293 138.835939 0.000503 0.998270 -0.058797 -10.869780 -0.667425 0.044120 0.743369 103.053446
0.744500 0.039086 0.666477 139.476584 -0.000706 0.998330 -0.057759 -10.918320 -0.667622 0.042531 0.743285 103.765029
0.743973 0.041420 0.666925 140.122199 -0.002360 0.998233 -0.059364 -10.968690 -0.668206 0.042591 0.742756 104.480164
0.742583 0.045660 0.668196 140.779278 -0.006205 0.998100 -0.061308 -11.018070 -0.669725 0.041380 0.741455 105.206153
0.740668 0.049076 0.670077 141.410284 -0.009657 0.998003 -0.062420 -11.065290 -0.671802 0.039761 0.739663 105.897954
0.738630 0.052146 0.672091 142.050320 -0.014070 0.997979 -0.061968 -11.115070 -0.673964 0.036316 0.737871 106.597972
0.736199 0.053061 0.674682 142.706993 -0.015964 0.998006 -0.061070 -11.164100 -0.676577 0.034189 0.735578 107.306918
0.733858 0.053028 0.677229 143.357274 -0.016763 0.998058 -0.059984 -11.215340 -0.679096 0.032667 0.733323 108.002372
0.731386 0.051666 0.680004 144.004107 -0.017953 0.998239 -0.056535 -11.261710 -0.681728 0.029141 0.731026 108.688593
0.728761 0.047943 0.683088 144.659563 -0.014227 0.998391 -0.054894 -11.309400 -0.684621 0.030286 0.728270 109.370554
0.725827 0.052109 0.685901 145.304975 -0.015194 0.998098 -0.059748 -11.359650 -0.687710 0.032946 0.725237 110.039326
0.722304 0.062901 0.688709 145.943489 -0.020033 0.997340 -0.070078 -11.410700 -0.691286 0.036820 0.721643 110.708503
0.718931 0.068143 0.691733 146.593264 -0.022140 0.996923 -0.075196 -11.462600 -0.694729 0.038746 0.718227 111.377580
0.715198 0.066368 0.695764 147.257140 -0.024963 0.997272 -0.069468 -11.521410 -0.698476 0.032315 0.714903 112.052541
0.711569 0.064598 0.699640 147.902451 -0.027691 0.997569 -0.063943 -11.578540 -0.702071 0.026126 0.711628 112.708429
0.707998 0.064197 0.703291 148.570486 -0.029186 0.997669 -0.061687 -11.633570 -0.705611 0.023148 0.708221 113.376288
0.704757 0.063854 0.706569 149.213870 -0.028820 0.997696 -0.061417 -11.682640 -0.708863 0.022920 0.704973 114.009553
0.701735 0.062352 0.709705 149.873992 -0.026738 0.997766 -0.061222 -11.732210 -0.711936 0.023985 0.701834 114.648094
0.698885 0.061188 0.712612 150.546593 -0.022903 0.997737 -0.063208 -11.784160 -0.714867 0.027854 0.698705 115.289069
0.695487 0.060964 0.715948 151.211991 -0.019435 0.997626 -0.066070 -11.835000 -0.718276 0.032037 0.695020 115.908841
0.691605 0.061200 0.719679 151.876578 -0.016616 0.997488 -0.068857 -11.883520 -0.722085 0.035664 0.690884 116.509846
0.687607 0.061945 0.723436 152.555266 -0.016689 0.997439 -0.069544 -11.927830 -0.725891 0.035746 0.686880 117.114198
0.683402 0.063476 0.727278 153.236288 -0.018600 0.997403 -0.069575 -11.975780 -0.729805 0.034020 0.682808 117.721695
0.678238 0.063336 0.732107 153.925730 -0.018395 0.997430 -0.069248 -12.024090 -0.734612 0.033499 0.677660 118.327366
0.672580 0.066313 0.737047 154.612432 -0.020582 0.997268 -0.070944 -12.072040 -0.739738 0.032545 0.672107 118.924110
0.666178 0.072946 0.742217 155.304207 -0.025144 0.996836 -0.075402 -12.125010 -0.745369 0.031569 0.665904 119.526130
0.659925 0.079118 0.747155 156.002070 -0.027134 0.996301 -0.081535 -12.179330 -0.750842 0.033533 0.659630 120.118004
0.653459 0.080797 0.752638 156.716975 -0.026893 0.996137 -0.083587 -12.238310 -0.756484 0.034380 0.653107 120.716676
0.646945 0.076084 0.758732 157.437664 -0.028105 0.996713 -0.075984 -12.299000 -0.762019 0.027833 0.646956 121.301956
0.639751 0.071816 0.765219 158.171845 -0.034187 0.997298 -0.065015 -12.365030 -0.767821 0.015433 0.640478 121.896266
0.632432 0.066520 0.771754 158.915157 -0.033397 0.997721 -0.058630 -12.426460 -0.773896 0.011305 0.633212 122.477083
0.625165 0.068864 0.777449 159.664251 -0.037877 0.997603 -0.057907 -12.476430 -0.779573 0.006754 0.626275 123.059220
0.617211 0.069883 0.783688 160.425114 -0.035990 0.997513 -0.060605 -12.525780 -0.785974 0.009201 0.618191 123.637298
0.610859 0.070596 0.788586 161.208295 -0.030629 0.997378 -0.065561 -12.583740 -0.791147 0.015896 0.611419 124.209594
0.603826 0.078152 0.793276 161.959216 -0.029933 0.996703 -0.075408 -12.639330 -0.796554 0.021788 0.604175 124.756832
0.596378 0.079296 0.798778 162.724948 -0.025276 0.996470 -0.080050 -12.702160 -0.802306 0.027550 0.596277 125.302446
0.589179 0.074931 0.804521 163.530348 -0.022695 0.996832 -0.076222 -12.777620 -0.807684 0.026650 0.589013 125.864699
0.582274 0.068890 0.810068 164.310588 -0.018520 0.997269 -0.071498 -12.851930 -0.812781 0.026629 0.581960 126.391444
0.575727 0.068465 0.814770 165.086973 -0.017106 0.997278 -0.071714 -12.919400 -0.817463 0.027350 0.575332 126.906929
0.569104 0.068053 0.819444 165.867720 -0.015683 0.997286 -0.071931 -12.987260 -0.822116 0.028085 0.568627 127.425355
0.562443 0.067608 0.824067 166.649989 -0.014227 0.997295 -0.072110 -13.055270 -0.826713 0.028834 0.561884 127.944695
0.557381 0.061990 0.827939 167.433070 -0.009674 0.997626 -0.068183 -13.122260 -0.830200 0.029994 0.556658 128.442223
0.552393 0.058726 0.831513 168.203165 -0.009085 0.997880 -0.064441 -13.182890 -0.833534 0.028042 0.551755 128.937113
0.547945 0.057988 0.834502 168.966361 -0.010510 0.997993 -0.062447 -13.239540 -0.836449 0.025447 0.547454 129.429162
0.543340 0.060946 0.837297 169.715457 -0.011014 0.997793 -0.065481 -13.299780 -0.839440 0.026357 0.542812 129.911472
0.539512 0.064525 0.839502 170.481798 -0.010268 0.997489 -0.070069 -13.364290 -0.841915 0.029183 0.538821 130.393073
0.536535 0.069535 0.841008 171.209285 -0.010248 0.997063 -0.075900 -13.424310 -0.843816 0.032104 0.535672 130.851745
0.533003 0.072087 0.843037 171.932003 -0.013061 0.996946 -0.076989 -13.484590 -0.846013 0.030024 0.532316 131.307982
0.530281 0.067096 0.845163 172.659084 -0.012916 0.997387 -0.071077 -13.548990 -0.847724 0.026775 0.529762 131.767365
0.528067 0.058627 0.847177 173.388498 -0.009759 0.997967 -0.062978 -13.611810 -0.849147 0.024989 0.527566 132.213559
0.525547 0.053746 0.849065 174.107970 -0.005433 0.998194 -0.059823 -13.671210 -0.850747 0.026827 0.524890 132.650825
0.523021 0.052474 0.850703 174.817297 0.000477 0.998085 -0.061858 -13.728130 -0.852320 0.032759 0.521994 133.079468
0.520782 0.055615 0.851876 175.516885 0.001813 0.997801 -0.066250 -13.784100 -0.853688 0.036046 0.519536 133.503647
0.518672 0.062333 0.852698 176.202676 -0.000217 0.997348 -0.072776 -13.845080 -0.854974 0.037562 0.517310 133.923869
0.516397 0.070998 0.853401 176.880757 -0.002461 0.996676 -0.081428 -13.906270 -0.856346 0.039949 0.514855 134.340744
0.514268 0.072241 0.854582 177.571113 0.001884 0.996348 -0.085359 -13.963780 -0.857628 0.045507 0.512254 134.755488
0.511681 0.066173 0.856623 178.235295 0.000898 0.996988 -0.077552 -14.018250 -0.859175 0.040451 0.510081 135.152580
0.508031 0.058000 0.859384 178.908405 -0.007051 0.997977 -0.063186 -14.078650 -0.861310 0.026041 0.507412 135.570976
0.504541 0.055254 0.861618 179.571877 -0.015383 0.998367 -0.055016 -14.134000 -0.863251 0.014503 0.504567 135.976285
0.502327 0.057139 0.862788 180.226016 -0.016164 0.998260 -0.056700 -14.180890 -0.864527 0.014536 0.502376 136.363638
0.500070 0.060421 0.863874 180.877010 -0.012670 0.997967 -0.062466 -14.222930 -0.865892 0.020292 0.499819 136.734657
0.497566 0.061930 0.865212 181.523946 -0.011676 0.997836 -0.064708 -14.264650 -0.867348 0.022094 0.497212 137.102531
0.494923 0.061210 0.866778 182.158910 -0.012087 0.997904 -0.063568 -14.312610 -0.868853 0.020985 0.494626 137.472231
0.492130 0.060174 0.868440 182.785354 -0.012970 0.998004 -0.061802 -14.363220 -0.870425 0.019151 0.491928 137.836452
0.489601 0.059870 0.869889 183.398811 -0.012807 0.998026 -0.061481 -14.412580 -0.871853 0.018960 0.489401 138.194384
0.486670 0.060236 0.871507 184.019472 -0.011126 0.997966 -0.062764 -14.458520 -0.873515 0.020849 0.486350 138.540345
0.482803 0.062057 0.873528 184.627147 -0.010226 0.997817 -0.065235 -14.503120 -0.875669 0.022563 0.482383 138.878392
0.478460 0.064123 0.875765 185.226605 -0.010396 0.997674 -0.067370 -14.547450 -0.878048 0.023130 0.478014 139.206091
0.473685 0.066004 0.878217 185.820381 -0.010393 0.997537 -0.069366 -14.590960 -0.880633 0.023731 0.473205 139.529530
0.468502 0.068643 0.880791 186.408984 -0.010755 0.997346 -0.072005 -14.631030 -0.883397 0.024262 0.467997 139.845563
0.462663 0.071796 0.883622 186.999007 -0.009424 0.997057 -0.076078 -14.671510 -0.886484 0.026871 0.461978 140.155508
0.456269 0.074658 0.886704 187.589538 -0.007607 0.996765 -0.080010 -14.712370 -0.889809 0.029761 0.455361 140.460280
0.449633 0.077110 0.889879 188.190619 -0.009350 0.996618 -0.081635 -14.755100 -0.893165 0.028385 0.448833 140.767284
0.442702 0.079095 0.893173 188.793019 -0.013799 0.996585 -0.081413 -14.797630 -0.896563 0.023717 0.442282 141.075303
0.435959 0.080540 0.896356 189.407390 -0.017397 0.996556 -0.081081 -14.845010 -0.899799 0.019754 0.435858 141.379872
0.429537 0.081529 0.899361 190.030689 -0.017779 0.996487 -0.081843 -14.893660 -0.902874 0.019165 0.429477 141.677746
0.422527 0.084766 0.902378 190.662002 -0.018795 0.996222 -0.084781 -14.942590 -0.906156 0.018862 0.422524 141.973997
0.414805 0.090040 0.905444 191.296055 -0.021991 0.995793 -0.088950 -14.992920 -0.909644 0.016985 0.415040 142.271668
0.407056 0.093796 0.908575 191.939035 -0.023980 0.995468 -0.092023 -15.039080 -0.913088 0.015671 0.407460 142.567107
0.399725 0.096366 0.911555 192.590436 -0.025567 0.995244 -0.094002 -15.087950 -0.916278 0.014269 0.400288 142.860214
0.392229 0.099066 0.914518 193.256546 -0.025959 0.994980 -0.096648 -15.145790 -0.919501 0.014168 0.392832 143.146929
0.384792 0.100880 0.917474 193.936454 -0.027332 0.994819 -0.097922 -15.205510 -0.922599 0.012603 0.385555 143.433949
0.377743 0.101597 0.920320 194.625087 -0.023822 0.994699 -0.100031 -15.263830 -0.925604 0.015862 0.378161 143.711331
0.370768 0.100621 0.923259 195.329039 -0.021646 0.994780 -0.099723 -15.325260 -0.928473 0.016989 0.371010 143.989627
0.363303 0.098088 0.926493 196.044860 -0.020570 0.995044 -0.097279 -15.388220 -0.931444 0.016283 0.363520 144.269445
0.355882 0.095748 0.929613 196.772957 -0.021821 0.995318 -0.094162 -15.451990 -0.934276 0.013225 0.356305 144.549770
0.349265 0.091449 0.932551 197.517184 -0.021097 0.995741 -0.089744 -15.513670 -0.936786 0.011670 0.349707 144.827255
0.343638 0.087765 0.934992 198.291948 -0.017512 0.996049 -0.087060 -15.573050 -0.938939 0.013544 0.343817 145.103218
0.338236 0.082410 0.937446 199.056668 -0.016920 0.996530 -0.081499 -15.626840 -0.940909 0.011704 0.338457 145.374515
0.332692 0.076929 0.939893 199.839953 -0.016291 0.996987 -0.075835 -15.681960 -0.942895 0.009918 0.332943 145.652305
0.328043 0.076763 0.941539 200.637543 -0.011470 0.996943 -0.077283 -15.740330 -0.944593 0.014553 0.327921 145.922284
0.323051 0.084279 0.942621 201.436047 -0.009109 0.996258 -0.085953 -15.798460 -0.946338 0.019181 0.322610 146.189219
0.318693 0.096243 0.942959 202.226738 -0.003650 0.994949 -0.100315 -15.854280 -0.947851 0.028528 0.317435 146.446212
0.314810 0.102333 0.943622 203.044923 0.002327 0.994085 -0.108582 -15.924370 -0.949152 0.036378 0.312709 146.707365
0.310791 0.097635 0.945450 203.886948 0.008426 0.994388 -0.105458 -16.005320 -0.950441 0.040742 0.308224 146.971663
0.306251 0.089049 0.947777 204.748553 0.015227 0.995029 -0.098409 -16.088570 -0.951829 0.044570 0.303373 147.237281
0.301442 0.083716 0.949802 205.629129 0.017385 0.995490 -0.093261 -16.175980 -0.953326 0.044625 0.298627 147.509087
0.296692 0.090374 0.950687 206.480487 0.014150 0.994987 -0.099001 -16.261240 -0.954868 0.042825 0.293926 147.769632
0.292049 0.099733 0.951189 207.328295 0.010115 0.994170 -0.107346 -16.338690 -0.956350 0.040972 0.289337 148.026931
0.286847 0.103709 0.952346 208.223277 0.006314 0.993896 -0.110135 -16.426550 -0.957956 0.037605 0.284441 148.294680
0.281292 0.098636 0.954539 209.090969 0.003084 0.994605 -0.103685 -16.516090 -0.959617 0.032110 0.279471 148.549240
0.275699 0.095133 0.956525 209.980777 0.000518 0.995076 -0.099117 -16.609800 -0.961244 0.027822 0.274292 148.807757
0.270180 0.096810 0.957930 210.872512 -0.000600 0.994949 -0.100382 -16.698580 -0.962810 0.026546 0.268873 149.059781
0.265175 0.101131 0.958882 211.771552 -0.001567 0.994528 -0.104457 -16.784390 -0.964199 0.026197 0.263882 149.308153
0.260605 0.101388 0.960107 212.681448 0.001689 0.994421 -0.105470 -16.873900 -0.965444 0.029107 0.258980 149.547598
0.256668 0.100535 0.961256 213.599764 0.005486 0.994408 -0.105467 -16.963190 -0.966484 0.032344 0.254681 149.787855
0.252818 0.098925 0.962443 214.525789 0.007021 0.994545 -0.104068 -17.054430 -0.967488 0.033068 0.250744 150.028416
0.249383 0.098385 0.963394 215.458207 0.009512 0.994529 -0.104026 -17.143880 -0.968358 0.035106 0.247083 150.265934
0.246628 0.097263 0.964217 216.390827 0.009659 0.994655 -0.102804 -17.233760 -0.969062 0.034668 0.244370 150.502741
0.243790 0.096020 0.965063 217.331056 0.008512 0.994836 -0.101133 -17.322390 -0.969791 0.032869 0.241714 150.740868
0.241238 0.094166 0.965887 218.274125 0.008599 0.995035 -0.099155 -17.411090 -0.970428 0.032226 0.239230 150.975850
0.238437 0.094510 0.966548 219.214861 0.004125 0.995146 -0.098324 -17.500320 -0.971149 0.027431 0.236890 151.213673
0.236701 0.096943 0.966734 220.153467 0.002825 0.994937 -0.100463 -17.589120 -0.971579 0.026511 0.235228 151.445916
0.234888 0.097963 0.967073 221.091870 0.002216 0.994852 -0.101315 -17.677680 -0.972020 0.025941 0.233462 151.675826
0.232884 0.098669 0.967486 222.031287 0.002614 0.994773 -0.102081 -17.768620 -0.972501 0.026302 0.231409 151.900866
0.231554 0.095963 0.968077 222.978212 0.002583 0.995059 -0.099255 -17.858860 -0.972819 0.025483 0.230162 152.127834
0.230469 0.093800 0.968548 223.917629 0.005177 0.995211 -0.097614 -17.946230 -0.973066 0.027511 0.228880 152.346686
0.228869 0.089459 0.969338 224.856133 0.005953 0.995621 -0.093290 -18.034130 -0.973439 0.027122 0.227334 152.566349
0.227195 0.093339 0.969366 225.799000 0.005126 0.995268 -0.097035 -18.120380 -0.973836 0.027015 0.225641 152.787839
0.225258 0.097694 0.969389 226.745823 0.004753 0.994838 -0.101363 -18.208470 -0.974287 0.027441 0.223631 153.004966
0.223406 0.102027 0.969371 227.663530 0.004420 0.994390 -0.105679 -18.293630 -0.974715 0.027894 0.221701 153.215398
0.220632 0.102490 0.969957 228.592397 0.003209 0.994382 -0.105800 -18.386350 -0.975352 0.026455 0.219064 153.428366
0.217726 0.098810 0.970995 229.551496 0.001781 0.994820 -0.101634 -18.480800 -0.976008 0.023858 0.216423 153.646204
0.214683 0.092658 0.972278 230.458957 0.002291 0.995439 -0.095371 -18.567520 -0.976681 0.022702 0.213492 153.845882
0.210999 0.088854 0.973439 231.408722 0.003055 0.995795 -0.091557 -18.655080 -0.977482 0.022292 0.209840 154.050633
0.207011 0.089633 0.974224 232.323589 0.001723 0.995759 -0.091980 -18.736610 -0.978337 0.020719 0.205979 154.246659
0.202816 0.091327 0.974949 233.250122 0.001865 0.995603 -0.093649 -18.816520 -0.979215 0.020812 0.201754 154.441569
0.198995 0.091427 0.975726 234.182337 0.001895 0.995601 -0.093676 -18.893760 -0.979999 0.020490 0.197947 154.632117
0.194676 0.090857 0.976650 235.116581 0.001972 0.995662 -0.093019 -18.969920 -0.980866 0.020034 0.193652 154.819926
0.190683 0.089707 0.977544 236.060868 0.002739 0.995763 -0.091913 -19.041120 -0.981648 0.020204 0.189630 155.005199
0.186724 0.089355 0.978340 237.000286 0.001846 0.995821 -0.091304 -19.114940 -0.982411 0.018855 0.185779 155.186617
0.182591 0.090180 0.979044 237.928544 0.000283 0.995780 -0.091774 -19.187010 -0.983189 0.017034 0.181795 155.364687
0.178555 0.090991 0.979714 238.860658 -0.002092 0.995748 -0.092098 -19.261180 -0.983928 0.014395 0.177986 155.540322
0.174361 0.090537 0.980511 239.803525 -0.004316 0.995825 -0.091184 -19.333660 -0.984672 0.011667 0.174024 155.707537
0.170574 0.091583 0.981079 240.727726 -0.008782 0.995773 -0.091428 -19.410110 -0.985306 0.006980 0.170657 155.873737
0.166742 0.096161 0.981300 241.651013 -0.013474 0.995362 -0.095249 -19.495550 -0.985909 0.002660 0.167264 156.037503
0.163344 0.101760 0.981307 242.569736 -0.016092 0.994809 -0.100482 -19.579300 -0.986438 0.000622 0.164133 156.195587
0.159832 0.103468 0.981707 243.496675 -0.017622 0.994632 -0.101961 -19.664440 -0.986987 -0.001003 0.160797 156.348802
0.156437 0.100839 0.982527 244.425036 -0.019122 0.994897 -0.099064 -19.752570 -0.987503 -0.003290 0.157567 156.497351
0.153123 0.097028 0.983432 245.354106 -0.018637 0.995274 -0.095295 -19.839990 -0.988031 -0.003736 0.154208 156.641233
0.150090 0.094102 0.984184 246.280133 -0.018096 0.995555 -0.092430 -19.923780 -0.988507 -0.003937 0.151126 156.780448
0.146829 0.093065 0.984774 247.199262 -0.016716 0.995655 -0.091601 -20.004340 -0.989021 -0.003012 0.147746 156.915402
0.143384 0.093186 0.985270 248.119303 -0.016051 0.995645 -0.091831 -20.083880 -0.989537 -0.002647 0.144255 157.046805
0.139189 0.095085 0.985690 249.030925 -0.016701 0.995463 -0.093669 -20.163990 -0.990125 -0.003425 0.140146 157.174354
0.134407 0.097562 0.986112 249.937981 -0.017016 0.995222 -0.096144 -20.245320 -0.990780 -0.003857 0.135425 157.293685
0.129585 0.093411 0.987159 250.855994 -0.007631 0.995617 -0.093210 -20.323500 -0.991539 0.004545 0.129730 157.398610
0.125378 0.087898 0.988208 251.769644 -0.007046 0.996121 -0.087708 -20.403790 -0.992084 0.004034 0.125511 157.507999
0.119862 0.088842 0.988807 252.678527 -0.007117 0.996039 -0.088629 -20.482040 -0.992765 0.003586 0.120020 157.615359
0.115880 0.101685 0.988044 253.576453 -0.003982 0.994785 -0.101912 -20.557490 -0.993255 0.007875 0.115681 157.711255
0.110499 0.115181 0.987179 254.468799 -0.002011 0.993286 -0.115669 -20.634600 -0.993874 0.010796 0.109989 157.802383
0.104739 0.118020 0.987472 255.373117 -0.004263 0.992977 -0.118226 -20.719720 -0.994491 0.008174 0.104507 157.894019
0.099172 0.111811 0.988769 256.281086 -0.008700 0.993726 -0.111499 -20.806150 -0.995032 0.002455 0.099523 157.984031
0.094065 0.105053 0.990008 257.186723 -0.010834 0.994466 -0.104497 -20.894490 -0.995507 -0.000896 0.094682 158.069478
0.088760 0.101312 0.990887 258.088403 -0.012434 0.994849 -0.100604 -20.982170 -0.995976 -0.003391 0.089562 158.146200
0.082398 0.100963 0.991472 258.980851 -0.016178 0.994860 -0.099964 -21.065160 -0.996468 -0.007804 0.083608 158.221807
0.075162 0.099071 0.992238 259.873604 -0.020126 0.995000 -0.097823 -21.144940 -0.996968 -0.012618 0.076780 158.292544
0.067754 0.094752 0.993192 260.767066 -0.023627 0.995353 -0.093347 -21.223810 -0.997422 -0.017142 0.069678 158.357701
0.060451 0.090804 0.994032 261.656877 -0.025440 0.995670 -0.089406 -21.302320 -0.997847 -0.019884 0.062499 158.413931
0.053932 0.092984 0.994206 262.540297 -0.021066 0.995539 -0.091966 -21.375500 -0.998322 -0.015984 0.055651 158.454841
0.047577 0.096905 0.994156 263.422296 -0.018943 0.995191 -0.096100 -21.442050 -0.998688 -0.014260 0.049184 158.494027
0.040878 0.098963 0.994251 264.301759 -0.016495 0.995014 -0.098361 -21.511160 -0.999028 -0.012379 0.042306 158.528547
0.034437 0.097442 0.994645 265.186295 -0.016524 0.995155 -0.096920 -21.584180 -0.999270 -0.013098 0.035881 158.559312
0.028168 0.094177 0.995157 266.071744 -0.017361 0.995448 -0.093714 -21.653470 -0.999452 -0.014637 0.029675 158.587238
0.022208 0.093328 0.995388 266.952932 -0.014540 0.995558 -0.093020 -21.726360 -0.999648 -0.012407 0.023466 158.604105
0.017109 0.095466 0.995286 267.831178 -0.012392 0.995375 -0.095262 -21.796630 -0.999777 -0.010704 0.018213 158.617016
0.012392 0.099192 0.994991 268.703337 -0.012739 0.995002 -0.099034 -21.867070 -0.999842 -0.011448 0.013594 158.629013
0.008943 0.100632 0.994884 269.579656 -0.010003 0.994883 -0.100542 -21.941150 -0.999910 -0.009052 0.009904 158.633808
0.006660 0.099441 0.995021 270.457192 -0.004772 0.995035 -0.099411 -22.017100 -0.999966 -0.004086 0.007102 158.632110
0.004848 0.096898 0.995282 271.334627 -0.002861 0.995291 -0.096885 -22.093280 -0.999984 -0.002378 0.005102 158.631833
0.002996 0.095262 0.995448 272.208309 -0.000816 0.995452 -0.095260 -22.167490 -0.999995 -0.000526 0.003060 158.625265
0.001307 0.094124 0.995560 273.082801 0.001142 0.995560 -0.094125 -22.242400 -0.999999 0.001260 0.001194 158.621234
0.000388 0.095923 0.995389 273.952120 0.003445 0.995383 -0.095924 -22.316940 -0.999994 0.003467 0.000056 158.615783
-0.000148 0.097357 0.995250 274.818396 0.005270 0.995236 -0.097355 -22.392310 -0.999986 0.005231 -0.000660 158.612969
0.000413 0.098964 0.995091 275.681222 0.008805 0.995052 -0.098963 -22.469370 -0.999961 0.008803 -0.000460 158.605996
0.001493 0.099884 0.994998 276.537758 0.010656 0.994941 -0.099894 -22.552750 -0.999942 0.010752 0.000421 158.601965
0.002919 0.100076 0.994975 277.398555 0.012017 0.994904 -0.100104 -22.637290 -0.999924 0.012249 0.001701 158.600267
0.004793 0.099804 0.994996 278.214105 0.013972 0.994903 -0.099862 -22.717430 -0.999891 0.014381 0.003374 158.599584
0.007216 0.098611 0.995100 279.041525 0.014849 0.995005 -0.098710 -22.798010 -0.999864 0.015489 0.005715 158.602146
0.009871 0.096343 0.995299 279.858597 0.015639 0.995211 -0.096490 -22.877830 -0.999829 0.016518 0.008317 158.608260
0.012981 0.093285 0.995555 280.674249 0.015611 0.995498 -0.093484 -22.954770 -0.999794 0.016756 0.011466 158.617822
0.016360 0.090385 0.995772 281.468393 0.014764 0.995775 -0.090628 -23.029610 -0.999757 0.016184 0.014956 158.632153
0.019894 0.088281 0.995897 282.255030 0.012985 0.995987 -0.088548 -23.101660 -0.999718 0.014694 0.018668 158.650643
0.023604 0.088723 0.995776 283.028478 0.008346 0.996002 -0.088941 -23.172050 -0.999687 0.010410 0.022769 158.676133
0.027345 0.090002 0.995566 283.791375 0.005629 0.995909 -0.090188 -23.238430 -0.999610 0.008070 0.026727 158.703144
0.031481 0.090160 0.995429 284.544533 0.005682 0.995891 -0.090381 -23.301680 -0.999488 0.008502 0.030839 158.729039
0.035103 0.087341 0.995560 285.294851 0.004615 0.996149 -0.087555 -23.367310 -0.999373 0.007668 0.034565 158.759297
0.038261 0.084104 0.995722 286.023255 0.002804 0.996439 -0.084272 -23.431890 -0.999264 0.006016 0.037889 158.795235
0.041963 0.082117 0.995739 286.746890 -0.000738 0.996619 -0.082158 -23.495970 -0.999119 0.002713 0.041881 158.835638
0.045984 0.083637 0.995435 287.443642 0.001451 0.996482 -0.083792 -23.551640 -0.998941 0.005297 0.045700 158.869851
0.049815 0.084905 0.995143 288.127205 0.000956 0.996375 -0.085058 -23.610500 -0.998758 0.005189 0.049553 158.910760
0.053150 0.086964 0.994793 288.800015 0.000354 0.996199 -0.087105 -23.669600 -0.998587 0.004982 0.052917 158.953495
0.056193 0.089426 0.994407 289.461766 -0.000655 0.995984 -0.089531 -23.726800 -0.998420 0.004380 0.056026 158.994606
0.059220 0.089882 0.994190 290.110430 -0.004210 0.995952 -0.089790 -23.781280 -0.998236 0.001132 0.059359 159.040283
0.062387 0.090370 0.993952 290.746210 -0.006357 0.995908 -0.090149 -23.834460 -0.998032 -0.000694 0.062706 159.086263
0.065867 0.091518 0.993623 291.370628 -0.007837 0.995802 -0.091199 -23.890170 -0.997798 -0.001780 0.066307 159.132345
0.068832 0.089599 0.993596 291.980944 -0.009042 0.995974 -0.089187 -23.943440 -0.997587 -0.002845 0.069365 159.179035
0.072408 0.091717 0.993149 292.589434 -0.009506 0.995781 -0.091267 -23.995820 -0.997330 -0.002832 0.072974 159.224508
0.074988 0.094375 0.992708 293.161604 -0.012717 0.995521 -0.093681 -24.046260 -0.997103 -0.005599 0.075852 159.273937
0.077488 0.094194 0.992533 293.744630 -0.014414 0.995529 -0.093353 -24.101690 -0.996889 -0.007072 0.078499 159.324482
0.080790 0.093400 0.992345 294.313352 -0.015669 0.995596 -0.092430 -24.151170 -0.996608 -0.008082 0.081898 159.372187
0.083714 0.093632 0.992081 294.871827 -0.016861 0.995566 -0.092539 -24.196690 -0.996347 -0.008980 0.084921 159.418470
0.086633 0.093657 0.991828 295.418229 -0.017100 0.995564 -0.092517 -24.240040 -0.996094 -0.008946 0.087850 159.465363
0.089649 0.095298 0.991404 295.954994 -0.018064 0.995404 -0.094049 -24.281940 -0.995810 -0.009478 0.090958 159.514487
0.092157 0.095917 0.991114 296.483237 -0.018911 0.995339 -0.094567 -24.321930 -0.995565 -0.010027 0.093542 159.563611
0.094660 0.097014 0.990771 297.001436 -0.017861 0.995246 -0.095745 -24.361160 -0.995349 -0.008633 0.095943 159.611314
0.096800 0.098702 0.990398 297.507766 -0.018989 0.995073 -0.097312 -24.404940 -0.995123 -0.009387 0.098197 159.660032
0.098343 0.099894 0.990126 298.008922 -0.019922 0.994947 -0.098401 -24.447670 -0.994953 -0.010048 0.099837 159.709866
0.099768 0.101426 0.989828 298.500643 -0.020653 0.994788 -0.099852 -24.491480 -0.994796 -0.010481 0.101343 159.757061
0.100750 0.102657 0.989601 298.994900 -0.021203 0.994658 -0.101023 -24.537460 -0.994686 -0.010804 0.102388 159.807402
0.100872 0.103189 0.989534 299.486925 -0.020397 0.994612 -0.101639 -24.584960 -0.994690 -0.009931 0.102433 159.857743
0.100296 0.103696 0.989539 299.986458 -0.020908 0.994554 -0.102103 -24.633070 -0.994738 -0.010448 0.101918 159.908490
0.099266 0.102998 0.989716 300.490961 -0.022468 0.994607 -0.101254 -24.678240 -0.994807 -0.012186 0.101045 159.961164
0.097809 0.101817 0.989983 301.000233 -0.023055 0.994718 -0.100026 -24.723330 -0.994938 -0.013040 0.099639 160.012723
0.095934 0.102523 0.990094 301.515287 -0.021246 0.994666 -0.100938 -24.770550 -0.995161 -0.011352 0.097600 160.059108
0.094052 0.105897 0.989919 302.033588 -0.018405 0.994342 -0.104622 -24.821690 -0.995397 -0.008379 0.095469 160.103464
0.092600 0.109159 0.989702 302.561527 -0.013218 0.994020 -0.108399 -24.874880 -0.995616 -0.003044 0.093489 160.142646
0.090362 0.114379 0.989319 303.096770 -0.010393 0.993437 -0.113906 -24.923740 -0.995855 0.000010 0.090958 160.184974
0.087875 0.118002 0.989117 303.648143 -0.011306 0.993013 -0.117463 -24.969560 -0.996067 -0.000861 0.088595 160.232678
0.085752 0.118116 0.989290 304.211184 -0.011110 0.992999 -0.117596 -25.020540 -0.996255 -0.000907 0.086464 160.277036
0.084268 0.115152 0.989767 304.785789 -0.006535 0.993343 -0.115011 -25.085000 -0.996422 0.003224 0.084459 160.314393
0.083431 0.108899 0.990545 305.374700 0.002473 0.993985 -0.109485 -25.150460 -0.996510 0.011584 0.082660 160.344750
0.081399 0.108777 0.990728 305.968682 0.003792 0.993985 -0.109446 -25.213210 -0.996674 0.012666 0.080497 160.386775
0.078271 0.112428 0.990572 306.567737 -0.000602 0.993626 -0.112727 -25.274830 -0.996932 0.008227 0.077840 160.440974
0.076164 0.114087 0.990547 307.176734 -0.003335 0.993456 -0.114165 -25.338680 -0.997090 0.005392 0.076046 160.493144
0.075220 0.112031 0.990854 307.805616 0.001847 0.993651 -0.112488 -25.402690 -0.997165 0.010291 0.074535 160.532125
0.074266 0.111138 0.991026 308.443729 0.006831 0.993690 -0.111949 -25.467220 -0.997215 0.015084 0.073039 160.569079
0.072501 0.110475 0.991231 309.095640 0.007490 0.993758 -0.111304 -25.532040 -0.997340 0.015494 0.071221 160.611510
0.069838 0.112136 0.991236 309.756782 0.003890 0.993624 -0.112680 -25.598150 -0.997551 0.011725 0.068957 160.661450
0.067724 0.113193 0.991262 310.428779 0.001301 0.993532 -0.113542 -25.662210 -0.997703 0.008979 0.067139 160.709056
0.066294 0.117568 0.990850 311.109400 0.001257 0.993023 -0.117910 -25.724670 -0.997799 0.009062 0.065684 160.750677
0.064524 0.119095 0.990784 311.802297 0.002361 0.992832 -0.119495 -25.795030 -0.997913 0.010049 0.063781 160.788341
0.062569 0.118096 0.991029 312.512033 -0.001239 0.992983 -0.118251 -25.868210 -0.998040 0.006171 0.062276 160.837166
0.060627 0.117020 0.991277 313.221060 -0.004908 0.993127 -0.116938 -25.941260 -0.998148 0.002224 0.060785 160.886194
0.058471 0.118827 0.991192 313.940638 -0.005444 0.992914 -0.118712 -26.016850 -0.998274 0.001546 0.058704 160.931062
0.057132 0.122918 0.990771 314.668636 -0.002094 0.992404 -0.123000 -26.096060 -0.998364 0.004953 0.056956 160.968322
0.055652 0.129198 0.990056 315.401808 -0.000502 0.991596 -0.129370 -26.174800 -0.998450 0.006702 0.055249 161.005987
0.054302 0.133264 0.989592 316.148168 -0.000498 0.991058 -0.133434 -26.254480 -0.998524 0.006753 0.053883 161.047001
0.053918 0.130413 0.989992 316.907515 0.003793 0.991401 -0.130806 -26.340910 -0.998538 0.010808 0.052960 161.080001
0.053320 0.124082 0.990838 317.676803 0.008683 0.992155 -0.124714 -26.431750 -0.998540 0.015253 0.051824 161.111175
0.052226 0.121498 0.991217 318.453396 0.011681 0.992429 -0.122262 -26.520530 -0.998567 0.017964 0.050411 161.143668
0.051136 0.122707 0.991125 319.235568 0.013947 0.992239 -0.123564 -26.607890 -0.998594 0.020142 0.049028 161.177987
0.050445 0.124640 0.990919 320.024233 0.014636 0.991983 -0.125519 -26.693810 -0.998620 0.020835 0.048216 161.214235
0.049971 0.125529 0.990831 320.822638 0.015866 0.991845 -0.126458 -26.780250 -0.998625 0.022040 0.047572 161.250177
0.050096 0.124579 0.990944 321.630883 0.016271 0.991956 -0.125529 -26.870720 -0.998612 0.022412 0.047666 161.287541
0.050965 0.122763 0.991127 322.448867 0.016864 0.992169 -0.123759 -26.963180 -0.998558 0.023022 0.048495 161.326021
0.052017 0.121830 0.991187 323.270097 0.017410 0.992269 -0.122877 -27.055490 -0.998494 0.023649 0.049494 161.366428
0.053289 0.120401 0.991294 324.106850 0.017324 0.992444 -0.121472 -27.145480 -0.998429 0.023646 0.050801 161.410590
0.054545 0.118973 0.991398 324.942689 0.017214 0.992617 -0.120066 -27.235380 -0.998363 0.023615 0.052094 161.454650
0.056578 0.117571 0.991451 325.792123 0.018306 0.992753 -0.118770 -27.326550 -0.998230 0.024869 0.054016 161.500739
0.058679 0.116130 0.991499 326.648556 0.019716 0.992882 -0.117459 -27.418100 -0.998082 0.026441 0.055972 161.547640
0.060601 0.115784 0.991424 327.511990 0.020234 0.992903 -0.117193 -27.508580 -0.997957 0.027163 0.057828 161.598296
0.063270 0.116195 0.991209 328.380901 0.021432 0.992812 -0.117750 -27.599010 -0.997766 0.028694 0.060325 161.649762
0.066254 0.115011 0.991152 329.259248 0.022849 0.992899 -0.116742 -27.689360 -0.997541 0.030382 0.063156 161.703664
0.069177 0.113979 0.991072 330.150276 0.024375 0.992962 -0.115898 -27.782070 -0.997307 0.032175 0.065912 161.762335
0.072098 0.112957 0.990981 331.041303 0.025887 0.993020 -0.115072 -27.874800 -0.997062 0.033950 0.068670 161.821006
0.075137 0.113485 0.990695 331.939838 0.026319 0.992931 -0.115737 -27.967910 -0.996826 0.034770 0.071619 161.882618
0.078171 0.114275 0.990369 332.846997 0.027335 0.992789 -0.116712 -28.062830 -0.996565 0.036195 0.074483 161.944231
0.081092 0.115344 0.990010 333.755068 0.026641 0.992676 -0.117837 -28.157860 -0.996351 0.035931 0.077425 162.011323
0.083747 0.116491 0.989655 334.667805 0.023762 0.992628 -0.118852 -28.257750 -0.996204 0.033470 0.080361 162.087038
0.086189 0.117664 0.989306 335.581862 0.022097 0.992531 -0.119972 -28.358610 -0.996034 0.032201 0.082945 162.162347
0.088196 0.118185 0.989067 336.503020 0.019699 0.992535 -0.120356 -28.459920 -0.995908 0.030098 0.085209 162.240700
0.089819 0.116521 0.989118 337.425699 0.019255 0.992744 -0.118697 -28.562500 -0.995772 0.029707 0.086924 162.319865
0.091637 0.114029 0.989242 338.350408 0.019451 0.993027 -0.116267 -28.666390 -0.995602 0.029896 0.088780 162.402174
0.092896 0.111232 0.989443 339.276942 0.019348 0.993351 -0.113488 -28.771890 -0.995488 0.029686 0.090126 162.488745
0.094039 0.111673 0.989286 340.205100 0.020845 0.993250 -0.114102 -28.873480 -0.995350 0.031351 0.091076 162.573388
0.094934 0.112765 0.989076 341.131026 0.022060 0.993081 -0.115339 -28.972120 -0.995239 0.032768 0.091790 162.660061
0.095588 0.112898 0.988998 342.060807 0.021786 0.993072 -0.115469 -29.071080 -0.995182 0.032584 0.092466 162.746226
0.095566 0.110710 0.989247 342.986428 0.018953 0.993413 -0.113007 -29.173120 -0.995243 0.029549 0.092838 162.837159
0.095557 0.108742 0.989466 343.909919 0.016086 0.993717 -0.110763 -29.275160 -0.995294 0.026501 0.093208 162.923426
0.095780 0.110165 0.989287 344.831077 0.014461 0.993598 -0.112045 -29.375090 -0.995297 0.025037 0.093574 163.007765
0.095841 0.111774 0.989101 345.746351 0.014249 0.993419 -0.113642 -29.476930 -0.995295 0.024985 0.093617 163.089974
0.096091 0.111988 0.989053 346.663349 0.013865 0.993404 -0.113828 -29.577820 -0.995276 0.024651 0.093905 163.174414
0.096044 0.112703 0.988976 347.580347 0.012374 0.993357 -0.114404 -29.680200 -0.995300 0.023226 0.094011 163.252667
0.096185 0.113105 0.988916 348.497853 0.012839 0.993299 -0.114855 -29.780180 -0.995281 0.023744 0.094088 163.331325
0.096515 0.112823 0.988916 349.414040 0.012382 0.993342 -0.114537 -29.877560 -0.995255 0.023300 0.094475 163.410186
0.096761 0.111727 0.989017 350.331139 0.013493 0.993441 -0.113546 -29.977690 -0.995216 0.024332 0.094619 163.489453
0.097047 0.111995 0.988958 351.240022 0.012355 0.993437 -0.113715 -30.077090 -0.995203 0.023254 0.095027 163.572981
0.097094 0.115449 0.988556 352.146165 0.012280 0.993035 -0.117178 -30.177530 -0.995200 0.023516 0.095000 163.654581
0.098338 0.115903 0.988380 353.052308 0.015700 0.992890 -0.117994 -30.275740 -0.995029 0.027121 0.095819 163.739428
0.099586 0.112752 0.988620 353.961900 0.018343 0.993182 -0.115120 -30.375480 -0.994860 0.029598 0.096839 163.823564
0.101541 0.110541 0.988671 354.874333 0.020648 0.993359 -0.113186 -30.474130 -0.994617 0.031907 0.098584 163.907092
0.104567 0.113631 0.988005 355.779056 0.024767 0.992846 -0.116809 -30.569530 -0.994209 0.036685 0.101004 163.988896
0.107622 0.116696 0.987319 356.684387 0.028886 0.992301 -0.120433 -30.665010 -0.993772 0.041481 0.103423 164.070801
0.110700 0.119868 0.986599 357.589719 0.033066 0.991706 -0.124199 -30.760350 -0.993304 0.046372 0.105819 164.152604
0.113934 0.118299 0.986420 358.498702 0.034972 0.991792 -0.122982 -30.860500 -0.992873 0.048509 0.108862 164.239582
0.117272 0.118963 0.985949 359.406266 0.036318 0.991621 -0.123967 -30.960970 -0.992436 0.050345 0.111969 164.326255
0.120475 0.119829 0.985457 360.316162 0.036789 0.991467 -0.125057 -31.055690 -0.992034 0.051320 0.115039 164.410798
0.123934 0.121033 0.984881 361.224943 0.036888 0.991285 -0.126462 -31.149820 -0.991605 0.052003 0.118390 164.503457
0.127762 0.116083 0.984988 362.138187 0.036133 0.991923 -0.121587 -31.244240 -0.991147 0.051124 0.122536 164.600783
0.131873 0.112538 0.984858 363.048590 0.033526 0.992460 -0.117896 -31.342680 -0.990700 0.048565 0.127106 164.708863
0.136595 0.111537 0.984328 363.962646 0.031753 0.992638 -0.116885 -31.432320 -0.990118 0.047221 0.132048 164.812175
0.141344 0.110550 0.983769 364.877919 0.029977 0.992811 -0.115873 -31.522030 -0.989507 0.045868 0.137014 164.915689
0.146697 0.109517 0.983100 365.798772 0.028158 0.992987 -0.114820 -31.609850 -0.988781 0.044526 0.142585 165.021335
0.152901 0.109595 0.982146 366.713841 0.026817 0.993005 -0.114982 -31.699580 -0.987878 0.043919 0.148892 165.138241
0.159965 0.110639 0.980903 367.626273 0.024788 0.992935 -0.116039 -31.791760 -0.986811 0.042877 0.156093 165.266915
0.168530 0.111679 0.979349 368.535763 0.022526 0.992865 -0.117097 -31.884560 -0.985439 0.041795 0.164812 165.407459
0.177076 0.112747 0.977718 369.445252 0.020265 0.992788 -0.118155 -31.977360 -0.983989 0.040736 0.173514 165.548003
0.186425 0.113178 0.975928 370.352306 0.018500 0.992762 -0.118664 -32.072640 -0.982295 0.040177 0.182982 165.699910
0.195621 0.113034 0.974144 371.257129 0.016788 0.992804 -0.118571 -32.168640 -0.980536 0.039548 0.192315 165.864092
0.204851 0.113150 0.972231 372.156472 0.014880 0.992821 -0.118681 -32.265540 -0.978680 0.038779 0.201697 166.041259
0.213539 0.112808 0.970399 373.055105 0.012732 0.992905 -0.118225 -32.365480 -0.976851 0.037601 0.210588 166.235470
0.221737 0.112531 0.968591 373.941260 0.011251 0.992957 -0.117938 -32.466960 -0.975042 0.037048 0.218909 166.436580
0.228552 0.112258 0.967038 374.830153 0.009226 0.993035 -0.117456 -32.563850 -0.973488 0.035767 0.225925 166.650878
0.234361 0.112499 0.965618 375.714684 0.007947 0.993027 -0.117621 -32.658240 -0.972117 0.035240 0.231833 166.869234
0.239417 0.113244 0.964290 376.598707 0.006457 0.992967 -0.118215 -32.752530 -0.970895 0.034529 0.237002 167.092663
0.243993 0.112858 0.963187 377.484557 0.005688 0.993022 -0.117795 -32.848710 -0.969760 0.034220 0.241649 167.315889
0.248559 0.113018 0.962001 378.368377 0.004562 0.993022 -0.117842 -32.949650 -0.968606 0.033679 0.246309 167.542260
0.252970 0.112693 0.960888 379.258589 0.004462 0.993046 -0.117639 -33.049040 -0.967464 0.034047 0.250708 167.768834
0.257450 0.113013 0.959660 380.149206 0.004281 0.992994 -0.118087 -33.147330 -0.966282 0.034510 0.255162 168.001292
0.261651 0.112760 0.958553 381.041954 0.003889 0.993021 -0.117876 -33.247110 -0.965155 0.034571 0.259387 168.240345
0.266183 0.111187 0.957488 381.932064 0.003667 0.993201 -0.116353 -33.348440 -0.963916 0.034482 0.263965 168.484064
0.270584 0.109716 0.956424 382.824405 0.002308 0.993408 -0.114612 -33.451860 -0.962693 0.033219 0.268547 168.735392
0.275236 0.107242 0.955376 383.710152 0.002690 0.993669 -0.112315 -33.552040 -0.961373 0.033484 0.273205 168.990575
0.279790 0.105183 0.954282 384.588392 0.002531 0.993896 -0.110292 -33.651470 -0.960058 0.033274 0.277816 169.256715
0.284076 0.104504 0.953090 385.453544 0.001743 0.993984 -0.109508 -33.750680 -0.958800 0.032770 0.282185 169.524985
0.288369 0.103939 0.951861 386.319306 0.000918 0.994060 -0.108825 -33.850060 -0.957519 0.032256 0.286561 169.793559
0.292953 0.107431 0.950072 387.175733 -0.001216 0.993708 -0.111990 -33.949470 -0.956126 0.031653 0.291241 170.061728
0.297275 0.110713 0.948351 388.021508 -0.003855 0.993385 -0.114762 -34.051660 -0.954784 0.030460 0.295735 170.342374
0.301334 0.110938 0.947043 388.872356 -0.005334 0.993389 -0.114670 -34.150420 -0.953504 0.029502 0.299934 170.619774
0.304501 0.106869 0.946498 389.722595 -0.007518 0.993925 -0.109805 -34.248550 -0.952482 0.026319 0.303455 170.901436
0.306700 0.104267 0.946078 390.563602 -0.010926 0.994302 -0.106040 -34.348930 -0.951744 0.022186 0.306092 171.187053
0.308023 0.105855 0.945472 391.398217 -0.015522 0.994218 -0.106256 -34.449090 -0.951252 0.018053 0.307885 171.474193
0.308789 0.110955 0.944637 392.223093 -0.017709 0.993671 -0.110926 -34.544040 -0.950966 0.017524 0.308799 171.757578
0.309537 0.116098 0.943773 393.048477 -0.019898 0.993092 -0.115639 -34.639000 -0.950679 0.017015 0.309709 172.041065
0.309930 0.116412 0.943605 393.871831 -0.021753 0.993084 -0.115371 -34.737780 -0.950510 0.015231 0.310319 172.329016
0.309990 0.112350 0.944078 394.688794 -0.024637 0.993609 -0.110155 -34.836510 -0.950421 0.010888 0.310777 172.614633
0.310078 0.108262 0.944527 395.507178 -0.027542 0.994101 -0.104902 -34.935370 -0.950312 0.006514 0.311230 172.900656
0.310044 0.106496 0.944739 396.310952 -0.028759 0.994302 -0.102645 -35.031210 -0.950287 0.004655 0.311341 173.179882
0.309715 0.106180 0.944882 397.112089 -0.028168 0.994334 -0.102504 -35.121430 -0.950412 0.005131 0.310951 173.456673
0.309196 0.107273 0.944929 397.910284 -0.027896 0.994213 -0.103741 -35.210560 -0.950589 0.005717 0.310399 173.730319
0.308780 0.108219 0.944957 398.709189 -0.028077 0.994110 -0.104674 -35.298190 -0.950719 0.005789 0.309999 174.000212
0.308694 0.103843 0.945476 399.521791 -0.021768 0.994533 -0.102123 -35.378080 -0.950912 0.010944 0.309267 174.262902
0.308788 0.102651 0.945575 400.333276 -0.020646 0.994648 -0.101236 -35.459460 -0.950907 0.011738 0.309255 174.523867
0.308055 0.104496 0.945612 401.133398 -0.021252 0.994457 -0.102971 -35.543020 -0.951131 0.011625 0.308568 174.792238
0.307997 0.109706 0.945041 401.930579 -0.019309 0.993846 -0.109078 -35.622990 -0.951191 0.015348 0.308219 175.050870
0.308196 0.114651 0.944389 402.730905 -0.017095 0.993218 -0.115000 -35.709920 -0.951169 0.019298 0.308066 175.312038
0.307120 0.112350 0.945016 403.543810 -0.019394 0.993540 -0.111815 -35.799940 -0.951473 0.016013 0.307315 175.583250
0.306989 0.109016 0.945449 404.361280 -0.018896 0.993920 -0.108469 -35.891060 -0.951526 0.015433 0.307182 175.855071
0.306659 0.109377 0.945514 405.180780 -0.019624 0.993891 -0.108609 -35.987380 -0.951617 0.014751 0.306932 176.130037
0.306599 0.110790 0.945369 406.003931 -0.019740 0.993729 -0.110056 -36.081620 -0.951634 0.015082 0.306863 176.405409
0.307032 0.113879 0.944861 406.852648 -0.017664 0.993326 -0.113980 -36.172910 -0.951535 0.018306 0.306994 176.681390
0.307175 0.114893 0.944692 407.679452 -0.017077 0.993191 -0.115239 -36.261430 -0.951500 0.019266 0.307046 176.950675
0.307244 0.113232 0.944870 408.560936 -0.017041 0.993391 -0.113505 -36.359920 -0.951478 0.018772 0.307143 177.242890
0.307634 0.110263 0.945094 409.386827 -0.016128 0.993724 -0.110687 -36.456500 -0.951368 0.018809 0.307481 177.517856
0.308123 0.109915 0.944976 410.245688 -0.013447 0.993707 -0.111199 -36.559870 -0.951252 0.021555 0.307662 177.803172
0.309051 0.109993 0.944663 411.110130 -0.008982 0.993583 -0.112750 -36.658180 -0.951003 0.026361 0.308056 178.085444
0.309997 0.109825 0.944373 411.983295 -0.004999 0.993480 -0.113895 -36.761270 -0.950724 0.030586 0.308525 178.371672
0.311226 0.107120 0.944279 412.848447 -0.002457 0.993714 -0.111919 -36.860620 -0.950333 0.032512 0.309533 178.655872
0.313037 0.106451 0.943756 413.719076 0.003685 0.993555 -0.113291 -36.960600 -0.949734 0.038942 0.310627 178.937536
0.314575 0.104633 0.943448 414.586358 0.007761 0.993589 -0.112782 -37.057160 -0.949201 0.042801 0.311747 179.226605
0.314756 0.102019 0.943674 415.455161 0.005658 0.993988 -0.109345 -37.148670 -0.949156 0.039756 0.312287 179.523690
0.314792 0.095852 0.944308 416.326703 0.002725 0.994792 -0.101885 -37.237270 -0.949157 0.034646 0.312891 179.827064
0.315727 0.093755 0.944207 417.195811 0.003743 0.994976 -0.100048 -37.323400 -0.948843 0.035122 0.313790 180.117249
0.316208 0.093452 0.944076 418.064006 0.003874 0.995001 -0.099791 -37.406750 -0.948682 0.035212 0.314265 180.405102
0.316601 0.096922 0.943594 418.927128 0.004489 0.994602 -0.103668 -37.491690 -0.948548 0.037057 0.314457 180.684940
0.317579 0.098404 0.943112 419.796337 0.005871 0.994378 -0.105730 -37.572700 -0.948214 0.039115 0.315215 180.959502
0.318483 0.096796 0.942973 420.666054 0.007815 0.994471 -0.104722 -37.661880 -0.947896 0.040721 0.315966 181.237311
0.319169 0.093448 0.943079 421.522176 0.009578 0.994758 -0.101810 -37.749120 -0.947650 0.041527 0.316601 181.512381
0.319273 0.092317 0.943156 422.375356 0.009134 0.994898 -0.100473 -37.832620 -0.947619 0.040693 0.316801 181.787349
0.318915 0.092992 0.943210 423.211899 0.007689 0.994888 -0.100687 -37.916640 -0.947752 0.039363 0.316570 182.063230
0.318600 0.093399 0.943276 424.043064 0.007158 0.994868 -0.100925 -38.000970 -0.947862 0.038907 0.316297 182.339009
0.318170 0.090851 0.943670 424.864694 0.008750 0.995074 -0.098749 -38.082220 -0.947993 0.039676 0.315808 182.607281
0.317294 0.088154 0.944221 425.688657 0.009535 0.995323 -0.096130 -38.158270 -0.948279 0.039505 0.314969 182.870278
0.316263 0.086410 0.944728 426.491721 0.009263 0.995514 -0.094157 -38.233070 -0.948626 0.038530 0.314044 183.127390
0.315155 0.086089 0.945127 427.287785 0.010346 0.995506 -0.094128 -38.305960 -0.948984 0.039443 0.312848 183.379734
0.314118 0.087730 0.945322 428.072995 0.012267 0.995263 -0.096441 -38.374840 -0.949305 0.041890 0.311554 183.624468
0.312752 0.092384 0.945331 428.848160 0.011662 0.994810 -0.101078 -38.444270 -0.949763 0.042637 0.310052 183.868696
0.311386 0.097330 0.945286 429.609225 0.010365 0.994334 -0.105795 -38.522230 -0.950227 0.042741 0.308613 184.114647
0.309993 0.102384 0.945210 430.371506 0.009030 0.993823 -0.110611 -38.600180 -0.950696 0.042824 0.307153 184.360904
0.309103 0.103059 0.945428 431.127802 0.009262 0.993738 -0.111353 -38.681800 -0.950983 0.043176 0.306213 184.602797
0.307550 0.098986 0.946369 431.881867 0.008423 0.994252 -0.106732 -38.765380 -0.951495 0.040797 0.304949 184.844792
0.306427 0.094197 0.947222 432.634003 0.008217 0.994793 -0.101586 -38.845760 -0.951859 0.038912 0.304057 185.084048
0.305802 0.092775 0.947564 433.380662 0.010000 0.994873 -0.100634 -38.918600 -0.952043 0.040250 0.303306 185.314681
0.305276 0.093257 0.947686 434.116567 0.011779 0.994747 -0.101682 -38.989300 -0.952191 0.042204 0.302574 185.541458
0.305092 0.095459 0.947526 434.849327 0.011860 0.994505 -0.104011 -39.060820 -0.952249 0.042970 0.302284 185.770975
0.304957 0.096581 0.947456 435.585739 0.011994 0.994376 -0.105225 -39.132240 -0.952291 0.043453 0.302083 186.000593
0.305046 0.096572 0.947429 436.319108 0.013810 0.994292 -0.105795 -39.201760 -0.952238 0.045356 0.301971 186.229805
0.305275 0.097485 0.947261 437.047201 0.014980 0.994131 -0.107136 -39.266610 -0.952147 0.046896 0.302023 186.459220
0.305158 0.097623 0.947285 437.794772 0.015418 0.994095 -0.107414 -39.329090 -0.952177 0.047384 0.301851 186.695027
0.305327 0.100274 0.946953 438.514749 0.014516 0.993834 -0.109919 -39.385520 -0.952137 0.047307 0.301989 186.925355
0.305447 0.099946 0.946949 439.250958 0.015395 0.993828 -0.109859 -39.445660 -0.952085 0.048134 0.302023 187.162176
0.305858 0.098616 0.946956 439.993457 0.015215 0.993988 -0.108428 -39.515410 -0.951956 0.047571 0.302518 187.396157
0.306841 0.096875 0.946818 440.738188 0.016264 0.994127 -0.106986 -39.586070 -0.951622 0.048227 0.303463 187.630341
0.308276 0.094965 0.946545 441.482209 0.016414 0.994326 -0.105104 -39.655600 -0.951156 0.047937 0.304968 187.864423
0.309889 0.092971 0.946216 442.209794 0.016983 0.994507 -0.103278 -39.726780 -0.950621 0.048074 0.306608 188.096984
0.311510 0.091660 0.945812 442.918815 0.016867 0.994647 -0.101948 -39.801890 -0.950093 0.047710 0.308296 188.328225
0.313371 0.092539 0.945111 443.630676 0.015238 0.994622 -0.102439 -39.879980 -0.949509 0.046503 0.310276 188.565249
0.315204 0.093892 0.944368 444.332696 0.013727 0.994539 -0.103462 -39.961840 -0.948925 0.045575 0.312194 188.805214
0.317240 0.094675 0.943608 445.013209 0.013316 0.994461 -0.104254 -40.036980 -0.948252 0.045638 0.314222 189.035745
0.319037 0.094543 0.943015 445.683272 0.012072 0.994526 -0.103791 -40.115210 -0.947665 0.044498 0.316150 189.266884
0.320223 0.093483 0.942718 446.351002 0.010740 0.994697 -0.102285 -40.193350 -0.947281 0.042879 0.317521 189.495790
0.321263 0.092106 0.942500 447.013356 0.009453 0.994897 -0.100448 -40.266880 -0.946943 0.041180 0.318753 189.722668
0.322372 0.092085 0.942124 447.651362 0.009157 0.994907 -0.100377 -40.333010 -0.946569 0.040986 0.319887 189.937473
0.323484 0.092063 0.941744 448.291701 0.008866 0.994917 -0.100307 -40.399400 -0.946192 0.040797 0.321024 190.153089
0.324577 0.091907 0.941383 448.935590 0.009260 0.994911 -0.100326 -40.469100 -0.945814 0.041280 0.322074 190.371648
0.325829 0.091438 0.940997 449.531495 0.009864 0.994929 -0.100094 -40.531700 -0.945377 0.041895 0.323275 190.573770
0.327123 0.090748 0.940614 450.138254 0.011277 0.994932 -0.099910 -40.589930 -0.944914 0.043290 0.324442 190.780255
0.328286 0.091076 0.940177 450.748665 0.010972 0.994906 -0.100208 -40.651050 -0.944515 0.043213 0.325614 190.988566
0.329329 0.091567 0.939765 451.316367 0.010062 0.994890 -0.100464 -40.712690 -0.944161 0.042541 0.326725 191.185108
0.330375 0.091812 0.939373 451.903039 0.009320 0.994892 -0.100516 -40.776810 -0.943804 0.041963 0.327832 191.389260
0.331369 0.091913 0.939014 452.444160 0.009118 0.994885 -0.100599 -40.836150 -0.943457 0.041897 0.328836 191.577685
0.332289 0.091996 0.938680 452.995123 0.008942 0.994880 -0.100669 -40.893610 -0.943135 0.041845 0.329765 191.768850
0.332948 0.091558 0.938489 453.533302 0.007738 0.994976 -0.099814 -40.947220 -0.942913 0.040495 0.330567 191.957174
0.333504 0.090664 0.938379 454.062250 0.006514 0.995120 -0.098461 -41.002850 -0.942726 0.038950 0.331286 192.143367
0.334220 0.089785 0.938209 454.582676 0.005910 0.995233 -0.097348 -41.056800 -0.942477 0.038080 0.332096 192.325603
0.334954 0.089349 0.937988 455.089710 0.006882 0.995235 -0.097260 -41.110970 -0.942209 0.039033 0.332743 192.503782
0.335635 0.090447 0.937640 455.588527 0.007376 0.995097 -0.098630 -41.165070 -0.941963 0.040019 0.333322 192.679119
0.336080 0.093530 0.937178 456.064214 0.006061 0.994822 -0.101456 -41.222410 -0.941814 0.039778 0.333773 192.850296
0.336630 0.096480 0.936681 456.534828 0.004601 0.994557 -0.104095 -41.278400 -0.941626 0.039351 0.334353 193.020662
0.337583 0.098408 0.936137 457.000167 0.004366 0.994346 -0.106101 -41.333990 -0.941286 0.039905 0.335245 193.188795
0.338413 0.098967 0.935779 457.449071 0.006089 0.994203 -0.107348 -41.384820 -0.940978 0.042026 0.335848 193.345972
0.339000 0.098781 0.935586 457.891889 0.007172 0.994172 -0.107566 -41.431160 -0.940759 0.043174 0.336316 193.499801
0.338319 0.097305 0.935987 458.321619 0.006980 0.994353 -0.105896 -41.477780 -0.941006 0.042360 0.335729 193.651904
0.337116 0.096163 0.936539 458.740494 0.005380 0.994557 -0.104057 -41.523200 -0.941448 0.040118 0.334764 193.801877
0.335811 0.095380 0.937088 459.153283 0.005171 0.994658 -0.103093 -41.570270 -0.941915 0.039466 0.333524 193.945966
0.334553 0.094791 0.937597 459.537970 0.005306 0.994723 -0.102460 -41.616120 -0.942362 0.039253 0.332284 194.079300
0.333411 0.094354 0.938048 459.915758 0.005763 0.994757 -0.102106 -41.662740 -0.942764 0.039450 0.331119 194.212329
0.332468 0.094032 0.938415 460.283503 0.005425 0.994810 -0.101605 -41.703890 -0.943099 0.038871 0.330232 194.340692
0.331514 0.093183 0.938837 460.634408 0.005914 0.994886 -0.100834 -41.747070 -0.943432 0.038980 0.329267 194.464794
0.330559 0.092334 0.939258 460.985413 0.006401 0.994961 -0.100063 -41.790230 -0.943764 0.039088 0.328302 194.588996
0.329567 0.091558 0.939682 461.319274 0.007027 0.995021 -0.099415 -41.834600 -0.944106 0.039367 0.327283 194.707213
0.328443 0.091341 0.940097 461.639744 0.006354 0.995077 -0.098903 -41.878960 -0.944502 0.038457 0.326246 194.826546
0.327378 0.091529 0.940450 461.950779 0.004758 0.995125 -0.098507 -41.915100 -0.944882 0.036723 0.325347 194.941313
0.326362 0.091686 0.940788 462.254611 0.003667 0.995154 -0.098257 -41.949520 -0.945238 0.035518 0.324444 195.047558
0.325198 0.091682 0.941191 462.551443 0.004178 0.995140 -0.098381 -41.976170 -0.945637 0.035925 0.323235 195.146396
0.324273 0.092275 0.941452 462.835898 0.005260 0.995040 -0.099339 -42.007040 -0.945949 0.037165 0.322180 195.244525
0.323716 0.093468 0.941526 463.119035 0.005989 0.994886 -0.100825 -42.033550 -0.946135 0.038277 0.321501 195.338697
0.323389 0.093896 0.941596 463.397910 0.006140 0.994835 -0.101314 -42.060070 -0.946246 0.038545 0.321142 195.436825
0.323583 0.093473 0.941572 463.671511 0.005498 0.994906 -0.100657 -42.089840 -0.946184 0.037747 0.321421 195.536374
0.323873 0.093086 0.941510 463.944806 0.004812 0.994973 -0.100027 -42.119600 -0.946088 0.036926 0.321797 195.635516
0.324834 0.092950 0.941192 464.214247 0.003825 0.995022 -0.099586 -42.148740 -0.945763 0.035949 0.322862 195.732224
0.326031 0.092993 0.940774 464.480949 0.002494 0.995062 -0.099224 -42.178330 -0.945356 0.034696 0.324189 195.827917
0.327828 0.093317 0.940118 464.746839 0.001084 0.995072 -0.099150 -42.201070 -0.944737 0.033523 0.326111 195.925031
0.330644 0.093442 0.939118 465.013439 0.000716 0.995061 -0.099261 -42.222980 -0.943755 0.033492 0.328944 196.021840
0.334960 0.093458 0.937586 465.278416 0.000910 0.995036 -0.099510 -42.245870 -0.942232 0.034185 0.333212 196.123316
0.340733 0.093211 0.935528 465.544914 0.001051 0.995035 -0.099522 -42.273150 -0.940160 0.034894 0.338943 196.228850
0.348187 0.093942 0.932706 465.808774 -0.000043 0.994968 -0.100197 -42.302070 -0.937425 0.034847 0.346439 196.341587
0.357668 0.094850 0.929019 466.084403 -0.002034 0.994905 -0.100794 -42.329820 -0.933847 0.034161 0.356038 196.461730
0.368031 0.095784 0.924867 466.357596 -0.003341 0.994810 -0.101698 -42.357960 -0.929808 0.034338 0.366440 196.583192
0.379808 0.095875 0.920084 466.633732 -0.003472 0.994755 -0.102223 -42.388220 -0.925059 0.035631 0.378149 196.708611
0.394022 0.096099 0.914063 466.917273 -0.005525 0.994748 -0.102200 -42.416410 -0.919084 0.035219 0.392484 196.845189
0.409868 0.097686 0.906899 467.203654 -0.008865 0.994628 -0.103129 -42.445190 -0.912102 0.034230 0.408533 196.994956
0.427176 0.099414 0.898687 467.492470 -0.012822 0.994503 -0.103919 -42.469970 -0.904078 0.032869 0.426102 197.151114
0.445741 0.100979 0.889448 467.770532 -0.014309 0.994294 -0.105712 -42.494640 -0.895047 0.034393 0.444643 197.305446
0.464490 0.103296 0.879533 468.054377 -0.016347 0.994005 -0.108107 -42.521560 -0.885428 0.035837 0.463394 197.467691
0.483739 0.104287 0.868977 468.334265 -0.017861 0.993845 -0.109330 -42.552140 -0.875030 0.037367 0.482624 197.635618
0.502765 0.107039 0.857770 468.594573 -0.023956 0.993648 -0.109953 -42.580290 -0.864091 0.034731 0.502136 197.807804
0.516703 0.111339 0.848894 468.854069 -0.028777 0.993206 -0.112750 -42.600700 -0.855681 0.033829 0.516397 197.983238
0.520958 0.116495 0.845595 469.108695 -0.036050 0.992762 -0.114560 -42.620200 -0.852821 0.029197 0.521387 198.155120
0.520035 0.118234 0.845922 469.358453 -0.038519 0.992612 -0.115057 -42.641800 -0.853276 0.027250 0.520747 198.315944
0.515465 0.119365 0.848556 469.605776 -0.039581 0.992510 -0.115571 -42.661930 -0.855996 0.025986 0.516329 198.463072
0.506135 0.119734 0.854102 469.844983 -0.038989 0.992480 -0.116029 -42.683350 -0.861572 0.025426 0.506997 198.595997
0.493157 0.119143 0.861743 470.088553 -0.035621 0.992512 -0.116837 -42.694520 -0.869211 0.026923 0.493708 198.718676
0.479076 0.118128 0.869788 470.302298 -0.031104 0.992565 -0.117671 -42.700110 -0.877222 0.029319 0.479188 198.817411
0.461144 0.116745 0.879612 470.572549 -0.025746 0.992650 -0.118251 -42.719460 -0.886952 0.031884 0.460760 198.932482
0.441320 0.116253 0.889788 470.824642 -0.022602 0.992698 -0.118488 -42.737060 -0.897065 0.032180 0.440725 199.035176
0.420692 0.116455 0.899698 471.081502 -0.020792 0.992704 -0.118771 -42.750470 -0.906965 0.031260 0.420044 199.133608
0.399892 0.116489 0.909129 471.334407 -0.019720 0.992754 -0.118530 -42.763450 -0.916350 0.029471 0.399292 199.225447
0.379927 0.115662 0.917757 471.605064 -0.017551 0.992875 -0.117863 -42.784460 -0.924850 0.028672 0.379250 199.320430
0.361743 0.114525 0.925216 471.877954 -0.012691 0.992939 -0.117946 -42.811900 -0.932191 0.030925 0.360642 199.414907
0.345569 0.113132 0.931549 472.144859 -0.006932 0.992987 -0.118022 -42.838620 -0.938368 0.034327 0.343930 199.499949
0.330554 0.112350 0.937076 472.421401 -0.003203 0.993017 -0.117927 -42.873170 -0.943782 0.035980 0.328605 199.583976
0.316737 0.112431 0.941826 472.698857 -0.003066 0.993066 -0.117516 -42.903910 -0.948508 0.034334 0.314885 199.667598
0.306973 0.110562 0.945274 472.964646 -0.001744 0.993293 -0.115612 -42.934320 -0.951716 0.033841 0.305107 199.739349
0.297703 0.107426 0.948595 473.232058 0.000090 0.993645 -0.112556 -42.971070 -0.954658 0.033594 0.295802 199.810797
0.291465 0.106319 0.950654 473.475325 0.001581 0.993749 -0.111624 -43.003290 -0.956580 0.034038 0.289475 199.877171
0.289499 0.106408 0.951245 473.717375 0.002845 0.993702 -0.112023 -43.033190 -0.957174 0.035137 0.287372 199.944560
0.292306 0.106844 0.950337 473.959627 0.002919 0.993635 -0.112610 -43.054710 -0.956320 0.035691 0.290134 200.015195
0.298950 0.105860 0.948379 474.181083 0.004104 0.993676 -0.112210 -43.076180 -0.954260 0.037437 0.296625 200.082887
0.308827 0.104276 0.945385 474.391988 0.005629 0.993754 -0.111450 -43.098560 -0.951102 0.039740 0.306311 200.150681
0.321037 0.103514 0.941392 474.599950 0.003646 0.993866 -0.110527 -43.123850 -0.947060 0.038915 0.318691 200.225272
0.334314 0.105640 0.936522 474.784579 -0.002450 0.993792 -0.111226 -43.151320 -0.942458 0.034890 0.332498 200.304123
0.347359 0.107932 0.931500 474.949222 -0.007736 0.993650 -0.112249 -43.183290 -0.937700 0.031785 0.345988 200.375263
0.361194 0.107887 0.926228 475.114170 -0.011591 0.993727 -0.111229 -43.203450 -0.932419 0.029439 0.360179 200.451577
0.375786 0.105880 0.920638 475.278001 -0.013727 0.993978 -0.108711 -43.223710 -0.926605 0.028214 0.374977 200.523630
0.391074 0.104465 0.914412 475.417283 -0.008489 0.993905 -0.109916 -43.241390 -0.920320 0.035223 0.389577 200.572653
0.406071 0.102789 0.908042 475.554332 -0.003286 0.993812 -0.111028 -43.259100 -0.913836 0.042102 0.403896 200.620560
0.422247 0.105512 0.900319 475.676874 0.000638 0.993168 -0.116692 -43.273290 -0.906481 0.049847 0.419295 200.670801
0.437477 0.107925 0.892729 475.786633 -0.002493 0.992913 -0.118814 -43.284740 -0.899226 0.049753 0.434646 200.735954
0.450598 0.109646 0.885968 475.890508 -0.011403 0.993055 -0.117099 -43.291850 -0.892654 0.042661 0.448719 200.802527
0.464250 0.109771 0.878875 476.001282 -0.017997 0.993254 -0.114551 -43.295790 -0.885521 0.037364 0.463094 200.869709
0.476599 0.109103 0.872324 476.097751 -0.020747 0.993389 -0.112910 -43.298330 -0.878876 0.035714 0.475711 200.921368
0.488447 0.108032 0.865880 476.186612 -0.021291 0.993487 -0.111943 -43.306840 -0.872334 0.036242 0.487566 200.969274
0.500343 0.107461 0.859133 476.274154 -0.022257 0.993536 -0.111311 -43.313150 -0.865541 0.036572 0.499501 201.022455
0.511424 0.107176 0.852618 476.358247 -0.023134 0.993549 -0.111015 -43.316320 -0.859017 0.037051 0.510605 201.069347
0.521863 0.105831 0.846439 476.437571 -0.023134 0.993665 -0.109976 -43.313510 -0.852715 0.037811 0.521005 201.113296
0.531214 0.103698 0.840867 476.513244 -0.022778 0.993871 -0.108177 -43.322290 -0.846931 0.038312 0.530320 201.151766
0.538455 0.104196 0.836187 476.577148 -0.025380 0.993881 -0.107503 -43.335600 -0.842272 0.036663 0.537805 201.193077
0.545483 0.108381 0.831085 476.624212 -0.032489 0.993593 -0.108250 -43.344180 -0.837492 0.032048 0.545509 201.240069
0.553927 0.115275 0.824546 476.664478 -0.042485 0.992992 -0.110282 -43.349350 -0.831481 0.026057 0.554942 201.291727
0.559429 0.119975 0.820150 476.701599 -0.048933 0.992524 -0.111813 -43.351960 -0.827433 0.022419 0.561117 201.334660
0.564263 0.119006 0.816973 476.744504 -0.048974 0.992639 -0.110770 -43.357450 -0.824142 0.022492 0.565937 201.370898
0.570902 0.113892 0.813080 476.793089 -0.044449 0.993167 -0.107907 -43.360130 -0.819814 0.025464 0.572063 201.398309
0.576097 0.108994 0.810082 476.839240 -0.039975 0.993641 -0.105262 -43.365640 -0.816403 0.028258 0.576790 201.427953
0.579875 0.107313 0.807607 476.876058 -0.039623 0.993829 -0.103608 -43.374790 -0.813741 0.028080 0.580549 201.460234
0.584795 0.109014 0.803823 476.903237 -0.043940 0.993731 -0.102801 -43.386900 -0.809990 0.024797 0.585919 201.494746
0.588909 0.112141 0.800381 476.927678 -0.049381 0.993469 -0.102861 -43.389800 -0.806689 0.021053 0.590601 201.529259
0.591666 0.114851 0.797960 476.953133 -0.053333 0.993208 -0.103408 -43.391870 -0.804417 0.018626 0.593773 201.560018
