0.999836 -0.009080 -0.015638 -0.124827 0.009077 0.999959 -0.000256 -0.076870 0.015639 0.000114 0.999878 6.634546
0.999840 -0.008827 -0.015545 -0.133734 0.008825 0.999961 -0.000222 -0.081412 0.015546 0.000084 0.999879 7.079955
0.999844 -0.008565 -0.015432 -0.142959 0.008563 0.999963 -0.000187 -0.086025 0.015433 0.000054 0.999881 7.539315
0.999849 -0.008293 -0.015298 -0.152501 0.008292 0.999966 -0.000152 -0.090708 0.015299 0.000025 0.999883 8.012669
0.999853 -0.008011 -0.015138 -0.162356 0.008010 0.999968 -0.000117 -0.095457 0.015139 -0.000004 0.999885 8.500047
0.999858 -0.007719 -0.014951 -0.172522 0.007718 0.999970 -0.000083 -0.100270 0.014951 -0.000032 0.999888 9.001469
0.999864 -0.007416 -0.014734 -0.182994 0.007416 0.999972 -0.000050 -0.105144 0.014733 -0.000060 0.999891 9.516942
0.999870 -0.007103 -0.014483 -0.193767 0.007104 0.999975 -0.000017 -0.110077 0.014483 -0.000086 0.999895 10.046463
0.999876 -0.006780 -0.014198 -0.204834 0.006781 0.999977 0.000014 -0.115068 0.014197 -0.000110 0.999899 10.590015
0.999883 -0.006446 -0.013874 -0.216187 0.006448 0.999979 0.000044 -0.120114 0.013874 -0.000134 0.999904 11.147572
0.999890 -0.006103 -0.013510 -0.227815 0.006104 0.999981 0.000073 -0.125214 0.013509 -0.000156 0.999909 11.719097
0.999898 -0.005749 -0.013102 -0.239709 0.005751 0.999983 0.000101 -0.130365 0.013101 -0.000176 0.999914 12.304539
0.999906 -0.005385 -0.012648 -0.251856 0.005387 0.999985 0.000128 -0.135566 0.012647 -0.000196 0.999920 12.903840
0.999914 -0.005011 -0.012143 -0.264240 0.005013 0.999987 0.000153 -0.140816 0.012142 -0.000214 0.999926 13.516929
0.999922 -0.004626 -0.011586 -0.276846 0.004629 0.999989 0.000177 -0.146112 0.011585 -0.000231 0.999933 14.143725
0.999931 -0.004232 -0.010973 -0.289655 0.004235 0.999991 0.000199 -0.151455 0.010972 -0.000246 0.999940 14.784136
0.999940 -0.003828 -0.010301 -0.302647 0.003830 0.999993 0.000220 -0.156842 0.010300 -0.000259 0.999947 15.438060
0.999948 -0.003413 -0.009565 -0.315797 0.003416 0.999994 0.000238 -0.162272 0.009564 -0.000271 0.999954 16.105386
0.999957 -0.002988 -0.008763 -0.329081 0.002990 0.999995 0.000254 -0.167744 0.008762 -0.000280 0.999962 16.785990
0.999966 -0.002553 -0.007890 -0.342469 0.002555 0.999997 0.000267 -0.173258 0.007889 -0.000288 0.999969 17.479742
0.999974 -0.002107 -0.006944 -0.355929 0.002109 0.999998 0.000278 -0.178812 0.006943 -0.000293 0.999976 18.186499
0.999981 -0.001651 -0.005920 -0.369426 0.001653 0.999999 0.000287 -0.184405 0.005919 -0.000296 0.999982 18.906111
0.999988 -0.001185 -0.004814 -0.382918 0.001187 0.999999 0.000292 -0.190038 0.004814 -0.000297 0.999988 19.638416
0.999993 -0.000709 -0.003624 -0.396365 0.000710 1.000000 0.000294 -0.195709 0.003624 -0.000296 0.999993 20.383245
0.999997 -0.000223 -0.002345 -0.409718 0.000224 1.000000 0.000293 -0.201418 0.002345 -0.000293 0.999997 21.140419
0.999999 0.000273 -0.000974 -0.422926 -0.000272 1.000000 0.000288 -0.207165 0.000974 -0.000288 0.999999 21.909748
0.999999 0.000901 0.000621 -0.433792 -0.000902 1.000000 0.000291 -0.211190 -0.000621 -0.000291 1.000000 22.562175
0.999996 0.001551 0.002350 -0.444229 -0.001552 0.999999 0.000289 -0.215153 -0.002350 -0.000293 0.999997 23.217435
0.999989 0.002222 0.004222 -0.454162 -0.002223 0.999997 0.000284 -0.219053 -0.004221 -0.000293 0.999991 23.874971
0.999976 0.002915 0.006244 -0.463514 -0.002916 0.999996 0.000273 -0.222889 -0.006243 -0.000291 0.999980 24.534227
0.999958 0.003628 0.008423 -0.472203 -0.003631 0.999993 0.000257 -0.226661 -0.008422 -0.000288 0.999964 25.194648
0.999933 0.004364 0.010768 -0.480143 -0.004366 0.999990 0.000235 -0.230370 -0.010767 -0.000282 0.999942 25.855682
0.999899 0.005120 0.013286 -0.487241 -0.005123 0.999987 0.000205 -0.234016 -0.013285 -0.000273 0.999912 26.516778
0.999855 0.005897 0.015986 -0.493402 -0.005901 0.999983 0.000168 -0.237603 -0.015984 -0.000262 0.999872 27.177390
0.999799 0.006695 0.018874 -0.498526 -0.006699 0.999978 0.000122 -0.241133 -0.018873 -0.000249 0.999822 27.836971
0.999731 0.007513 0.021960 -0.502507 -0.007516 0.999972 0.000067 -0.244610 -0.021959 -0.000232 0.999759 28.494982
0.999646 0.008350 0.025253 -0.505236 -0.008352 0.999965 0.000002 -0.248038 -0.025252 -0.000213 0.999681 29.150882
0.999544 0.009206 0.028759 -0.506598 -0.009207 0.999958 -0.000074 -0.251423 -0.028759 -0.000190 0.999586 29.804140
0.999421 0.010081 0.032490 -0.506475 -0.010081 0.999949 -0.000163 -0.254769 -0.032490 -0.000165 0.999472 30.454225
0.999275 0.010974 0.036453 -0.504744 -0.010971 0.999940 -0.000264 -0.258083 -0.036454 -0.000136 0.999335 31.100614
0.999102 0.011885 0.040659 -0.501277 -0.011880 0.999929 -0.000380 -0.261372 -0.040660 -0.000104 0.999173 31.742789
0.998900 0.012815 0.045117 -0.495942 -0.012805 0.999918 -0.000510 -0.264642 -0.045120 -0.000068 0.998982 32.380237
0.998662 0.013762 0.049839 -0.488603 -0.013746 0.999905 -0.000656 -0.267902 -0.049843 -0.000030 0.998757 33.012452
0.998387 0.014726 0.054835 -0.479117 -0.014703 0.999892 -0.000819 -0.271160 -0.054841 0.000012 0.998495 33.638936
0.998068 0.015707 0.060117 -0.467338 -0.015675 0.999877 -0.001001 -0.274426 -0.060125 0.000057 0.998191 34.259196
0.997700 0.016705 0.065697 -0.453117 -0.016662 0.999860 -0.001203 -0.277709 -0.065708 0.000105 0.997839 34.872751
0.997277 0.017719 0.071588 -0.436296 -0.017663 0.999843 -0.001425 -0.281020 -0.071602 0.000157 0.997433 35.479125
0.996792 0.018750 0.077803 -0.416718 -0.018677 0.999824 -0.001670 -0.284367 -0.077821 0.000211 0.996967 36.077850
0.996239 0.019798 0.084357 -0.394216 -0.019705 0.999804 -0.001938 -0.287763 -0.084378 0.000269 0.996434 36.668467
0.995608 0.020863 0.091263 -0.368623 -0.020746 0.999782 -0.002231 -0.291217 -0.091289 0.000328 0.995824 37.250523
0.994891 0.021944 0.098537 -0.339766 -0.021799 0.999759 -0.002551 -0.294741 -0.098569 0.000390 0.995130 37.823576
0.994078 0.023043 0.106195 -0.307465 -0.022864 0.999734 -0.002899 -0.298347 -0.106234 0.000454 0.994341 38.387189
0.993161 0.024151 0.114229 -0.271572 -0.023933 0.999708 -0.003276 -0.302087 -0.114275 0.000520 0.993449 38.943229
0.992128 0.025268 0.122649 -0.231903 -0.025005 0.999681 -0.003684 -0.305977 -0.122703 0.000588 0.992443 39.491464
0.990969 0.026393 0.131466 -0.188272 -0.026077 0.999651 -0.004123 -0.310030 -0.131529 0.000658 0.991312 40.031677
0.989671 0.027525 0.140690 -0.140488 -0.027148 0.999621 -0.004596 -0.314263 -0.140763 0.000729 0.990043 40.563666
0.988220 0.028663 0.150332 -0.088359 -0.028216 0.999589 -0.005102 -0.318690 -0.150417 0.000800 0.988622 41.087245
0.986602 0.029806 0.160402 -0.031686 -0.029280 0.999555 -0.005645 -0.323327 -0.160499 0.000873 0.987036 41.602239
0.984800 0.030953 0.170909 0.029729 -0.030336 0.999520 -0.006225 -0.328189 -0.171020 0.000946 0.985267 42.108490
0.982800 0.032103 0.181862 0.096090 -0.031382 0.999484 -0.006843 -0.333291 -0.181987 0.001019 0.983300 42.605852
0.980582 0.033255 0.193268 0.167600 -0.032416 0.999446 -0.007502 -0.338650 -0.193410 0.001092 0.981117 43.094194
0.978129 0.034408 0.205135 0.244468 -0.033436 0.999407 -0.008203 -0.344282 -0.205295 0.001164 0.978699 43.573397
0.975420 0.035560 0.217468 0.326902 -0.034438 0.999367 -0.008946 -0.350202 -0.217648 0.001237 0.976027 44.043359
0.972434 0.036710 0.230271 0.415111 -0.035421 0.999325 -0.009734 -0.356429 -0.230473 0.001309 0.973078 44.503989
0.969150 0.037858 0.243548 0.509307 -0.036379 0.999282 -0.010567 -0.362977 -0.243773 0.001381 0.969831 44.955209
0.965545 0.039001 0.257299 0.609702 -0.037312 0.999238 -0.011447 -0.369864 -0.257549 0.001452 0.966264 45.396955
0.961595 0.040137 0.271523 0.716507 -0.038213 0.999193 -0.012373 -0.377107 -0.271801 0.001522 0.962352 45.829176
0.957276 0.041266 0.286217 0.829935 -0.039080 0.999147 -0.013347 -0.384722 -0.286524 0.001591 0.958072 46.251831
0.952563 0.042384 0.301374 0.950195 -0.039909 0.999100 -0.014369 -0.392727 -0.301712 0.001660 0.953398 46.664896
0.947432 0.043490 0.316987 1.077496 -0.040694 0.999052 -0.015439 -0.401139 -0.317358 0.001727 0.948304 47.068354
0.941857 0.044582 0.333042 1.212043 -0.041432 0.999004 -0.016556 -0.409974 -0.333449 0.001795 0.942766 47.462203
0.935814 0.045657 0.349526 1.354040 -0.042118 0.998955 -0.017722 -0.419251 -0.349970 0.001863 0.936759 47.846454
0.929277 0.046714 0.366418 1.503685 -0.042748 0.998906 -0.018934 -0.428986 -0.366902 0.001932 0.930258 48.221126
0.922223 0.047750 0.383698 1.661171 -0.043317 0.998857 -0.020193 -0.439197 -0.384224 0.002002 0.923238 48.586254
0.914631 0.048764 0.401338 1.826691 -0.043820 0.998808 -0.021495 -0.449902 -0.401908 0.002074 0.915678 48.941885
0.906479 0.049753 0.419309 2.000427 -0.044253 0.998759 -0.022841 -0.461119 -0.419925 0.002149 0.907556 49.288075
0.897750 0.050716 0.437576 2.182560 -0.044611 0.998711 -0.024228 -0.472864 -0.438241 0.002230 0.898855 49.624898
0.888427 0.051650 0.456103 2.373263 -0.044889 0.998663 -0.025653 -0.485155 -0.456818 0.002317 0.889557 49.952436
0.878496 0.052554 0.474851 2.572703 -0.045084 0.998615 -0.027113 -0.498008 -0.475618 0.002411 0.879649 50.270789
0.867945 0.053427 0.493778 2.781041 -0.045193 0.998569 -0.028607 -0.511439 -0.494600 0.002514 0.869117 50.580062
0.856766 0.054268 0.512842 2.998431 -0.045212 0.998523 -0.030128 -0.525465 -0.513720 0.002626 0.857954 50.880364
0.844953 0.055076 0.531997 3.225020 -0.045140 0.998478 -0.031675 -0.540101 -0.532932 0.002750 0.846154 51.171812
0.832507 0.055852 0.551192 3.460948 -0.044974 0.998435 -0.033242 -0.555360 -0.552186 0.002885 0.833716 51.454528
0.819431 0.056594 0.570378 3.706348 -0.044714 0.998393 -0.034824 -0.571256 -0.571432 0.003032 0.820644 51.728640
0.805732 0.057303 0.589502 3.961346 -0.044358 0.998352 -0.036417 -0.587801 -0.590617 0.003193 0.806946 51.994279
0.791424 0.057980 0.608512 4.226060 -0.043907 0.998312 -0.038016 -0.605008 -0.609689 0.003368 0.792634 52.251584
0.776524 0.058625 0.627354 4.500600 -0.043362 0.998274 -0.039614 -0.622887 -0.628594 0.003558 0.777726 52.500696
0.761056 0.059238 0.645976 4.785070 -0.042723 0.998237 -0.041207 -0.641448 -0.647278 0.003763 0.762245 52.741763
0.745046 0.059821 0.664326 5.079562 -0.041993 0.998201 -0.042790 -0.660701 -0.665690 0.003984 0.746217 52.974934
0.728526 0.060374 0.682352 5.384164 -0.041174 0.998167 -0.044357 -0.680654 -0.683779 0.004221 0.729677 53.200363
0.711535 0.060898 0.700007 5.698955 -0.040268 0.998134 -0.045903 -0.701315 -0.701496 0.004474 0.712659 53.418208
0.694112 0.061395 0.717244 6.024003 -0.039279 0.998102 -0.047423 -0.722691 -0.718795 0.004744 0.695206 53.628627
0.676302 0.061864 0.734022 6.359370 -0.038212 0.998072 -0.048912 -0.744786 -0.735633 0.005031 0.677362 53.831783
0.658153 0.062309 0.750301 6.705108 -0.037070 0.998043 -0.050365 -0.767607 -0.751971 0.005334 0.659175 54.027841
0.639716 0.062729 0.766047 7.061260 -0.035859 0.998015 -0.051778 -0.791157 -0.767774 0.005653 0.640696 54.216965
0.621044 0.063126 0.781230 7.427857 -0.034584 0.997988 -0.053148 -0.815440 -0.783012 0.005989 0.621977 54.399322
0.602190 0.063503 0.795823 7.804924 -0.033251 0.997961 -0.054473 -0.840459 -0.797660 0.006341 0.603074 54.575079
0.583210 0.063861 0.809807 8.192473 -0.031864 0.997936 -0.055749 -0.866217 -0.811696 0.006709 0.584042 54.744407
0.564160 0.064201 0.823166 8.590509 -0.030431 0.997912 -0.056974 -0.892714 -0.825105 0.007093 0.564935 54.907474
0.545093 0.064523 0.835889 8.999024 -0.028956 0.997888 -0.058146 -0.919954 -0.837875 0.007491 0.545810 55.064451
0.526064 0.064831 0.847970 9.418001 -0.027446 0.997865 -0.059264 -0.947936 -0.850002 0.007904 0.526720 55.215512
0.507125 0.065124 0.859409 9.847413 -0.025906 0.997842 -0.060328 -0.976662 -0.861483 0.008330 0.507718 55.360827
0.488326 0.065405 0.870207 10.287220 -0.024343 0.997820 -0.061336 -1.006129 -0.872322 0.008769 0.488854 55.500570
0.469716 0.065674 0.880371 10.737374 -0.022762 0.997799 -0.062290 -1.036337 -0.882524 0.009220 0.470177 55.634916
0.451340 0.065933 0.889913 11.197817 -0.021168 0.997777 -0.063188 -1.067285 -0.892101 0.009681 0.451732 55.764039
0.433240 0.066182 0.898845 11.668479 -0.019568 0.997756 -0.064033 -1.098969 -0.901066 0.010153 0.433563 55.888114
0.415455 0.066423 0.907185 12.149281 -0.017966 0.997735 -0.064825 -1.131387 -0.909436 0.010634 0.415708 56.007317
0.398023 0.066656 0.914951 12.640133 -0.016366 0.997714 -0.065566 -1.164534 -0.917230 0.011122 0.398204 56.121824
0.380974 0.066883 0.922163 13.140936 -0.014775 0.997693 -0.066257 -1.198406 -0.924468 0.011617 0.381084 56.231813
0.364340 0.067105 0.928845 13.651580 -0.013196 0.997672 -0.066902 -1.232998 -0.931173 0.012118 0.364377 56.337462
0.348146 0.067323 0.935020 14.171948 -0.011633 0.997651 -0.067501 -1.268302 -0.937368 0.012623 0.348111 56.438948
0.332414 0.067537 0.940712 14.701912 -0.010091 0.997630 -0.068057 -1.304313 -0.943079 0.013130 0.332308 56.536451
0.317166 0.067747 0.945947 15.241334 -0.008572 0.997609 -0.068573 -1.341024 -0.948331 0.013640 0.316988 56.630147
0.302417 0.067954 0.950750 15.790069 -0.007081 0.997588 -0.069050 -1.378425 -0.953149 0.014150 0.302169 56.720215
0.288182 0.068160 0.955147 16.347963 -0.005619 0.997567 -0.069492 -1.416507 -0.957559 0.014659 0.287864 56.806832
0.274472 0.068364 0.959162 16.914853 -0.004191 0.997545 -0.069900 -1.455262 -0.961586 0.015166 0.274085 56.890178
0.261296 0.068567 0.962820 17.490569 -0.002798 0.997523 -0.070279 -1.494680 -0.965255 0.015670 0.260841 56.970431
0.248661 0.068771 0.966146 18.074933 -0.001443 0.997501 -0.070631 -1.534749 -0.968590 0.016169 0.248139 57.047771
0.236569 0.068975 0.969163 18.667760 -0.000130 0.997479 -0.070958 -1.575459 -0.971615 0.016661 0.235982 57.122375
0.225025 0.069180 0.971894 19.268858 0.001141 0.997457 -0.071264 -1.616799 -0.974352 0.017145 0.224373 57.194424
0.214027 0.069388 0.974360 19.878031 0.002366 0.997434 -0.071550 -1.658759 -0.976825 0.017619 0.213313 57.264097
0.203574 0.069597 0.976583 20.495076 0.003545 0.997411 -0.071820 -1.701325 -0.979053 0.018083 0.202800 57.331572
0.193663 0.069809 0.978581 21.119787 0.004675 0.997388 -0.072075 -1.744486 -0.981057 0.018533 0.192831 57.397027
0.184290 0.070023 0.980374 21.751952 0.005756 0.997365 -0.072319 -1.788227 -0.982855 0.018970 0.183401 57.460640
0.175447 0.070241 0.981980 22.391356 0.006786 0.997342 -0.072552 -1.832535 -0.984465 0.019393 0.174504 57.522585
0.167128 0.070462 0.983414 23.037779 0.007764 0.997318 -0.072777 -1.877396 -0.985905 0.019798 0.166133 57.583037
0.159324 0.070686 0.984693 23.691001 0.008689 0.997294 -0.072996 -1.922794 -0.987188 0.020186 0.158278 57.642168
0.152024 0.070913 0.985830 24.350795 0.009561 0.997271 -0.073210 -1.968715 -0.988331 0.020555 0.150931 57.700147
0.145218 0.071144 0.986839 25.016935 0.010378 0.997247 -0.073421 -2.015144 -0.989345 0.020903 0.144080 57.757138
0.138895 0.071377 0.987732 25.689190 0.011141 0.997223 -0.073630 -2.062065 -0.990244 0.021231 0.137714 57.813303
0.133042 0.071614 0.988520 26.367329 0.011850 0.997200 -0.073838 -2.109462 -0.991040 0.021537 0.131821 57.868799
0.127646 0.071853 0.989214 27.051120 0.012505 0.997176 -0.074045 -2.157320 -0.991741 0.021821 0.126388 57.923778
0.122696 0.072095 0.989822 27.740325 0.013106 0.997153 -0.074254 -2.205623 -0.992358 0.022083 0.121402 57.978389
0.118177 0.072340 0.990354 28.434710 0.013654 0.997130 -0.074464 -2.254356 -0.992899 0.022323 0.116850 58.032776
0.114075 0.072587 0.990817 29.134035 0.014151 0.997107 -0.074677 -2.303503 -0.993371 0.022540 0.112718 58.087076
0.110379 0.072835 0.991217 29.838063 0.014596 0.997085 -0.074892 -2.353049 -0.993782 0.022734 0.108994 58.141425
0.107073 0.073085 0.991561 30.546555 0.014991 0.997063 -0.075110 -2.402979 -0.994138 0.022907 0.105663 58.195952
0.104145 0.073336 0.991855 31.259270 0.015337 0.997041 -0.075330 -2.453278 -0.994444 0.023058 0.102712 58.250781
0.101582 0.073587 0.992102 31.975970 0.015635 0.997019 -0.075553 -2.503930 -0.994704 0.023187 0.100129 58.306033
0.099370 0.073838 0.992307 32.696413 0.015886 0.996998 -0.075778 -2.554921 -0.994924 0.023294 0.097899 58.361823
0.097496 0.074089 0.992474 33.420361 0.016092 0.996977 -0.076006 -2.606235 -0.995106 0.023381 0.096009 58.418262
0.095948 0.074340 0.992606 34.147574 0.016252 0.996957 -0.076237 -2.657857 -0.995254 0.023447 0.094448 58.475455
0.094713 0.074591 0.992706 34.877814 0.016369 0.996937 -0.076471 -2.709774 -0.995370 0.023492 0.093202 58.533503
0.093779 0.074842 0.992776 35.610843 0.016444 0.996918 -0.076707 -2.761969 -0.995457 0.023518 0.092259 58.592501
0.093132 0.075092 0.992818 36.346426 0.016477 0.996899 -0.076947 -2.814429 -0.995517 0.023524 0.091606 58.652543
0.092762 0.075342 0.992834 37.084332 0.016469 0.996881 -0.077188 -2.867139 -0.995552 0.023511 0.091232 58.713715
0.092656 0.075591 0.992825 37.824331 0.016423 0.996862 -0.077431 -2.920084 -0.995563 0.023479 0.091124 58.776100
0.092803 0.075838 0.992792 38.566197 0.016338 0.996845 -0.077675 -2.973250 -0.995550 0.023429 0.091271 58.839777
0.093191 0.076083 0.992737 39.309709 0.016217 0.996828 -0.077919 -3.026623 -0.995516 0.023360 0.091661 58.904821
0.093809 0.076326 0.992660 40.054649 0.016060 0.996811 -0.078163 -3.080186 -0.995461 0.023274 0.092284 58.971301
0.094645 0.076567 0.992562 40.800804 0.015869 0.996795 -0.078407 -3.133925 -0.995385 0.023171 0.093127 59.039284
0.095691 0.076805 0.992444 41.547968 0.015644 0.996780 -0.078649 -3.187825 -0.995288 0.023052 0.094181 59.108833
0.096933 0.077041 0.992305 42.295939 0.015389 0.996764 -0.078891 -3.241871 -0.995172 0.022917 0.095434 59.180006
0.098363 0.077274 0.992146 43.044519 0.015103 0.996750 -0.079130 -3.296049 -0.995036 0.022768 0.096876 59.252859
0.099969 0.077505 0.991967 43.793518 0.014789 0.996736 -0.079368 -3.350344 -0.994881 0.022604 0.098497 59.327443
0.101742 0.077733 0.991769 44.542750 0.014449 0.996722 -0.079604 -3.404743 -0.994706 0.022429 0.100286 59.403805
0.103672 0.077959 0.991552 45.292037 0.014083 0.996708 -0.079837 -3.459233 -0.994512 0.022241 0.102233 59.481992
0.105749 0.078182 0.991315 46.041206 0.013695 0.996695 -0.080067 -3.513802 -0.994299 0.022043 0.104329 59.562044
0.107964 0.078401 0.991059 46.790090 0.013285 0.996683 -0.080293 -3.568437 -0.994066 0.021834 0.106564 59.644000
0.110306 0.078617 0.990783 47.538529 0.012855 0.996671 -0.080515 -3.623127 -0.993814 0.021618 0.108929 59.727895
0.112768 0.078829 0.990489 48.286368 0.012407 0.996659 -0.080732 -3.677862 -0.993544 0.021393 0.111413 59.813764
0.115340 0.079038 0.990177 49.033460 0.011943 0.996647 -0.080945 -3.732631 -0.993254 0.021161 0.114010 59.901636
0.118014 0.079242 0.989845 49.779662 0.011464 0.996636 -0.081153 -3.787424 -0.992946 0.020924 0.116709 59.991541
0.120781 0.079443 0.989495 50.524839 0.010972 0.996625 -0.081355 -3.842234 -0.992618 0.020683 0.119502 60.083504
0.123634 0.079640 0.989127 51.268864 0.010470 0.996614 -0.081552 -3.897052 -0.992273 0.020439 0.122382 60.177552
0.126566 0.079833 0.988741 52.011614 0.009958 0.996604 -0.081742 -3.951870 -0.991908 0.020192 0.125341 60.273706
0.129568 0.080020 0.988336 52.752972 0.009440 0.996594 -0.081926 -4.006680 -0.991526 0.019945 0.128371 60.371985
0.132635 0.080202 0.987915 53.492832 0.008917 0.996584 -0.082103 -4.061476 -0.991125 0.019699 0.131467 60.472410
0.135760 0.080379 0.987476 54.231090 0.008391 0.996575 -0.082273 -4.116249 -0.990706 0.019455 0.134621 60.574995
0.138938 0.080548 0.987020 54.967652 0.007864 0.996565 -0.082434 -4.170994 -0.990270 0.019215 0.137827 60.679757
0.142162 0.080711 0.986547 55.702427 0.007337 0.996557 -0.082588 -4.225702 -0.989816 0.018980 0.141081 60.786708
0.145430 0.080867 0.986058 56.435334 0.006814 0.996548 -0.082733 -4.280368 -0.989345 0.018751 0.144377 60.895861
0.148735 0.081016 0.985553 57.166296 0.006295 0.996541 -0.082869 -4.334985 -0.988857 0.018530 0.147710 61.007227
0.152074 0.081157 0.985031 57.895244 0.005782 0.996533 -0.082998 -4.389547 -0.988352 0.018317 0.151078 61.120819
0.155445 0.081290 0.984494 58.622114 0.005276 0.996526 -0.083117 -4.444050 -0.987830 0.018115 0.154476 61.236645
0.158845 0.081414 0.983941 59.346850 0.004780 0.996519 -0.083227 -4.498488 -0.987292 0.017923 0.157903 61.354717
0.162271 0.081530 0.983372 60.069401 0.004293 0.996513 -0.083328 -4.552857 -0.986737 0.017744 0.161355 61.475044
0.165722 0.081636 0.982788 60.789722 0.003819 0.996507 -0.083420 -4.607152 -0.986165 0.017577 0.164832 61.597636
0.169198 0.081733 0.982187 61.507774 0.003356 0.996502 -0.083502 -4.661370 -0.985576 0.017425 0.168332 61.722504
0.172697 0.081820 0.981571 62.223523 0.002907 0.996497 -0.083576 -4.715507 -0.984971 0.017286 0.171854 61.849660
0.176218 0.081898 0.980938 62.936942 0.002471 0.996493 -0.083641 -4.769559 -0.984348 0.017163 0.175398 61.979117
0.179763 0.081966 0.980289 63.648009 0.002050 0.996489 -0.083697 -4.823523 -0.983708 0.017055 0.178964 62.110886
0.183332 0.082025 0.979623 64.356706 0.001644 0.996486 -0.083744 -4.877398 -0.983050 0.016963 0.182553 62.244982
0.186924 0.082073 0.978940 65.063022 0.001252 0.996483 -0.083783 -4.931179 -0.982374 0.016887 0.186164 62.381420
0.190540 0.082112 0.978239 65.766950 0.000877 0.996481 -0.083814 -4.984864 -0.981679 0.016827 0.189798 62.520214
0.194182 0.082141 0.977520 66.468489 0.000516 0.996479 -0.083837 -5.038453 -0.980965 0.016784 0.193456 62.661383
0.197850 0.082162 0.976783 67.167640 0.000172 0.996478 -0.083853 -5.091941 -0.980232 0.016758 0.197139 62.804942
0.201545 0.082175 0.976026 67.864412 -0.000157 0.996477 -0.083864 -5.145330 -0.979479 0.016750 0.200848 62.950912
0.205268 0.082179 0.975250 68.558817 -0.000469 0.996477 -0.083869 -5.198617 -0.978706 0.016758 0.204583 63.099312
0.209020 0.082177 0.974453 69.250871 -0.000766 0.996476 -0.083869 -5.251803 -0.977911 0.016784 0.208346 63.250163
0.212802 0.082166 0.973634 69.940594 -0.001047 0.996477 -0.083865 -5.304889 -0.977095 0.016827 0.212138 63.403487
0.216616 0.082148 0.972795 70.628013 -0.001313 0.996477 -0.083856 -5.357875 -0.976256 0.016887 0.215960 63.559307
0.220462 0.082122 0.971932 71.313155 -0.001563 0.996478 -0.083842 -5.410763 -0.975394 0.016965 0.219813 63.717648
0.224341 0.082088 0.971047 71.996052 -0.001797 0.996479 -0.083823 -5.463554 -0.974509 0.017060 0.223699 63.878537
0.228255 0.082046 0.970138 72.676739 -0.002015 0.996481 -0.083800 -5.516252 -0.973599 0.017173 0.227617 64.041999
0.232204 0.081996 0.969205 73.355252 -0.002218 0.996482 -0.083772 -5.568857 -0.972664 0.017302 0.231570 64.208063
0.236190 0.081939 0.968246 74.031627 -0.002406 0.996485 -0.083742 -5.621373 -0.971704 0.017449 0.235557 64.376757
0.240213 0.081875 0.967261 74.705904 -0.002579 0.996487 -0.083709 -5.673803 -0.970717 0.017613 0.239581 64.548112
0.244274 0.081806 0.966249 75.378122 -0.002738 0.996489 -0.083674 -5.726152 -0.969702 0.017794 0.243641 64.722156
0.248374 0.081731 0.965210 76.048320 -0.002883 0.996492 -0.083638 -5.778426 -0.968660 0.017991 0.247738 64.898923
0.252512 0.081651 0.964142 76.716538 -0.003015 0.996495 -0.083601 -5.830630 -0.967589 0.018203 0.251874 65.078442
0.256691 0.081568 0.963045 77.382813 -0.003136 0.996497 -0.083565 -5.882771 -0.966488 0.018430 0.256048 65.260746
0.260909 0.081481 0.961918 78.047184 -0.003246 0.996500 -0.083530 -5.934856 -0.965358 0.018672 0.260261 65.445867
0.265169 0.081391 0.960761 78.709687 -0.003347 0.996503 -0.083495 -5.986892 -0.964196 0.018925 0.264514 65.633839
0.269469 0.081299 0.959571 79.370359 -0.003440 0.996505 -0.083462 -6.038887 -0.963003 0.019190 0.268807 65.824695
0.273810 0.081205 0.958350 80.029236 -0.003526 0.996507 -0.083430 -6.090847 -0.961777 0.019464 0.273140 66.018468
0.278192 0.081109 0.957095 80.686352 -0.003608 0.996510 -0.083400 -6.142778 -0.960519 0.019748 0.277513 66.215192
0.282615 0.081012 0.955806 81.341740 -0.003686 0.996512 -0.083372 -6.194687 -0.959226 0.020039 0.281928 66.414898
0.287079 0.080915 0.954483 81.995435 -0.003762 0.996514 -0.083346 -6.246581 -0.957899 0.020337 0.286383 66.617621
0.291584 0.080817 0.953125 82.647467 -0.003835 0.996515 -0.083323 -6.298464 -0.956537 0.020640 0.290878 66.823392
0.296130 0.080719 0.951731 83.297870 -0.003908 0.996517 -0.083302 -6.350340 -0.955140 0.020949 0.295414 67.032244
0.300717 0.080621 0.950300 83.946674 -0.003981 0.996518 -0.083282 -6.402216 -0.953705 0.021262 0.299991 67.244211
0.305343 0.080523 0.948832 84.593910 -0.004055 0.996519 -0.083265 -6.454092 -0.952234 0.021577 0.304607 67.459325
0.310009 0.080426 0.947326 85.239607 -0.004131 0.996520 -0.083251 -6.505974 -0.950725 0.021895 0.309262 67.677618
0.314714 0.080329 0.945781 85.883794 -0.004211 0.996521 -0.083238 -6.557863 -0.949177 0.022214 0.313957 67.899123
0.319456 0.080234 0.944198 86.526499 -0.004295 0.996521 -0.083228 -6.609761 -0.947591 0.022533 0.318689 68.123874
0.324235 0.080141 0.942576 87.167750 -0.004384 0.996522 -0.083219 -6.661671 -0.945966 0.022850 0.323459 68.351903
0.329050 0.080049 0.940913 87.807574 -0.004480 0.996522 -0.083214 -6.713594 -0.944302 0.023166 0.328264 68.583244
0.333899 0.079961 0.939211 88.445996 -0.004584 0.996521 -0.083210 -6.765533 -0.942598 0.023479 0.333105 68.817932
0.338782 0.079875 0.937468 89.083042 -0.004697 0.996521 -0.083209 -6.817487 -0.940853 0.023787 0.337979 69.056001
0.343698 0.079792 0.935684 89.718737 -0.004819 0.996520 -0.083210 -6.869460 -0.939068 0.024090 0.342886 69.297484
0.348643 0.079713 0.933859 90.353104 -0.004952 0.996519 -0.083213 -6.921453 -0.937242 0.024388 0.347825 69.542417
0.353619 0.079638 0.931993 90.986167 -0.005095 0.996518 -0.083218 -6.973467 -0.935376 0.024679 0.352793 69.790835
0.358622 0.079567 0.930086 91.617946 -0.005251 0.996517 -0.083225 -7.025503 -0.933468 0.024962 0.357790 70.042772
0.363651 0.079501 0.928137 92.248465 -0.005420 0.996515 -0.083234 -7.077562 -0.931520 0.025238 0.362815 70.298265
0.368705 0.079439 0.926146 92.877742 -0.005601 0.996513 -0.083245 -7.129645 -0.929530 0.025505 0.367864 70.557351
0.373781 0.079383 0.924114 93.505799 -0.005797 0.996511 -0.083257 -7.181753 -0.927499 0.025763 0.372937 70.820066
0.378878 0.079332 0.922040 94.132655 -0.006007 0.996509 -0.083271 -7.233888 -0.925427 0.026011 0.378032 71.086448
0.383995 0.079288 0.919925 94.758330 -0.006232 0.996506 -0.083287 -7.286050 -0.923314 0.026248 0.383147 71.356536
0.389128 0.079249 0.917769 95.382844 -0.006472 0.996503 -0.083304 -7.338241 -0.921161 0.026476 0.388280 71.630368
0.394276 0.079217 0.915571 96.006217 -0.006728 0.996500 -0.083322 -7.390464 -0.918967 0.026692 0.393429 71.907984
0.399438 0.079191 0.913333 96.628469 -0.006999 0.996496 -0.083341 -7.442718 -0.916733 0.026897 0.398593 72.189425
0.404611 0.079172 0.911055 97.249620 -0.007286 0.996493 -0.083360 -7.495006 -0.914460 0.027090 0.403769 72.474733
0.409794 0.079158 0.908737 97.869692 -0.007590 0.996489 -0.083380 -7.547328 -0.912147 0.027271 0.408956 72.763950
0.414983 0.079150 0.906380 98.488707 -0.007909 0.996485 -0.083398 -7.599685 -0.909795 0.027440 0.414151 73.057121
0.420179 0.079147 0.903983 99.106688 -0.008244 0.996481 -0.083413 -7.652077 -0.907404 0.027596 0.419352 73.354288
0.425377 0.079148 0.901548 99.723658 -0.008596 0.996477 -0.083426 -7.704504 -0.904975 0.027738 0.424559 73.655499
0.430578 0.079153 0.899076 100.339643 -0.008963 0.996473 -0.083435 -7.756967 -0.902509 0.027867 0.429768 73.960798
0.435778 0.079162 0.896566 100.954667 -0.009346 0.996469 -0.083440 -7.809465 -0.900006 0.027982 0.434979 74.270233
0.440975 0.079174 0.894020 101.568757 -0.009744 0.996465 -0.083440 -7.861995 -0.897466 0.028084 0.440188 74.583851
0.446169 0.079188 0.891438 102.181938 -0.010157 0.996462 -0.083434 -7.914557 -0.894891 0.028171 0.445395 74.901699
0.451357 0.079206 0.888821 102.794237 -0.010585 0.996458 -0.083423 -7.967148 -0.892281 0.028246 0.450597 75.223827
0.456537 0.079227 0.886170 103.405684 -0.011027 0.996455 -0.083406 -8.019768 -0.889636 0.028307 0.455792 75.550283
0.461707 0.079251 0.883485 104.016308 -0.011482 0.996451 -0.083384 -8.072412 -0.886958 0.028355 0.460979 75.881116
0.466866 0.079277 0.880767 104.626139 -0.011951 0.996448 -0.083355 -8.125081 -0.884247 0.028390 0.466155 76.216376
0.472011 0.079306 0.878018 105.235210 -0.012432 0.996445 -0.083319 -8.177770 -0.881505 0.028412 0.471320 76.556112
0.477142 0.079335 0.875238 105.843556 -0.012926 0.996443 -0.083275 -8.230478 -0.878731 0.028421 0.476470 76.900374
0.482255 0.079366 0.872428 106.451212 -0.013430 0.996440 -0.083224 -8.283201 -0.875928 0.028419 0.481604 77.249212
0.487350 0.079396 0.869590 107.058217 -0.013944 0.996438 -0.083163 -8.335935 -0.873096 0.028404 0.486721 77.602674
0.492424 0.079425 0.866724 107.664611 -0.014467 0.996437 -0.083093 -8.388676 -0.870235 0.028378 0.491818 77.960809
0.497475 0.079452 0.863832 108.270436 -0.014996 0.996436 -0.083012 -8.441418 -0.867349 0.028342 0.496893 78.323665
0.502502 0.079475 0.860916 108.875739 -0.015531 0.996435 -0.082920 -8.494155 -0.864437 0.028296 0.501945 78.691289
0.507502 0.079494 0.857976 109.480568 -0.016070 0.996435 -0.082817 -8.546882 -0.861501 0.028242 0.506970 79.063727
0.512473 0.079506 0.855015 110.084973 -0.016610 0.996436 -0.082701 -8.599592 -0.858543 0.028181 0.511967 79.441022
0.517413 0.079512 0.852034 110.689006 -0.017148 0.996437 -0.082574 -8.652279 -0.855564 0.028114 0.516933 79.823218
0.522320 0.079510 0.849034 111.292721 -0.017685 0.996440 -0.082434 -8.704939 -0.852566 0.028042 0.521867 80.210356
0.527193 0.079499 0.846019 111.896172 -0.018217 0.996443 -0.082283 -8.757564 -0.849550 0.027967 0.526766 80.602477
0.532028 0.079479 0.842988 112.499418 -0.018743 0.996446 -0.082119 -8.810151 -0.846519 0.027889 0.531627 80.999621
0.536824 0.079450 0.839945 113.102513 -0.019263 0.996451 -0.081943 -8.862694 -0.843474 0.027809 0.536449 81.401823
0.541578 0.079411 0.836891 113.705517 -0.019775 0.996456 -0.081755 -8.915189 -0.840418 0.027727 0.541230 81.809120
0.546289 0.079363 0.833828 114.308488 -0.020279 0.996462 -0.081556 -8.967634 -0.837351 0.027644 0.545966 82.221545
0.550953 0.079305 0.830759 114.911484 -0.020774 0.996469 -0.081347 -9.020026 -0.834277 0.027560 0.550656 82.639129
0.555569 0.079237 0.827686 115.514567 -0.021259 0.996477 -0.081126 -9.072364 -0.831198 0.027476 0.555297 83.061898
0.560134 0.079158 0.824611 116.117797 -0.021733 0.996486 -0.080895 -9.124645 -0.828117 0.027391 0.559886 83.489877
0.564646 0.079068 0.821537 116.721236 -0.022195 0.996495 -0.080653 -9.176869 -0.825034 0.027307 0.564422 83.923086
0.569103 0.078968 0.818466 117.324945 -0.022643 0.996505 -0.080401 -9.229037 -0.821954 0.027224 0.568902 84.361544
0.573502 0.078856 0.815400 117.928985 -0.023078 0.996516 -0.080140 -9.281148 -0.818879 0.027142 0.573324 84.805262
0.577840 0.078733 0.812344 118.533418 -0.023497 0.996528 -0.079870 -9.333203 -0.815812 0.027064 0.577684 85.254249
0.582115 0.078598 0.809298 119.138305 -0.023900 0.996541 -0.079592 -9.385203 -0.812755 0.026989 0.581980 85.708509
0.586325 0.078452 0.806268 119.743706 -0.024285 0.996554 -0.079306 -9.437152 -0.809712 0.026919 0.586210 86.168041
0.590467 0.078294 0.803255 120.349683 -0.024653 0.996569 -0.079014 -9.489049 -0.806685 0.026852 0.590371 86.632840
0.594537 0.078124 0.800264 120.956295 -0.025002 0.996584 -0.078715 -9.540899 -0.803679 0.026790 0.594459 87.102895
0.598533 0.077943 0.797297 121.563603 -0.025333 0.996599 -0.078410 -9.592702 -0.800697 0.026733 0.598472 87.578190
0.602452 0.077751 0.794359 122.171666 -0.025644 0.996616 -0.078099 -9.644462 -0.797743 0.026681 0.602407 88.058702
0.606291 0.077546 0.791453 122.780541 -0.025935 0.996633 -0.077783 -9.696182 -0.794820 0.026633 0.606261 88.544402
0.610046 0.077330 0.788583 123.390286 -0.026205 0.996651 -0.077462 -9.747865 -0.791932 0.026590 0.610030 89.035255
0.613716 0.077103 0.785753 124.000957 -0.026456 0.996670 -0.077136 -9.799513 -0.789084 0.026552 0.613711 89.531220
0.617295 0.076864 0.782968 124.612609 -0.026685 0.996689 -0.076806 -9.851128 -0.786279 0.026519 0.617302 90.032246
0.620782 0.076614 0.780231 125.225293 -0.026893 0.996709 -0.076473 -9.902713 -0.783522 0.026490 0.620800 90.538277
0.624174 0.076352 0.777546 125.839061 -0.027080 0.996730 -0.076137 -9.954270 -0.780816 0.026467 0.624200 91.049250
0.627467 0.076081 0.774917 126.453962 -0.027246 0.996751 -0.075798 -10.005801 -0.778166 0.026448 0.627501 91.565093
0.630659 0.075799 0.772350 127.070041 -0.027390 0.996773 -0.075458 -10.057309 -0.775577 0.026434 0.630699 92.085728
0.633746 0.075507 0.769847 127.687344 -0.027513 0.996795 -0.075118 -10.108795 -0.773052 0.026425 0.633792 92.611068
0.636727 0.075207 0.767413 128.305911 -0.027614 0.996818 -0.074777 -10.160262 -0.770595 0.026422 0.636777 93.141021
0.639598 0.074899 0.765052 128.925782 -0.027694 0.996841 -0.074439 -10.211714 -0.768210 0.026423 0.639652 93.675483
0.642358 0.074584 0.762767 129.546990 -0.027753 0.996864 -0.074102 -10.263154 -0.765902 0.026431 0.642414 94.214348
0.645004 0.074263 0.760562 130.169570 -0.027791 0.996888 -0.073770 -10.314585 -0.763674 0.026445 0.645060 94.757498
0.647534 0.073936 0.758442 130.793552 -0.027807 0.996912 -0.073442 -10.366012 -0.761529 0.026466 0.647590 95.304812
0.649945 0.073605 0.756408 131.418962 -0.027804 0.996935 -0.073121 -10.417438 -0.759472 0.026493 0.650000 95.856158
0.652237 0.073271 0.754466 132.045826 -0.027780 0.996959 -0.072805 -10.468868 -0.757506 0.026527 0.652289 96.411403
0.654406 0.072932 0.752618 132.674166 -0.027736 0.996983 -0.072496 -10.520307 -0.755634 0.026567 0.654455 96.970402
0.656453 0.072591 0.750866 133.304000 -0.027674 0.997007 -0.072194 -10.571759 -0.753860 0.026612 0.656496 97.533008
0.658374 0.072249 0.749216 133.935347 -0.027593 0.997030 -0.071899 -10.623229 -0.752185 0.026663 0.658412 98.099067
0.660168 0.071904 0.747668 134.568220 -0.027494 0.997054 -0.071611 -10.674721 -0.750614 0.026719 0.660200 98.668418
0.661835 0.071559 0.746226 135.202631 -0.027378 0.997077 -0.071332 -10.726240 -0.749150 0.026780 0.661859 99.240896
0.663373 0.071213 0.744893 135.838588 -0.027245 0.997100 -0.071061 -10.777788 -0.747793 0.026845 0.663389 99.816330
0.664780 0.070868 0.743670 136.476098 -0.027097 0.997123 -0.070798 -10.829372 -0.746547 0.026914 0.664788 100.394545
0.666057 0.070524 0.742560 137.115164 -0.026934 0.997145 -0.070545 -10.880993 -0.745415 0.026987 0.666055 100.975360
0.667201 0.070183 0.741564 137.755789 -0.026756 0.997167 -0.070301 -10.932658 -0.744397 0.027064 0.667189 101.558593
0.668213 0.069845 0.740684 138.397969 -0.026565 0.997188 -0.070067 -10.984371 -0.743495 0.027143 0.668190 102.144055
0.669092 0.069512 0.739922 139.041701 -0.026362 0.997210 -0.069844 -11.036136 -0.742712 0.027226 0.669057 102.731555
0.669836 0.069184 0.739279 139.686976 -0.026149 0.997230 -0.069631 -11.087958 -0.742048 0.027310 0.669790 103.320901
0.670446 0.068863 0.738755 140.333785 -0.025926 0.997250 -0.069429 -11.139842 -0.741505 0.027395 0.670388 103.911896
0.670922 0.068550 0.738353 140.982114 -0.025696 0.997269 -0.069239 -11.191792 -0.741083 0.027481 0.670851 104.504343
0.671262 0.068246 0.738072 141.631948 -0.025459 0.997288 -0.069060 -11.243814 -0.740783 0.027566 0.671179 105.098042
0.671467 0.067952 0.737912 142.283270 -0.025218 0.997305 -0.068892 -11.295911 -0.740605 0.027650 0.671372 105.692792
0.671537 0.067670 0.737875 142.936061 -0.024973 0.997322 -0.068736 -11.348087 -0.740550 0.027732 0.671429 106.288389
0.671471 0.067398 0.737959 143.590299 -0.024724 0.997338 -0.068591 -11.400347 -0.740618 0.027811 0.671350 106.884630
0.671270 0.067138 0.738166 144.245963 -0.024473 0.997354 -0.068457 -11.452693 -0.740809 0.027888 0.671137 107.481307
0.670933 0.066889 0.738495 144.903028 -0.024219 0.997369 -0.068333 -11.505130 -0.741122 0.027961 0.670788 108.078216
0.670461 0.066652 0.738945 145.561469 -0.023964 0.997382 -0.068221 -11.557658 -0.741557 0.028032 0.670304 108.675149
0.669855 0.066428 0.739515 146.221256 -0.023706 0.997396 -0.068119 -11.610280 -0.742114 0.028099 0.669685 109.271898
0.669114 0.066216 0.740204 146.882360 -0.023448 0.997408 -0.068029 -11.662998 -0.742790 0.028163 0.668932 109.868257
0.668239 0.066018 0.741012 147.544749 -0.023188 0.997419 -0.067951 -11.715812 -0.743586 0.028225 0.668045 110.464019
0.667230 0.065834 0.741936 148.208386 -0.022928 0.997430 -0.067885 -11.768724 -0.744498 0.028284 0.667025 111.058978
0.666090 0.065664 0.742976 148.873237 -0.022669 0.997439 -0.067831 -11.821734 -0.745527 0.028339 0.665872 111.652931
0.664817 0.065509 0.744128 149.539264 -0.022411 0.997448 -0.067788 -11.874844 -0.746670 0.028390 0.664589 112.245674
0.663414 0.065368 0.745392 150.206426 -0.022154 0.997456 -0.067755 -11.928052 -0.747925 0.028436 0.663174 112.837007
0.661881 0.065241 0.746765 150.874683 -0.021900 0.997463 -0.067732 -11.981358 -0.749289 0.028476 0.661631 113.426731
0.660220 0.065128 0.748243 151.543991 -0.021649 0.997470 -0.067719 -12.034759 -0.750760 0.028510 0.659959 114.014650
0.658432 0.065031 0.749825 152.214308 -0.021402 0.997475 -0.067715 -12.088255 -0.752336 0.028538 0.658162 114.600572
0.656520 0.064947 0.751507 152.885587 -0.021158 0.997480 -0.067721 -12.141842 -0.754012 0.028560 0.656240 115.184305
0.654485 0.064878 0.753286 153.557782 -0.020918 0.997484 -0.067736 -12.195517 -0.755786 0.028575 0.654195 115.765665
0.652329 0.064824 0.755159 154.230845 -0.020682 0.997487 -0.067760 -12.249279 -0.757654 0.028584 0.652031 116.344469
0.650055 0.064785 0.757120 154.904729 -0.020451 0.997490 -0.067794 -12.303123 -0.759612 0.028586 0.649748 116.920540
0.647665 0.064761 0.759168 155.579386 -0.020223 0.997491 -0.067838 -12.357048 -0.761656 0.028583 0.647350 117.493706
0.645163 0.064751 0.761297 156.254766 -0.020000 0.997492 -0.067891 -12.411051 -0.763783 0.028575 0.644840 118.063798
0.642550 0.064756 0.763503 156.930823 -0.019781 0.997492 -0.067954 -12.465129 -0.765989 0.028561 0.642219 118.630655
0.639829 0.064775 0.765782 157.607509 -0.019566 0.997492 -0.068027 -12.519280 -0.768268 0.028543 0.639492 119.194122
0.637004 0.064808 0.768131 158.284779 -0.019354 0.997490 -0.068110 -12.573501 -0.770617 0.028520 0.636660 119.754049
0.634078 0.064855 0.770544 158.962589 -0.019145 0.997488 -0.068202 -12.627791 -0.773032 0.028493 0.633727 120.310292
0.631053 0.064916 0.773018 159.640894 -0.018940 0.997485 -0.068304 -12.682148 -0.775508 0.028463 0.630696 120.862715
0.627933 0.064990 0.775549 160.319652 -0.018737 0.997481 -0.068416 -12.736568 -0.778041 0.028429 0.627569 121.411185
0.624721 0.065077 0.778131 160.998823 -0.018539 0.997476 -0.068537 -12.791052 -0.780628 0.028391 0.624351 121.955581
0.621420 0.065176 0.780762 161.678369 -0.018343 0.997471 -0.068667 -12.845596 -0.783263 0.028350 0.621043 122.495784
0.618032 0.065289 0.783438 162.358256 -0.018151 0.997465 -0.068806 -12.900199 -0.785944 0.028304 0.617650 123.031685
0.614560 0.065413 0.786153 163.038449 -0.017963 0.997458 -0.068953 -12.954859 -0.788665 0.028254 0.614173 123.563178
0.611008 0.065549 0.788906 163.718919 -0.017778 0.997451 -0.069107 -13.009573 -0.791425 0.028200 0.610616 124.090168
0.607379 0.065696 0.791691 164.399639 -0.017597 0.997443 -0.069269 -13.064341 -0.794218 0.028141 0.606982 124.612561
0.603674 0.065855 0.794506 165.080586 -0.017420 0.997434 -0.069439 -13.119160 -0.797041 0.028078 0.603273 125.130274
0.599898 0.066025 0.797347 165.761737 -0.017246 0.997425 -0.069617 -13.174030 -0.799890 0.028012 0.599492 125.643227
0.596053 0.066206 0.800211 166.443075 -0.017075 0.997415 -0.069803 -13.228949 -0.802763 0.027943 0.595643 126.151348
0.592142 0.066398 0.803094 167.124587 -0.016906 0.997404 -0.069998 -13.283917 -0.805656 0.027871 0.591727 126.654570
0.588167 0.066601 0.805992 167.806262 -0.016740 0.997392 -0.070201 -13.338934 -0.808566 0.027797 0.587748 127.152832
0.584131 0.066816 0.808905 168.488092 -0.016576 0.997380 -0.070413 -13.394001 -0.811490 0.027722 0.583708 127.646082
0.580037 0.067041 0.811827 169.170074 -0.016415 0.997367 -0.070635 -13.449119 -0.814425 0.027645 0.579610 128.134270
0.575887 0.067278 0.814757 169.852210 -0.016255 0.997353 -0.070866 -13.504291 -0.817368 0.027567 0.575456 128.617356
0.571683 0.067526 0.817691 170.534505 -0.016098 0.997339 -0.071107 -13.559517 -0.820317 0.027487 0.571249 129.095301
0.567429 0.067785 0.820628 171.216968 -0.015943 0.997323 -0.071357 -13.614802 -0.823268 0.027407 0.566991 129.568076
0.563126 0.068055 0.823564 171.899613 -0.015789 0.997307 -0.071617 -13.670147 -0.826220 0.027326 0.562684 130.035656
0.558777 0.068336 0.826498 172.582459 -0.015637 0.997290 -0.071886 -13.725557 -0.829171 0.027244 0.558331 130.498021
0.554385 0.068627 0.829426 173.265529 -0.015486 0.997273 -0.072164 -13.781035 -0.832117 0.027163 0.553935 130.955156
0.549951 0.068929 0.832348 173.948851 -0.015335 0.997254 -0.072453 -13.836587 -0.835056 0.027082 0.549498 131.407051
0.545479 0.069240 0.835260 174.632458 -0.015184 0.997235 -0.072750 -13.892218 -0.837987 0.027001 0.545022 131.853702
0.540970 0.069560 0.838160 175.316386 -0.015033 0.997214 -0.073057 -13.947932 -0.840907 0.026921 0.540509 132.295108
0.536428 0.069890 0.841047 176.000678 -0.014882 0.997194 -0.073373 -14.003737 -0.843815 0.026843 0.535962 132.731273
0.531854 0.070228 0.843919 176.685378 -0.014729 0.997172 -0.073698 -14.059639 -0.846708 0.026767 0.531384 133.162206
0.527251 0.070575 0.846774 177.370536 -0.014575 0.997149 -0.074033 -14.115645 -0.849585 0.026692 0.526776 133.587920
0.522621 0.070930 0.849610 178.056205 -0.014419 0.997126 -0.074376 -14.171761 -0.852443 0.026620 0.522141 134.008432
0.517966 0.071294 0.852425 178.742441 -0.014260 0.997102 -0.074729 -14.227996 -0.855283 0.026551 0.517481 134.423764
0.513288 0.071666 0.855219 179.429308 -0.014100 0.997077 -0.075090 -14.284359 -0.858101 0.026484 0.512798 134.833942
0.508590 0.072044 0.857989 180.116870 -0.013937 0.997051 -0.075459 -14.340858 -0.860896 0.026420 0.508095 135.238995
0.503874 0.072429 0.860735 180.805197 -0.013772 0.997025 -0.075836 -14.397503 -0.863668 0.026358 0.503372 135.638955
0.499141 0.072820 0.863456 181.494364 -0.013604 0.996998 -0.076218 -14.454301 -0.866414 0.026297 0.498633 136.033861
0.494394 0.073216 0.866149 182.184448 -0.013433 0.996971 -0.076607 -14.511263 -0.869134 0.026239 0.493879 136.423753
0.489633 0.073616 0.868815 182.875531 -0.013259 0.996943 -0.077001 -14.568396 -0.871828 0.026183 0.489113 136.808674
0.484862 0.074021 0.871452 183.567695 -0.013081 0.996914 -0.077400 -14.625711 -0.874493 0.026129 0.484335 137.188671
0.480082 0.074431 0.874060 184.261030 -0.012900 0.996885 -0.077804 -14.683218 -0.877129 0.026077 0.479547 137.563791
0.475295 0.074844 0.876637 184.955624 -0.012715 0.996855 -0.078215 -14.740926 -0.879735 0.026029 0.474752 137.934088
0.470501 0.075262 0.879184 185.651570 -0.012525 0.996825 -0.078630 -14.798848 -0.882311 0.025984 0.469950 138.299614
0.465702 0.075685 0.881699 186.348963 -0.012332 0.996794 -0.079051 -14.856995 -0.884855 0.025942 0.465143 138.660425
0.460901 0.076112 0.884182 187.047899 -0.012134 0.996763 -0.079478 -14.915381 -0.887369 0.025903 0.460332 139.016578
0.456096 0.076543 0.886633 187.748476 -0.011932 0.996731 -0.079910 -14.974017 -0.889850 0.025868 0.455518 139.368131
0.451291 0.076978 0.889051 188.450794 -0.011725 0.996698 -0.080347 -15.032918 -0.892300 0.025835 0.450703 139.715144
0.446485 0.077416 0.891436 189.154955 -0.011515 0.996665 -0.080787 -15.092095 -0.894717 0.025805 0.445887 140.057678
0.441680 0.077857 0.893788 189.861058 -0.011301 0.996631 -0.081231 -15.151563 -0.897102 0.025777 0.441072 140.395796
0.436876 0.078300 0.896108 190.569204 -0.011085 0.996597 -0.081676 -15.211334 -0.899454 0.025749 0.436257 140.729558
0.432074 0.078745 0.898394 191.279493 -0.010866 0.996563 -0.082124 -15.271419 -0.901773 0.025722 0.431444 141.059027
0.427275 0.079192 0.900647 191.992023 -0.010645 0.996528 -0.082573 -15.331831 -0.904059 0.025694 0.426634 141.384265
0.422479 0.079641 0.902867 192.706890 -0.010423 0.996493 -0.083023 -15.392582 -0.906313 0.025664 0.421828 141.705334
0.417688 0.080092 0.905054 193.424191 -0.010201 0.996458 -0.083473 -15.453681 -0.908533 0.025633 0.417025 142.022294
0.412902 0.080543 0.907207 194.144020 -0.009978 0.996422 -0.083923 -15.515141 -0.910721 0.025600 0.412228 142.335207
0.408122 0.080995 0.909328 194.866467 -0.009754 0.996387 -0.084372 -15.576972 -0.912875 0.025565 0.407437 142.644132
0.403348 0.081447 0.911415 195.591623 -0.009530 0.996351 -0.084820 -15.639182 -0.914997 0.025526 0.402652 142.949128
0.398582 0.081899 0.913469 196.319574 -0.009305 0.996315 -0.085266 -15.701782 -0.917086 0.025485 0.397875 143.250252
0.393824 0.082350 0.915489 197.050401 -0.009081 0.996279 -0.085711 -15.764780 -0.919141 0.025442 0.393107 143.547563
0.389076 0.082799 0.917477 197.784185 -0.008855 0.996243 -0.086152 -15.828185 -0.921163 0.025395 0.388348 143.841115
0.384339 0.083248 0.919431 198.520999 -0.008630 0.996207 -0.086591 -15.892004 -0.923152 0.025345 0.383599 144.130964
0.379612 0.083694 0.921352 199.260915 -0.008406 0.996170 -0.087027 -15.956246 -0.925108 0.025292 0.378862 144.417164
0.374898 0.084137 0.923240 200.003998 -0.008182 0.996135 -0.087458 -16.020916 -0.927030 0.025234 0.374137 144.699768
0.370196 0.084578 0.925095 200.750308 -0.007960 0.996099 -0.087884 -16.086020 -0.928920 0.025170 0.369425 144.978827
0.365508 0.085014 0.926918 201.499902 -0.007741 0.996064 -0.088304 -16.151563 -0.930776 0.025101 0.364727 145.254390
0.360835 0.085446 0.928707 202.252830 -0.007524 0.996028 -0.088717 -16.217550 -0.932600 0.025025 0.360044 145.526506
0.356176 0.085874 0.930464 203.009136 -0.007310 0.995994 -0.089123 -16.283983 -0.934390 0.024942 0.355377 145.795219
0.351534 0.086295 0.932189 203.768861 -0.007100 0.995960 -0.089521 -16.350863 -0.936148 0.024851 0.350726 146.060574
0.346908 0.086711 0.933882 204.532038 -0.006894 0.995926 -0.089911 -16.418194 -0.937874 0.024753 0.346093 146.322611
0.342300 0.087119 0.935543 205.298693 -0.006691 0.995893 -0.090291 -16.485974 -0.939567 0.024647 0.341477 146.581371
0.337709 0.087521 0.937173 206.068848 -0.006493 0.995861 -0.090661 -16.554203 -0.941228 0.024532 0.336880 146.836890
0.333137 0.087914 0.938771 206.842517 -0.006300 0.995829 -0.091022 -16.622880 -0.942857 0.024408 0.332301 147.089203
0.328584 0.088300 0.940338 207.619709 -0.006112 0.995798 -0.091372 -16.692003 -0.944455 0.024276 0.327743 147.338341
0.324050 0.088676 0.941875 208.400424 -0.005929 0.995768 -0.091710 -16.761568 -0.946021 0.024134 0.323204 147.584335
0.319535 0.089044 0.943381 209.184656 -0.005752 0.995739 -0.092038 -16.831571 -0.947557 0.023983 0.318686 147.827209
0.315040 0.089403 0.944858 209.972394 -0.005581 0.995711 -0.092353 -16.902007 -0.949062 0.023822 0.314188 148.066989
0.310565 0.089751 0.946305 210.763619 -0.005415 0.995683 -0.092657 -16.972871 -0.950537 0.023652 0.309711 148.303695
0.306110 0.090090 0.947724 211.558306 -0.005256 0.995657 -0.092949 -17.044154 -0.951982 0.023472 0.305254 148.537347
0.301675 0.090419 0.949114 212.356423 -0.005103 0.995632 -0.093228 -17.115850 -0.953397 0.023282 0.300819 148.767961
0.297260 0.090737 0.950475 213.157933 -0.004956 0.995607 -0.093496 -17.187950 -0.954784 0.023082 0.296404 148.995551
0.292865 0.091046 0.951809 213.962792 -0.004817 0.995584 -0.093751 -17.260445 -0.956142 0.022871 0.292010 149.220129
0.288490 0.091345 0.953116 214.770951 -0.004686 0.995562 -0.093995 -17.333326 -0.957471 0.022651 0.287638 149.441704
0.284136 0.091635 0.954395 215.582354 -0.004562 0.995540 -0.094227 -17.406584 -0.958773 0.022420 0.283287 149.660283
0.279801 0.091914 0.955648 216.396939 -0.004446 0.995520 -0.094448 -17.480207 -0.960048 0.022178 0.278957 149.875873
0.275487 0.092185 0.956874 217.214636 -0.004338 0.995500 -0.094657 -17.554186 -0.961295 0.021926 0.274648 150.088477
0.271193 0.092447 0.958075 218.035373 -0.004239 0.995482 -0.094856 -17.628510 -0.962516 0.021663 0.270360 150.298096
0.266919 0.092700 0.959250 218.859069 -0.004149 0.995464 -0.095045 -17.703167 -0.963710 0.021390 0.266093 150.504729
0.262665 0.092946 0.960400 219.685638 -0.004068 0.995447 -0.095225 -17.778148 -0.964878 0.021106 0.261848 150.708374
0.258432 0.093183 0.961525 220.514991 -0.003995 0.995431 -0.095395 -17.853439 -0.966021 0.020811 0.257624 150.909028
0.254219 0.093413 0.962625 221.347031 -0.003932 0.995416 -0.095557 -17.929030 -0.967139 0.020507 0.253421 151.106685
0.250026 0.093635 0.963701 222.181659 -0.003878 0.995402 -0.095708 -18.004908 -0.968231 0.020192 0.249239 151.301339
0.245853 0.093848 0.964753 223.018771 -0.003833 0.995388 -0.095851 -18.081060 -0.969300 0.019868 0.245079 151.492983
0.241701 0.094052 0.965782 223.858257 -0.003796 0.995376 -0.095984 -18.157472 -0.970343 0.019533 0.240940 151.681608
0.237569 0.094247 0.966788 224.700005 -0.003768 0.995364 -0.096107 -18.234129 -0.971363 0.019189 0.236823 151.867205
0.233458 0.094432 0.967771 225.543898 -0.003748 0.995353 -0.096220 -18.311015 -0.972360 0.018836 0.232727 152.049766
0.229368 0.094608 0.968731 226.389815 -0.003736 0.995343 -0.096322 -18.388114 -0.973333 0.018474 0.228653 152.229279
0.225299 0.094774 0.969669 227.237633 -0.003732 0.995334 -0.096415 -18.465408 -0.974283 0.018103 0.224601 152.405735
0.221251 0.094931 0.970585 228.087222 -0.003736 0.995326 -0.096500 -18.542882 -0.975210 0.017725 0.220572 152.579121
0.217226 0.095080 0.971480 228.938452 -0.003746 0.995319 -0.096575 -18.620517 -0.976114 0.017340 0.216565 152.749428
0.213222 0.095219 0.972353 229.791192 -0.003762 0.995312 -0.096643 -18.698297 -0.976997 0.016949 0.212581 152.916644
0.209241 0.095350 0.973204 230.645306 -0.003783 0.995306 -0.096702 -18.776204 -0.977857 0.016552 0.208620 153.080759
0.205284 0.095473 0.974035 231.500657 -0.003810 0.995301 -0.096754 -18.854222 -0.978695 0.016151 0.204683 153.241764
0.201350 0.095587 0.974844 232.357106 -0.003841 0.995297 -0.096799 -18.932334 -0.979512 0.015746 0.200770 153.399649
0.197441 0.095693 0.975633 233.214513 -0.003877 0.995293 -0.096837 -19.010522 -0.980307 0.015337 0.196882 153.554407
0.193557 0.095791 0.976402 234.072736 -0.003917 0.995290 -0.096867 -19.088770 -0.981081 0.014925 0.193020 153.706030
0.189698 0.095880 0.977150 234.931629 -0.003962 0.995287 -0.096890 -19.167062 -0.981834 0.014509 0.189184 153.854512
0.185867 0.095961 0.977878 235.791047 -0.004010 0.995285 -0.096907 -19.245380 -0.982567 0.014090 0.185375 153.999848
0.182062 0.096033 0.978586 236.650844 -0.004063 0.995284 -0.096916 -19.323707 -0.983279 0.013669 0.181594 154.142032
0.178286 0.096097 0.979275 237.510872 -0.004119 0.995284 -0.096918 -19.402028 -0.983970 0.013245 0.177841 154.281063
0.174539 0.096154 0.979944 238.370983 -0.004179 0.995284 -0.096915 -19.480324 -0.984641 0.012820 0.174118 154.416939
0.170823 0.096203 0.980594 239.231027 -0.004241 0.995285 -0.096906 -19.558578 -0.985293 0.012395 0.170425 154.549657
0.167138 0.096246 0.981225 240.090856 -0.004306 0.995286 -0.096891 -19.636776 -0.985924 0.011969 0.166764 154.679220
0.163486 0.096281 0.981836 240.950320 -0.004371 0.995287 -0.096873 -19.714900 -0.986536 0.011545 0.163136 154.805629
0.159868 0.096311 0.982429 241.809270 -0.004437 0.995289 -0.096850 -19.792934 -0.987128 0.011124 0.159542 154.928890
0.156286 0.096335 0.983003 242.667558 -0.004504 0.995291 -0.096823 -19.870865 -0.987702 0.010705 0.155984 155.049009
0.152743 0.096353 0.983558 243.525036 -0.004569 0.995294 -0.096793 -19.948676 -0.988255 0.010290 0.152464 155.165996
0.149238 0.096366 0.984094 244.381555 -0.004634 0.995297 -0.096760 -20.026354 -0.988790 0.009880 0.148983 155.279861
0.145775 0.096374 0.984612 245.236968 -0.004698 0.995300 -0.096725 -20.103885 -0.989307 0.009474 0.145543 155.390620
0.142356 0.096378 0.985112 246.091129 -0.004760 0.995303 -0.096688 -20.181256 -0.989804 0.009075 0.142146 155.498289
0.138982 0.096379 0.985594 246.943893 -0.004821 0.995307 -0.096649 -20.258454 -0.990283 0.008681 0.138794 155.602888
0.135656 0.096375 0.986058 247.795114 -0.004878 0.995311 -0.096608 -20.335466 -0.990744 0.008295 0.135490 155.704437
0.132379 0.096368 0.986503 248.644651 -0.004934 0.995314 -0.096567 -20.412281 -0.991187 0.007916 0.132234 155.802964
0.129155 0.096358 0.986932 249.492361 -0.004986 0.995318 -0.096524 -20.488887 -0.991612 0.007546 0.129031 155.898496
0.125986 0.096346 0.987342 250.338104 -0.005035 0.995322 -0.096482 -20.565272 -0.992019 0.007184 0.125881 155.991064
0.122873 0.096331 0.987736 251.181742 -0.005081 0.995326 -0.096439 -20.641426 -0.992409 0.006831 0.122788 156.080704
0.119819 0.096315 0.988113 252.023137 -0.005124 0.995330 -0.096397 -20.717339 -0.992783 0.006488 0.119753 156.167451
0.116827 0.096298 0.988473 252.862154 -0.005163 0.995334 -0.096356 -20.793001 -0.993139 0.006154 0.116779 156.251347
0.113898 0.096280 0.988816 253.698660 -0.005198 0.995337 -0.096316 -20.868404 -0.993479 0.005830 0.113868 156.332436
0.111035 0.096261 0.989144 254.532522 -0.005231 0.995341 -0.096277 -20.943538 -0.993803 0.005516 0.111021 156.410763
0.108240 0.096241 0.989455 255.363612 -0.005260 0.995344 -0.096238 -21.018394 -0.994111 0.005213 0.108242 156.486378
0.105515 0.096220 0.989752 256.191802 -0.005285 0.995348 -0.096201 -21.092964 -0.994404 0.004919 0.105532 156.559332
0.102861 0.096199 0.990033 257.016968 -0.005308 0.995351 -0.096165 -21.167240 -0.994682 0.004637 0.102894 156.629680
0.100281 0.096178 0.990300 257.838989 -0.005327 0.995355 -0.096129 -21.241213 -0.994945 0.004364 0.100327 156.697479
0.097776 0.096156 0.990552 258.657747 -0.005344 0.995358 -0.096095 -21.314874 -0.995194 0.004103 0.097836 156.762785
0.095347 0.096134 0.990791 259.473129 -0.005357 0.995361 -0.096062 -21.388214 -0.995430 0.003851 0.095420 156.825661
0.092996 0.096112 0.991017 260.285024 -0.005368 0.995364 -0.096030 -21.461227 -0.995652 0.003611 0.093081 156.886170
0.090724 0.096090 0.991229 261.093325 -0.005376 0.995367 -0.095999 -21.533902 -0.995862 0.003381 0.090820 156.944374
0.088532 0.096069 0.991430 261.897932 -0.005382 0.995370 -0.095971 -21.606234 -0.996059 0.003161 0.088639 157.000340
0.086422 0.096049 0.991618 262.698747 -0.005385 0.995372 -0.095944 -21.678213 -0.996244 0.002952 0.086539 157.054135
0.084392 0.096031 0.991794 263.495676 -0.005386 0.995375 -0.095919 -21.749834 -0.996418 0.002753 0.084519 157.105828
0.082446 0.096015 0.991960 264.288631 -0.005385 0.995377 -0.095898 -21.821089 -0.996581 0.002564 0.082582 157.155488
0.080582 0.096001 0.992114 265.077528 -0.005383 0.995378 -0.095880 -21.891975 -0.996733 0.002385 0.080726 157.203184
0.078801 0.095992 0.992258 265.862288 -0.005380 0.995380 -0.095867 -21.962486 -0.996876 0.002216 0.078953 157.248989
0.077104 0.095987 0.992392 266.642839 -0.005375 0.995380 -0.095859 -22.032618 -0.997009 0.002057 0.077264 157.292973
0.075490 0.095988 0.992516 267.419115 -0.005370 0.995381 -0.095857 -22.102370 -0.997132 0.001906 0.075657 157.335208
0.073960 0.095994 0.992630 268.191056 -0.005364 0.995380 -0.095860 -22.171739 -0.997247 0.001765 0.074133 157.375766
0.072513 0.096006 0.992736 268.958606 -0.005358 0.995379 -0.095870 -22.240726 -0.997353 0.001633 0.072692 157.414720
0.071149 0.096024 0.992833 269.721720 -0.005351 0.995378 -0.095887 -22.309328 -0.997451 0.001510 0.071334 157.452143
0.069868 0.096049 0.992921 270.480356 -0.005344 0.995376 -0.095910 -22.377548 -0.997542 0.001395 0.070058 157.488106
0.068669 0.096080 0.993002 271.234480 -0.005336 0.995373 -0.095941 -22.445386 -0.997625 0.001289 0.068864 157.522682
0.067551 0.096119 0.993075 271.984067 -0.005328 0.995369 -0.095978 -22.512844 -0.997702 0.001192 0.067751 157.555942
0.066514 0.096165 0.993141 272.729096 -0.005320 0.995365 -0.096024 -22.579926 -0.997771 0.001103 0.066717 157.587959
0.065556 0.096218 0.993199 273.469557 -0.005311 0.995360 -0.096077 -22.646634 -0.997835 0.001024 0.065763 157.618802
0.064676 0.096279 0.993251 274.205445 -0.005300 0.995354 -0.096138 -22.712972 -0.997892 0.000953 0.064886 157.648542
0.063874 0.096349 0.993296 274.936766 -0.005288 0.995347 -0.096208 -22.778946 -0.997944 0.000892 0.064086 157.677248
0.063146 0.096429 0.993335 275.663531 -0.005274 0.995340 -0.096288 -22.844560 -0.997990 0.000841 0.063361 157.704989
0.062493 0.096518 0.993367 276.385761 -0.005257 0.995331 -0.096378 -22.909823 -0.998032 0.000801 0.062709 157.731832
0.061913 0.096617 0.993394 277.103489 -0.005238 0.995321 -0.096478 -22.974743 -0.998068 0.000770 0.062129 157.757846
0.061402 0.096727 0.993415 277.816751 -0.005215 0.995311 -0.096589 -23.039328 -0.998099 0.000750 0.061619 157.783096
0.060961 0.096847 0.993431 278.525597 -0.005189 0.995299 -0.096710 -23.103590 -0.998127 0.000740 0.061177 157.807649
0.060585 0.096977 0.993441 279.230083 -0.005160 0.995286 -0.096842 -23.167539 -0.998150 0.000741 0.060800 157.831567
0.060274 0.097117 0.993446 279.930276 -0.005128 0.995273 -0.096984 -23.231188 -0.998169 0.000751 0.060487 157.854914
0.060024 0.097267 0.993447 280.626251 -0.005092 0.995258 -0.097137 -23.294549 -0.998184 0.000772 0.060235 157.877753
0.059834 0.097428 0.993442 281.318093 -0.005053 0.995242 -0.097300 -23.357635 -0.998196 0.000802 0.060041 157.900142
0.059699 0.097598 0.993434 282.005895 -0.005010 0.995226 -0.097473 -23.420461 -0.998204 0.000842 0.059903 157.922141
0.059619 0.097779 0.993421 282.689760 -0.004964 0.995208 -0.097657 -23.483041 -0.998209 0.000891 0.059819 157.943805
0.059589 0.097970 0.993404 283.369799 -0.004913 0.995189 -0.097852 -23.545391 -0.998211 0.000951 0.059784 157.965190
0.059607 0.098171 0.993383 284.046132 -0.004857 0.995169 -0.098056 -23.607526 -0.998210 0.001020 0.059796 157.986349
0.059670 0.098382 0.993358 284.718886 -0.004797 0.995148 -0.098271 -23.669464 -0.998207 0.001099 0.059853 158.007332
0.059775 0.098602 0.993330 285.388198 -0.004732 0.995126 -0.098496 -23.731222 -0.998201 0.001187 0.059950 158.028188
0.059919 0.098833 0.993298 286.054212 -0.004662 0.995103 -0.098731 -23.792817 -0.998192 0.001285 0.060086 158.048965
0.060098 0.099072 0.993264 286.717080 -0.004586 0.995079 -0.098975 -23.854269 -0.998182 0.001393 0.060257 158.069708
0.060311 0.099320 0.993226 287.376960 -0.004505 0.995054 -0.099229 -23.915596 -0.998169 0.001510 0.060460 158.090460
0.060553 0.099577 0.993186 288.034019 -0.004419 0.995029 -0.099492 -23.976819 -0.998155 0.001636 0.060692 158.111261
0.060822 0.099842 0.993143 288.688430 -0.004326 0.995002 -0.099763 -24.037958 -0.998139 0.001771 0.060950 158.132149
0.061114 0.100114 0.993097 289.340371 -0.004228 0.994974 -0.100043 -24.099032 -0.998122 0.001915 0.061230 158.153163
0.061428 0.100394 0.993050 289.990028 -0.004124 0.994946 -0.100331 -24.160064 -0.998103 0.002068 0.061532 158.174335
0.061760 0.100682 0.993000 290.637592 -0.004013 0.994916 -0.100627 -24.221074 -0.998083 0.002230 0.061850 158.195697
0.062108 0.100977 0.992948 291.283259 -0.003895 0.994886 -0.100930 -24.282085 -0.998062 0.002401 0.062183 158.217280
0.062468 0.101279 0.992895 291.927230 -0.003771 0.994855 -0.101242 -24.343117 -0.998040 0.002580 0.062529 158.239111
0.062839 0.101588 0.992840 292.569712 -0.003640 0.994823 -0.101561 -24.404196 -0.998017 0.002768 0.062884 158.261215
0.063218 0.101904 0.992783 293.210912 -0.003501 0.994790 -0.101887 -24.465344 -0.997994 0.002966 0.063246 158.283617
0.063604 0.102227 0.992726 293.851044 -0.003354 0.994756 -0.102221 -24.526584 -0.997970 0.003172 0.063613 158.306338
0.063993 0.102556 0.992667 294.490321 -0.003199 0.994722 -0.102562 -24.587943 -0.997945 0.003388 0.063983 158.329399
0.064384 0.102890 0.992607 295.128963 -0.003035 0.994686 -0.102909 -24.649445 -0.997921 0.003613 0.064354 158.352820
0.064776 0.103230 0.992546 295.767186 -0.002861 0.994650 -0.103262 -24.711114 -0.997896 0.003849 0.064725 158.376617
0.065167 0.103574 0.992485 296.405212 -0.002678 0.994613 -0.103620 -24.772977 -0.997871 0.004095 0.065093 158.400807
0.065556 0.103922 0.992423 297.043261 -0.002484 0.994576 -0.103984 -24.835058 -0.997846 0.004352 0.065458 158.425404
0.065941 0.104275 0.992360 297.681554 -0.002279 0.994538 -0.104352 -24.897383 -0.997821 0.004620 0.065819 158.450424
0.066323 0.104630 0.992297 298.320313 -0.002062 0.994499 -0.104724 -24.959976 -0.997796 0.004899 0.066174 158.475879
0.066699 0.104986 0.992234 298.959759 -0.001833 0.994460 -0.105099 -25.022861 -0.997771 0.005191 0.066522 158.501783
0.067071 0.105344 0.992171 299.600111 -0.001592 0.994421 -0.105475 -25.086063 -0.997747 0.005495 0.066864 158.528146
0.067436 0.105701 0.992109 300.241588 -0.001338 0.994381 -0.105852 -25.149605 -0.997723 0.005811 0.067198 158.554983
0.067795 0.106058 0.992046 300.884405 -0.001071 0.994341 -0.106230 -25.213509 -0.997699 0.006140 0.067525 158.582303
0.068148 0.106413 0.991984 301.528776 -0.000791 0.994301 -0.106607 -25.277798 -0.997675 0.006481 0.067844 158.610120
0.068495 0.106766 0.991922 302.174909 -0.000497 0.994261 -0.106983 -25.342493 -0.997651 0.006834 0.068155 158.638444
0.068837 0.107116 0.991861 302.823012 -0.000191 0.994220 -0.107357 -25.407615 -0.997628 0.007200 0.068460 158.667287
0.069173 0.107462 0.991800 303.473285 0.000128 0.994180 -0.107729 -25.473182 -0.997605 0.007579 0.068757 158.696662
0.069505 0.107804 0.991740 304.125928 0.000459 0.994140 -0.108097 -25.539215 -0.997582 0.007969 0.069048 158.726579
0.069832 0.108142 0.991680 304.781131 0.000803 0.994100 -0.108462 -25.605731 -0.997558 0.008370 0.069333 158.757052
0.070156 0.108474 0.991621 305.439083 0.001158 0.994061 -0.108823 -25.672749 -0.997535 0.008783 0.069614 158.788093
0.070478 0.108800 0.991562 306.099963 0.001525 0.994021 -0.109178 -25.740283 -0.997512 0.009207 0.069891 158.819715
0.070800 0.109120 0.991504 306.763945 0.001902 0.993982 -0.109529 -25.808351 -0.997489 0.009641 0.070166 158.851932
0.071121 0.109434 0.991446 307.431198 0.002289 0.993943 -0.109874 -25.876967 -0.997465 0.010084 0.070440 158.884758
0.071445 0.109740 0.991389 308.101882 0.002686 0.993904 -0.110212 -25.946146 -0.997441 0.010537 0.070714 158.918208
0.071771 0.110038 0.991333 308.776148 0.003091 0.993866 -0.110543 -26.015900 -0.997416 0.010998 0.070991 158.952299
0.072103 0.110329 0.991276 309.454141 0.003503 0.993829 -0.110868 -26.086241 -0.997391 0.011467 0.071271 158.987046
0.072441 0.110610 0.991220 310.135996 0.003922 0.993792 -0.111184 -26.157180 -0.997365 0.011942 0.071558 159.022468
0.072788 0.110883 0.991164 310.821839 0.004348 0.993756 -0.111492 -26.228727 -0.997338 0.012424 0.071851 159.058584
0.073145 0.111147 0.991109 311.511787 0.004778 0.993720 -0.111793 -26.300889 -0.997310 0.012912 0.072155 159.095412
0.073514 0.111402 0.991053 312.205948 0.005212 0.993685 -0.112084 -26.373675 -0.997281 0.013405 0.072470 159.132973
0.073898 0.111647 0.990996 312.904418 0.005649 0.993651 -0.112367 -26.447091 -0.997250 0.013902 0.072798 159.171288
0.074298 0.111883 0.990940 313.607285 0.006089 0.993617 -0.112641 -26.521141 -0.997217 0.014403 0.073143 159.210380
0.074717 0.112108 0.990883 314.314626 0.006530 0.993584 -0.112906 -26.595830 -0.997183 0.014906 0.073505 159.250271
0.075156 0.112324 0.990825 315.026509 0.006971 0.993552 -0.113162 -26.671162 -0.997147 0.015412 0.073888 159.290986
0.075617 0.112529 0.990767 315.742991 0.007413 0.993521 -0.113408 -26.747138 -0.997109 0.015920 0.074293 159.332550
0.076103 0.112724 0.990708 316.464121 0.007853 0.993491 -0.113644 -26.823759 -0.997069 0.016429 0.074723 159.374989
0.076617 0.112908 0.990647 317.189936 0.008291 0.993461 -0.113870 -26.901024 -0.997026 0.016938 0.075179 159.418331
0.077159 0.113081 0.990585 317.920463 0.008727 0.993433 -0.114086 -26.978933 -0.996981 0.017448 0.075665 159.462604
0.077732 0.113244 0.990522 318.655723 0.009159 0.993405 -0.114292 -27.057483 -0.996932 0.017956 0.076182 159.507837
0.078339 0.113395 0.990457 319.395723 0.009587 0.993378 -0.114488 -27.136672 -0.996881 0.018464 0.076733 159.554060
0.078981 0.113537 0.990390 320.140463 0.010009 0.993353 -0.114675 -27.216494 -0.996826 0.018970 0.077320 159.601305
0.079661 0.113668 0.990320 320.889936 0.010427 0.993328 -0.114852 -27.296945 -0.996767 0.019475 0.077944 159.649605
0.080381 0.113789 0.990248 321.644123 0.010837 0.993304 -0.115020 -27.378018 -0.996705 0.019977 0.078609 159.698994
0.081143 0.113900 0.990173 322.402999 0.011242 0.993281 -0.115178 -27.459706 -0.996639 0.020477 0.079317 159.749506
0.081948 0.114001 0.990095 323.166531 0.011639 0.993259 -0.115328 -27.542004 -0.996569 0.020975 0.080069 159.801177
0.082800 0.114092 0.990014 323.934679 0.012029 0.993238 -0.115469 -27.624901 -0.996494 0.021470 0.080868 159.854046
0.083701 0.114173 0.989929 324.707392 0.012411 0.993218 -0.115601 -27.708389 -0.996414 0.021962 0.081716 159.908152
0.084651 0.114244 0.989840 325.484616 0.012785 0.993199 -0.115725 -27.792459 -0.996329 0.022451 0.082615 159.963536
0.085654 0.114305 0.989746 326.266288 0.013149 0.993181 -0.115840 -27.877100 -0.996238 0.022936 0.083567 160.020240
0.086710 0.114357 0.989648 327.052338 0.013504 0.993164 -0.115946 -27.962301 -0.996142 0.023418 0.084573 160.078307
0.087822 0.114399 0.989545 327.842693 0.013848 0.993148 -0.116044 -28.048051 -0.996040 0.023895 0.085636 160.137783
0.088992 0.114430 0.989437 328.637271 0.014183 0.993132 -0.116133 -28.134337 -0.995931 0.024368 0.086758 160.198713
0.090221 0.114453 0.989323 329.435987 0.014505 0.993118 -0.116214 -28.221145 -0.995816 0.024835 0.087940 160.261144
0.091510 0.114466 0.989203 330.238749 0.014815 0.993105 -0.116288 -28.308462 -0.995694 0.025297 0.089183 160.325126
0.092861 0.114469 0.989077 331.045462 0.015112 0.993093 -0.116353 -28.396273 -0.995564 0.025752 0.090490 160.390706
0.094275 0.114464 0.988944 331.856025 0.015395 0.993082 -0.116410 -28.484564 -0.995427 0.026200 0.091861 160.457936
0.095753 0.114449 0.988804 332.670336 0.015663 0.993072 -0.116460 -28.573320 -0.995282 0.026639 0.093297 160.526867
0.097296 0.114426 0.988656 333.488285 0.015914 0.993063 -0.116502 -28.662525 -0.995128 0.027069 0.094800 160.597550
0.098905 0.114394 0.988500 334.309760 0.016147 0.993055 -0.116537 -28.752163 -0.994966 0.027488 0.096371 160.670039
0.100579 0.114355 0.988335 335.134648 0.016362 0.993048 -0.116565 -28.842218 -0.994794 0.027895 0.098009 160.744386
0.102321 0.114308 0.988162 335.962830 0.016558 0.993042 -0.116587 -28.932675 -0.994614 0.028291 0.099716 160.820646
0.104129 0.114254 0.987979 336.794186 0.016733 0.993038 -0.116603 -29.023517 -0.994423 0.028673 0.101492 160.898873
0.106005 0.114194 0.987787 337.628594 0.016887 0.993034 -0.116612 -29.114730 -0.994222 0.029042 0.103338 160.979122
0.107948 0.114127 0.987584 338.465930 0.017019 0.993031 -0.116617 -29.206297 -0.994011 0.029396 0.105253 161.061446
0.109957 0.114054 0.987371 339.306067 0.017129 0.993029 -0.116616 -29.298203 -0.993789 0.029736 0.107237 161.145900
0.112034 0.113977 0.987146 340.148881 0.017217 0.993029 -0.116610 -29.390433 -0.993555 0.030060 0.109291 161.232540
0.114177 0.113895 0.986910 340.994241 0.017282 0.993029 -0.116600 -29.482973 -0.993310 0.030369 0.111412 161.321420
0.116385 0.113808 0.986662 341.842022 0.017324 0.993029 -0.116586 -29.575809 -0.993053 0.030661 0.113602 161.412595
0.118658 0.113718 0.986402 342.692093 0.017342 0.993031 -0.116569 -29.668926 -0.992784 0.030938 0.115859 161.506119
0.120994 0.113625 0.986129 343.544328 0.017337 0.993034 -0.116547 -29.762312 -0.992502 0.031198 0.118181 161.602045
0.123392 0.113528 0.985843 344.398600 0.017309 0.993037 -0.116523 -29.855952 -0.992207 0.031442 0.120568 161.700428
0.125852 0.113428 0.985543 345.254781 0.017258 0.993041 -0.116495 -29.949834 -0.991899 0.031670 0.123019 161.801318
0.128370 0.113326 0.985230 346.112747 0.017184 0.993046 -0.116464 -30.043945 -0.991577 0.031881 0.125530 161.904767
0.130946 0.113221 0.984903 346.972376 0.017087 0.993052 -0.116430 -30.138273 -0.991242 0.032075 0.128102 162.010824
0.133577 0.113114 0.984562 347.833545 0.016969 0.993058 -0.116393 -30.232805 -0.990893 0.032254 0.130731 162.119537
0.136261 0.113005 0.984207 348.696136 0.016829 0.993065 -0.116352 -30.327528 -0.990530 0.032417 0.133415 162.230953
0.138996 0.112893 0.983837 349.560033 0.016668 0.993073 -0.116308 -30.422431 -0.990153 0.032565 0.136152 162.345115
0.141780 0.112779 0.983453 350.425122 0.016486 0.993082 -0.116260 -30.517502 -0.989761 0.032697 0.138940 162.462065
0.144610 0.112663 0.983054 351.291296 0.016285 0.993091 -0.116209 -30.612729 -0.989355 0.032814 0.141776 162.581843
0.147484 0.112545 0.982640 352.158445 0.016065 0.993101 -0.116155 -30.708102 -0.988934 0.032917 0.144658 162.704488
0.150399 0.112425 0.982212 353.026469 0.015827 0.993112 -0.116096 -30.803609 -0.988499 0.033007 0.147584 162.830036
0.153354 0.112303 0.981769 353.895266 0.015572 0.993123 -0.116034 -30.899240 -0.988049 0.033082 0.150550 162.958520
0.156344 0.112179 0.981312 354.764741 0.015300 0.993135 -0.115968 -30.994984 -0.987584 0.033145 0.153555 163.089972
0.159369 0.112053 0.980839 355.634800 0.015011 0.993148 -0.115898 -31.090831 -0.987105 0.033194 0.156595 163.224422
0.162424 0.111925 0.980353 356.505353 0.014707 0.993161 -0.115824 -31.186772 -0.986611 0.033231 0.159667 163.361898
0.165508 0.111796 0.979851 357.376313 0.014389 0.993175 -0.115747 -31.282797 -0.986103 0.033256 0.162770 163.502424
0.168618 0.111666 0.979336 358.247598 0.014056 0.993189 -0.115665 -31.378897 -0.985581 0.033269 0.165900 163.646023
0.171750 0.111534 0.978807 359.119128 0.013710 0.993204 -0.115580 -31.475064 -0.985045 0.033270 0.169053 163.792715
0.174901 0.111400 0.978263 359.990827 0.013351 0.993219 -0.115490 -31.571287 -0.984495 0.033260 0.172228 163.942517
0.178070 0.111266 0.977707 360.862622 0.012980 0.993235 -0.115397 -31.667560 -0.983932 0.033239 0.175421 164.095442
0.181251 0.111129 0.977138 361.734444 0.012598 0.993251 -0.115299 -31.763873 -0.983356 0.033208 0.178628 164.251503
0.184443 0.110992 0.976556 362.606228 0.012205 0.993268 -0.115196 -31.860219 -0.982767 0.033166 0.181847 164.410708
0.187642 0.110852 0.975962 363.477911 0.011802 0.993285 -0.115089 -31.956590 -0.982167 0.033114 0.185074 164.573062
0.190844 0.110712 0.975357 364.349434 0.011390 0.993303 -0.114977 -32.052977 -0.981554 0.033052 0.188305 164.738568
0.194046 0.110570 0.974741 365.220741 0.010970 0.993321 -0.114861 -32.149374 -0.980931 0.032981 0.191537 164.907224
0.197245 0.110427 0.974115 366.091777 0.010542 0.993340 -0.114740 -32.245774 -0.980298 0.032901 0.194767 165.079026
0.200437 0.110282 0.973480 366.962494 0.010107 0.993359 -0.114615 -32.342168 -0.979654 0.032812 0.197991 165.253966
0.203619 0.110135 0.972836 367.832845 0.009667 0.993378 -0.114484 -32.438551 -0.979002 0.032715 0.201206 165.432033
0.206788 0.109988 0.972184 368.702785 0.009221 0.993398 -0.114349 -32.534915 -0.978342 0.032611 0.204408 165.613212
0.209939 0.109838 0.971525 369.572274 0.008772 0.993418 -0.114209 -32.631254 -0.977675 0.032500 0.207594 165.797485
0.213071 0.109687 0.970860 370.441274 0.008321 0.993439 -0.114064 -32.727559 -0.977001 0.032382 0.210760 165.984831
0.216180 0.109535 0.970190 371.309749 0.007868 0.993459 -0.113915 -32.823826 -0.976322 0.032259 0.213904 166.175225
0.219262 0.109381 0.969515 372.177668 0.007414 0.993480 -0.113761 -32.920047 -0.975638 0.032132 0.217021 166.368640
0.222315 0.109226 0.968837 373.045001 0.006962 0.993502 -0.113604 -33.016216 -0.974950 0.032001 0.220110 166.565046
0.225335 0.109070 0.968157 373.911722 0.006512 0.993523 -0.113443 -33.112327 -0.974260 0.031867 0.223165 166.764410
0.228320 0.108912 0.967475 374.777806 0.006065 0.993545 -0.113279 -33.208375 -0.973567 0.031732 0.226185 166.966695
0.231267 0.108754 0.966793 375.643231 0.005624 0.993566 -0.113111 -33.304354 -0.972874 0.031596 0.229167 167.171863
0.234173 0.108595 0.966111 376.507980 0.005190 0.993588 -0.112941 -33.400259 -0.972181 0.031462 0.232108 167.379874
0.237037 0.108434 0.965430 377.372034 0.004763 0.993610 -0.112769 -33.496086 -0.971489 0.031329 0.235006 167.590682
0.239855 0.108273 0.964752 378.235380 0.004346 0.993632 -0.112594 -33.591830 -0.970799 0.031199 0.237857 167.804242
0.242625 0.108109 0.964078 379.098004 0.003940 0.993653 -0.112417 -33.687487 -0.970112 0.031073 0.240659 168.020503
0.245345 0.107944 0.963407 379.959895 0.003545 0.993675 -0.112238 -33.783051 -0.969429 0.030953 0.243411 168.239415
0.248014 0.107777 0.962742 380.821042 0.003165 0.993697 -0.112058 -33.878518 -0.968751 0.030839 0.246110 168.460922
0.250629 0.107608 0.962084 381.681435 0.002799 0.993718 -0.111876 -33.973884 -0.968079 0.030732 0.248753 168.684967
0.253188 0.107437 0.961433 382.541066 0.002449 0.993740 -0.111692 -34.069143 -0.967414 0.030633 0.251340 168.911492
0.255691 0.107262 0.960790 383.399926 0.002115 0.993762 -0.111506 -34.164290 -0.966756 0.030543 0.253869 169.140433
0.258135 0.107085 0.960156 384.258007 0.001799 0.993783 -0.111319 -34.259319 -0.966107 0.030463 0.256337 169.371726
0.260519 0.106903 0.959532 385.115299 0.001502 0.993805 -0.111130 -34.354225 -0.965468 0.030393 0.258745 169.605305
0.262843 0.106718 0.958919 385.971793 0.001224 0.993826 -0.110939 -34.449000 -0.964838 0.030333 0.261089 169.841099
0.265104 0.106529 0.958317 386.827480 0.000966 0.993848 -0.110746 -34.543638 -0.964219 0.030285 0.263371 170.079038
0.267304 0.106336 0.957727 387.682347 0.000728 0.993870 -0.110552 -34.638132 -0.963612 0.030248 0.265588 170.319049
0.269441 0.106139 0.957150 388.536383 0.000510 0.993892 -0.110357 -34.732473 -0.963017 0.030223 0.267741 170.561056
0.271514 0.105937 0.956586 389.389574 0.000313 0.993914 -0.110160 -34.826654 -0.962434 0.030210 0.269828 170.804984
0.273524 0.105731 0.956036 390.241903 0.000137 0.993936 -0.109962 -34.920667 -0.961865 0.030208 0.271851 171.050755
0.275470 0.105521 0.955501 391.093352 -0.000019 0.993958 -0.109763 -35.014503 -0.961310 0.030218 0.273808 171.298290
0.277353 0.105307 0.954979 391.943901 -0.000154 0.993980 -0.109563 -35.108156 -0.960768 0.030241 0.275700 171.547509
0.279173 0.105090 0.954473 392.793527 -0.000269 0.994002 -0.109363 -35.201616 -0.960241 0.030275 0.277527 171.798333
0.280931 0.104869 0.953981 393.642204 -0.000363 0.994024 -0.109164 -35.294877 -0.959728 0.030321 0.279290 172.050681
0.282626 0.104644 0.953505 394.489905 -0.000437 0.994046 -0.108964 -35.387929 -0.959230 0.030380 0.280989 172.304471
0.284259 0.104417 0.953045 395.336598 -0.000491 0.994067 -0.108765 -35.480765 -0.958747 0.030450 0.282624 172.559623
0.285830 0.104187 0.952600 396.182249 -0.000525 0.994089 -0.108567 -35.573376 -0.958280 0.030531 0.284195 172.816055
0.287341 0.103954 0.952171 397.026821 -0.000540 0.994111 -0.108369 -35.665755 -0.957828 0.030625 0.285705 173.073684
0.288792 0.103718 0.951757 397.870277 -0.000536 0.994132 -0.108173 -35.757893 -0.957392 0.030730 0.287153 173.332430
0.290183 0.103481 0.951360 398.712575 -0.000513 0.994153 -0.107979 -35.849783 -0.956971 0.030846 0.288540 173.592208
0.291516 0.103242 0.950978 399.553671 -0.000471 0.994174 -0.107787 -35.941415 -0.956566 0.030974 0.289867 173.852939
0.292792 0.103001 0.950612 400.393519 -0.000411 0.994195 -0.107597 -36.032783 -0.956176 0.031113 0.291135 174.114539
0.294012 0.102759 0.950262 401.232072 -0.000332 0.994215 -0.107409 -36.123879 -0.955802 0.031264 0.292345 174.376928
0.295177 0.102516 0.949927 402.069278 -0.000236 0.994235 -0.107225 -36.214694 -0.955443 0.031426 0.293499 174.640025
0.296288 0.102273 0.949607 402.905085 -0.000122 0.994254 -0.107043 -36.305222 -0.955099 0.031600 0.294598 174.903752
0.297347 0.102029 0.949302 403.739437 0.000008 0.994274 -0.106865 -36.395455 -0.954770 0.031784 0.295643 175.168029
0.298355 0.101785 0.949012 404.572276 0.000155 0.994292 -0.106691 -36.485387 -0.954455 0.031979 0.296636 175.432780
0.299314 0.101541 0.948736 405.403541 0.000318 0.994311 -0.106520 -36.575010 -0.954154 0.032185 0.297579 175.697929
0.300227 0.101297 0.948474 406.233169 0.000497 0.994328 -0.106352 -36.664318 -0.953868 0.032401 0.298474 175.963399
0.301094 0.101053 0.948225 407.061094 0.000690 0.994346 -0.106187 -36.753304 -0.953594 0.032627 0.299322 176.229118
0.301918 0.100808 0.947989 407.887249 0.000898 0.994363 -0.106026 -36.841960 -0.953334 0.032863 0.300125 176.495013
0.302700 0.100564 0.947766 408.711562 0.001120 0.994380 -0.105868 -36.930280 -0.953085 0.033108 0.300886 176.761013
0.303443 0.100320 0.947554 409.533958 0.001355 0.994396 -0.105713 -37.018256 -0.952849 0.033361 0.301606 177.027049
0.304148 0.100077 0.947353 410.354360 0.001601 0.994411 -0.105562 -37.105882 -0.952623 0.033623 0.302288 177.293053
0.304818 0.099835 0.947164 411.172689 0.001858 0.994427 -0.105415 -37.193150 -0.952409 0.033893 0.302933 177.558958
0.305453 0.099594 0.946984 411.988861 0.002126 0.994441 -0.105271 -37.280055 -0.952205 0.034168 0.303544 177.824700
0.306057 0.099355 0.946814 412.802789 0.002402 0.994456 -0.105130 -37.366588 -0.952010 0.034450 0.304122 178.090215
0.306631 0.099117 0.946654 413.614383 0.002686 0.994469 -0.104993 -37.452745 -0.951825 0.034736 0.304669 178.355440
0.307177 0.098880 0.946501 414.423550 0.002976 0.994483 -0.104858 -37.538519 -0.951648 0.035027 0.305188 178.620314
0.307697 0.098644 0.946357 415.230192 0.003272 0.994496 -0.104726 -37.623903 -0.951479 0.035320 0.305681 178.884776
0.308192 0.098410 0.946220 416.034209 0.003572 0.994508 -0.104596 -37.708891 -0.951317 0.035615 0.306148 179.148766
0.308665 0.098177 0.946090 416.835495 0.003875 0.994521 -0.104467 -37.793477 -0.951163 0.035912 0.306593 179.412224
0.309117 0.097945 0.945967 417.633944 0.004181 0.994533 -0.104340 -37.877653 -0.951015 0.036208 0.307017 179.675093
0.309550 0.097715 0.945849 418.429444 0.004487 0.994545 -0.104215 -37.961412 -0.950873 0.036504 0.307422 179.937315
0.309965 0.097487 0.945737 419.221879 0.004794 0.994556 -0.104091 -38.044747 -0.950736 0.036798 0.307810 180.198834
0.310364 0.097261 0.945629 420.011133 0.005099 0.994568 -0.103968 -38.127648 -0.950604 0.037090 0.308182 180.459592
0.310749 0.097038 0.945526 420.797085 0.005402 0.994579 -0.103847 -38.210108 -0.950477 0.037378 0.308540 180.719536
0.311121 0.096817 0.945426 421.579614 0.005701 0.994589 -0.103728 -38.292119 -0.950353 0.037662 0.308886 180.978612
0.311482 0.096599 0.945329 422.358597 0.005996 0.994600 -0.103609 -38.373671 -0.950233 0.037941 0.309221 181.236767
0.311834 0.096384 0.945235 423.133910 0.006286 0.994610 -0.103492 -38.454757 -0.950116 0.038214 0.309548 181.493950
0.312179 0.096173 0.945143 423.905428 0.006570 0.994621 -0.103377 -38.535367 -0.950000 0.038481 0.309868 181.750111
0.312519 0.095966 0.945052 424.673026 0.006846 0.994630 -0.103264 -38.615493 -0.949887 0.038741 0.310184 182.005203
0.312854 0.095763 0.944961 425.436579 0.007114 0.994640 -0.103152 -38.695126 -0.949774 0.038994 0.310496 182.259180
0.313189 0.095565 0.944870 426.195962 0.007373 0.994650 -0.103043 -38.774258 -0.949662 0.039238 0.310809 182.511998
0.313524 0.095372 0.944779 426.951052 0.007622 0.994659 -0.102937 -38.852882 -0.949550 0.039474 0.311122 182.763614
0.313862 0.095185 0.944685 427.701726 0.007860 0.994668 -0.102833 -38.930989 -0.949436 0.039701 0.311440 183.013989
0.314205 0.095004 0.944590 428.447861 0.008087 0.994676 -0.102732 -39.008575 -0.949321 0.039918 0.311764 183.263085
0.314556 0.094829 0.944490 429.189338 0.008303 0.994685 -0.102634 -39.085631 -0.949203 0.040126 0.312096 183.510866
0.314916 0.094661 0.944387 429.926038 0.008506 0.994693 -0.102540 -39.162151 -0.949081 0.040324 0.312439 183.757297
0.315288 0.094500 0.944279 430.657846 0.008697 0.994700 -0.102450 -39.238129 -0.948956 0.040513 0.312795 184.002348
0.315674 0.094346 0.944166 431.384648 0.008874 0.994707 -0.102364 -39.313558 -0.948826 0.040692 0.313166 184.245987
0.316075 0.094199 0.944046 432.106332 0.009038 0.994714 -0.102281 -39.388434 -0.948691 0.040861 0.313553 184.488188
0.316494 0.094060 0.943920 432.822792 0.009187 0.994721 -0.102203 -39.462748 -0.948550 0.041019 0.313959 184.728923
0.316931 0.093928 0.943786 433.533920 0.009323 0.994728 -0.102129 -39.536496 -0.948403 0.041167 0.314384 184.968167
0.317387 0.093804 0.943645 434.239617 0.009444 0.994734 -0.102059 -39.609671 -0.948249 0.041304 0.314830 185.205896
0.317864 0.093687 0.943496 434.939784 0.009551 0.994739 -0.101993 -39.682268 -0.948088 0.041431 0.315297 185.442088
0.318363 0.093579 0.943339 435.634328 0.009643 0.994745 -0.101933 -39.754280 -0.947920 0.041548 0.315788 185.676721
0.318884 0.093478 0.943173 436.323157 0.009720 0.994750 -0.101877 -39.825701 -0.947744 0.041655 0.316301 185.909776
0.319426 0.093386 0.942998 437.006188 0.009783 0.994754 -0.101825 -39.896527 -0.947561 0.041751 0.316837 186.141234
0.319992 0.093301 0.942815 437.683337 0.009831 0.994759 -0.101777 -39.966750 -0.947369 0.041836 0.317397 186.371077
0.320579 0.093223 0.942623 438.354526 0.009863 0.994763 -0.101734 -40.036367 -0.947170 0.041911 0.317981 186.599292
0.321189 0.093153 0.942423 439.019683 0.009881 0.994767 -0.101695 -40.105371 -0.946964 0.041975 0.318587 186.825863
0.321820 0.093090 0.942213 439.678738 0.009884 0.994770 -0.101659 -40.173758 -0.946749 0.042029 0.319217 187.050777
0.322473 0.093034 0.941996 440.331627 0.009872 0.994774 -0.101626 -40.241523 -0.946527 0.042072 0.319869 187.274021
0.323147 0.092985 0.941769 440.978288 0.009846 0.994777 -0.101598 -40.308660 -0.946298 0.042104 0.320544 187.495585
0.323841 0.092944 0.941535 441.618666 0.009805 0.994780 -0.101572 -40.375166 -0.946061 0.042125 0.321240 187.715458
0.324556 0.092908 0.941293 442.252709 0.009751 0.994783 -0.101550 -40.441036 -0.945816 0.042137 0.321956 187.933631
0.325289 0.092881 0.941042 442.880372 0.009682 0.994785 -0.101532 -40.506264 -0.945565 0.042138 0.322693 188.150096
0.326041 0.092860 0.940784 443.501611 0.009599 0.994788 -0.101517 -40.570847 -0.945307 0.042129 0.323450 188.364846
0.326812 0.092847 0.940518 444.116390 0.009502 0.994790 -0.101506 -40.634781 -0.945042 0.042110 0.324227 188.577875
0.327600 0.092841 0.940244 444.724676 0.009391 0.994791 -0.101499 -40.698063 -0.944770 0.042081 0.325022 188.789179
0.328407 0.092843 0.939962 445.326443 0.009267 0.994793 -0.101497 -40.760689 -0.944491 0.042043 0.325837 188.998754
0.329231 0.092852 0.939673 445.921667 0.009130 0.994794 -0.101498 -40.822657 -0.944205 0.041995 0.326669 189.206599
0.330073 0.092869 0.939376 446.510332 0.008980 0.994795 -0.101503 -40.883964 -0.943913 0.041939 0.327521 189.412712
0.330933 0.092894 0.939071 447.092427 0.008817 0.994795 -0.101513 -40.944607 -0.943613 0.041874 0.328392 189.617094
0.331812 0.092926 0.938758 447.667944 0.008641 0.994795 -0.101528 -41.004586 -0.943306 0.041800 0.329282 189.819747
0.332709 0.092966 0.938436 448.236882 0.008454 0.994795 -0.101547 -41.063899 -0.942992 0.041719 0.330191 190.020673
0.333626 0.093014 0.938106 448.799247 0.008256 0.994794 -0.101570 -41.122544 -0.942670 0.041632 0.331121 190.219877
0.334562 0.093069 0.937767 449.355046 0.008047 0.994793 -0.101600 -41.180520 -0.942339 0.041537 0.332071 190.417365
0.335520 0.093133 0.937418 449.904296 0.007826 0.994791 -0.101635 -41.237826 -0.942001 0.041437 0.333043 190.613145
0.336499 0.093206 0.937060 450.447017 0.007596 0.994789 -0.101676 -41.294460 -0.941653 0.041332 0.334037 190.807226
0.337501 0.093287 0.936691 450.983234 0.007355 0.994786 -0.101723 -41.350423 -0.941297 0.041221 0.335055 190.999619
0.338526 0.093377 0.936312 451.512982 0.007105 0.994782 -0.101777 -41.405715 -0.940930 0.041107 0.336096 191.190336
0.339576 0.093475 0.935922 452.036295 0.006846 0.994778 -0.101837 -41.460336 -0.940554 0.040989 0.337163 191.379391
0.340652 0.093582 0.935520 452.553217 0.006577 0.994772 -0.101905 -41.514287 -0.940166 0.040867 0.338256 191.566800
0.341755 0.093698 0.935107 453.063794 0.006300 0.994767 -0.101979 -41.567571 -0.939768 0.040743 0.339376 191.752578
0.342885 0.093822 0.934680 453.568077 0.006015 0.994760 -0.102059 -41.620189 -0.939358 0.040616 0.340524 191.936742
0.344043 0.093954 0.934241 454.066120 0.005721 0.994753 -0.102147 -41.672144 -0.938936 0.040488 0.341700 192.119311
0.345231 0.094095 0.933789 454.557981 0.005420 0.994745 -0.102241 -41.723439 -0.938502 0.040358 0.342906 192.300302
0.346447 0.094244 0.933323 455.043719 0.005111 0.994736 -0.102343 -41.774078 -0.938056 0.040227 0.344142 192.479736
0.347693 0.094402 0.932844 455.523399 0.004795 0.994726 -0.102451 -41.824066 -0.937596 0.040094 0.345407 192.657630
0.348968 0.094567 0.932351 455.997084 0.004471 0.994716 -0.102566 -41.873405 -0.937124 0.039961 0.346701 192.834004
0.350270 0.094741 0.931845 456.464840 0.004140 0.994705 -0.102688 -41.922102 -0.936640 0.039826 0.348023 193.008875
0.351600 0.094922 0.931326 456.926738 0.003803 0.994693 -0.102816 -41.970160 -0.936143 0.039692 0.349373 193.182259
0.352954 0.095110 0.930794 457.382846 0.003459 0.994681 -0.102950 -42.017585 -0.935634 0.039557 0.350747 193.354173
0.354332 0.095305 0.930251 457.833236 0.003110 0.994667 -0.103089 -42.064382 -0.935115 0.039421 0.352146 193.524632
0.355730 0.095507 0.929696 458.277981 0.002756 0.994653 -0.103234 -42.110555 -0.934585 0.039286 0.353565 193.693648
0.357144 0.095714 0.929132 458.713314 0.002398 0.994639 -0.103384 -42.155755 -0.934046 0.039151 0.355000 193.859611
0.358571 0.095927 0.928561 459.135468 0.002036 0.994623 -0.103538 -42.199634 -0.933500 0.039016 0.356448 194.020908
0.360005 0.096145 0.927983 459.540679 0.001672 0.994608 -0.103696 -42.241843 -0.932949 0.038883 0.357903 194.175925
0.361443 0.096366 0.927401 459.925178 0.001308 0.994591 -0.103858 -42.282032 -0.932393 0.038751 0.359362 194.323048
0.362882 0.096591 0.926815 460.285199 0.000943 0.994575 -0.104022 -42.319854 -0.931835 0.038621 0.360822 194.460658
0.364318 0.096819 0.926228 460.616975 0.000578 0.994557 -0.104189 -42.354960 -0.931274 0.038493 0.362279 194.587141
0.365749 0.097049 0.925640 460.916736 0.000215 0.994540 -0.104358 -42.387003 -0.930714 0.038368 0.363731 194.700877
0.367172 0.097281 0.925052 461.180713 -0.000147 0.994522 -0.104529 -42.415634 -0.930153 0.038244 0.365175 194.800249
0.368588 0.097514 0.924464 461.405133 -0.000506 0.994504 -0.104700 -42.440508 -0.929593 0.038123 0.366611 194.883636
0.369994 0.097748 0.923878 461.586222 -0.000863 0.994485 -0.104873 -42.461275 -0.929034 0.038005 0.368038 194.949421
0.371390 0.097982 0.923292 461.720203 -0.001217 0.994467 -0.105046 -42.477589 -0.928476 0.037889 0.369455 194.995981
0.372778 0.098216 0.922708 461.803298 -0.001568 0.994448 -0.105219 -42.489104 -0.927919 0.037777 0.370862 195.021697
0.374157 0.098450 0.922125 461.831722 -0.001915 0.994429 -0.105393 -42.495471 -0.927364 0.037667 0.372261 195.024947
0.375528 0.098684 0.921542 461.801691 -0.002260 0.994410 -0.105566 -42.496344 -0.926808 0.037561 0.373652 195.004107
0.376893 0.098917 0.920960 461.709416 -0.002600 0.994390 -0.105740 -42.491373 -0.926253 0.037458 0.375036 194.957555
0.378254 0.099149 0.920377 461.551103 -0.002938 0.994371 -0.105913 -42.480211 -0.925697 0.037358 0.376417 194.883667
0.379613 0.099380 0.919792 461.322957 -0.003272 0.994352 -0.106086 -42.462510 -0.925140 0.037262 0.377794 194.780818
0.380972 0.099611 0.919205 461.021178 -0.003603 0.994332 -0.106258 -42.437919 -0.924580 0.037169 0.379171 194.647385
0.382333 0.099840 0.918615 460.641962 -0.003932 0.994312 -0.106430 -42.406090 -0.924016 0.037080 0.380551 194.481740
0.383698 0.100067 0.918021 460.181504 -0.004257 0.994293 -0.106602 -42.366674 -0.923449 0.036994 0.381934 194.282259
0.385069 0.100294 0.917422 459.635992 -0.004581 0.994273 -0.106772 -42.319320 -0.922876 0.036912 0.383323 194.047313
0.386449 0.100518 0.916817 459.001612 -0.004902 0.994253 -0.106942 -42.263680 -0.922298 0.036833 0.384720 193.775275
0.387838 0.100741 0.916206 458.274547 -0.005221 0.994233 -0.107111 -42.199402 -0.921713 0.036758 0.386127 193.464515
0.389239 0.100962 0.915587 457.450977 -0.005538 0.994214 -0.107278 -42.126137 -0.921120 0.036686 0.387546 193.113404
0.390628 0.101180 0.914971 456.431414 -0.005850 0.994194 -0.107443 -42.034708 -0.920530 0.036618 0.388952 192.679926
0.392007 0.101395 0.914358 455.215842 -0.006157 0.994175 -0.107606 -41.925114 -0.919942 0.036553 0.390348 192.164058
0.393377 0.101606 0.913746 453.804242 -0.006458 0.994155 -0.107767 -41.797355 -0.919355 0.036492 0.391734 191.565772
0.394738 0.101814 0.913135 452.196593 -0.006754 0.994136 -0.107925 -41.651432 -0.918769 0.036435 0.393111 190.885042
0.396091 0.102018 0.912526 450.392876 -0.007045 0.994117 -0.108082 -41.487344 -0.918184 0.036381 0.394480 190.121842
0.397436 0.102219 0.911919 448.393067 -0.007332 0.994098 -0.108236 -41.305091 -0.917601 0.036331 0.395840 189.276143
0.398773 0.102417 0.911313 446.197143 -0.007614 0.994080 -0.108387 -41.104672 -0.917018 0.036283 0.397192 188.347919
0.400101 0.102611 0.910709 443.805081 -0.007892 0.994061 -0.108536 -40.886087 -0.916437 0.036238 0.398534 187.337140
0.401419 0.102802 0.910107 441.216854 -0.008166 0.994043 -0.108681 -40.649336 -0.915858 0.036195 0.399868 186.243779
0.402728 0.102988 0.909507 438.432436 -0.008435 0.994025 -0.108824 -40.394419 -0.915281 0.036155 0.401190 185.067806
0.404025 0.103171 0.908911 435.451800 -0.008700 0.994008 -0.108963 -40.121336 -0.914706 0.036117 0.402502 183.809192
0.405310 0.103349 0.908319 432.274917 -0.008960 0.993991 -0.109098 -39.830086 -0.914135 0.036080 0.403801 182.467905
0.406581 0.103522 0.907731 428.901759 -0.009216 0.993974 -0.109230 -39.520670 -0.913568 0.036045 0.405085 181.043917
0.407836 0.103691 0.907148 425.332295 -0.009467 0.993957 -0.109358 -39.193087 -0.913006 0.036012 0.406354 179.537197
0.409074 0.103856 0.906572 421.566496 -0.009714 0.993941 -0.109482 -38.847336 -0.912449 0.035980 0.407605 177.947715
0.410293 0.104016 0.906003 417.604330 -0.009956 0.993926 -0.109602 -38.483418 -0.911900 0.035949 0.408836 176.275442
0.411490 0.104171 0.905441 413.445769 -0.010193 0.993911 -0.109717 -38.101332 -0.911357 0.035919 0.410046 174.520348
0.412665 0.104321 0.904889 409.090784 -0.010425 0.993896 -0.109829 -37.701076 -0.910823 0.035889 0.411234 172.682403
0.413816 0.104466 0.904347 404.539345 -0.010650 0.993882 -0.109935 -37.282652 -0.910298 0.035861 0.412397 170.761581
0.414941 0.104605 0.903815 399.791426 -0.010870 0.993868 -0.110038 -36.846057 -0.909783 0.035835 0.413534 168.757854
0.416039 0.104738 0.903295 394.847001 -0.011082 0.993855 -0.110135 -36.391293 -0.909279 0.035810 0.414643 166.671196
0.417110 0.104866 0.902786 389.706044 -0.011288 0.993842 -0.110227 -35.918358 -0.908786 0.035786 0.415725 164.501583
0.418152 0.104987 0.902290 384.368531 -0.011487 0.993830 -0.110315 -35.427251 -0.908305 0.035764 0.416778 162.248994
0.419165 0.105101 0.901806 378.834440 -0.011678 0.993819 -0.110397 -34.917973 -0.907835 0.035744 0.417802 159.913408
0.419866 0.105194 0.901469 369.480881 -0.011816 0.993810 -0.110466 -34.056417 -0.907509 0.035729 0.418510 155.965413
0.420555 0.105283 0.901138 360.120819 -0.011950 0.993801 -0.110532 -33.194217 -0.907188 0.035716 0.419206 152.014661
0.421235 0.105368 0.900810 350.758169 -0.012081 0.993792 -0.110595 -32.331735 -0.906871 0.035704 0.419893 148.062800
0.421909 0.105450 0.900485 341.396843 -0.012208 0.993784 -0.110656 -31.469335 -0.906556 0.035693 0.420574 144.111481
0.422580 0.105529 0.900161 332.040756 -0.012333 0.993776 -0.110714 -30.607380 -0.906242 0.035684 0.421251 140.162355
0.423249 0.105605 0.899838 322.693822 -0.012455 0.993768 -0.110771 -29.746231 -0.905928 0.035676 0.421926 136.217072
0.423920 0.105678 0.899513 313.359955 -0.012576 0.993760 -0.110824 -28.886253 -0.905613 0.035668 0.422603 132.277287
0.424594 0.105749 0.899187 304.043068 -0.012695 0.993753 -0.110876 -28.027807 -0.905295 0.035662 0.423284 128.344652
0.425275 0.105817 0.898857 294.747078 -0.012814 0.993746 -0.110925 -27.171256 -0.904973 0.035656 0.423972 124.420820
0.425965 0.105883 0.898523 285.475900 -0.012932 0.993739 -0.110972 -26.316961 -0.904647 0.035651 0.424667 120.507447
0.426665 0.105946 0.898183 276.233450 -0.013050 0.993733 -0.111018 -25.465285 -0.904316 0.035646 0.425373 116.606186
0.427375 0.106008 0.897838 267.023647 -0.013168 0.993726 -0.111062 -24.616589 -0.903978 0.035642 0.426090 112.718694
0.428099 0.106068 0.897486 257.850410 -0.013286 0.993720 -0.111104 -23.771236 -0.903634 0.035639 0.426819 108.846625
0.428834 0.106126 0.897128 248.717658 -0.013406 0.993714 -0.111144 -22.929588 -0.903284 0.035636 0.427561 104.991636
0.429582 0.106183 0.896764 239.629314 -0.013526 0.993708 -0.111183 -22.092005 -0.902927 0.035633 0.428315 101.155383
0.430340 0.106239 0.896393 230.589301 -0.013647 0.993702 -0.111220 -21.258851 -0.902564 0.035630 0.429080 97.339523
0.431109 0.106293 0.896017 221.601543 -0.013768 0.993696 -0.111257 -20.430488 -0.902195 0.035627 0.429855 93.545713
0.431886 0.106346 0.895637 212.669969 -0.013890 0.993691 -0.111291 -19.607278 -0.901821 0.035625 0.430638 89.775612
0.432668 0.106399 0.895253 203.798505 -0.014012 0.993685 -0.111325 -18.789584 -0.901445 0.035623 0.431426 86.030877
0.433451 0.106450 0.894868 194.991083 -0.014134 0.993680 -0.111358 -17.977770 -0.901066 0.035620 0.432216 82.313166
0.434231 0.106499 0.894484 186.251633 -0.014255 0.993675 -0.111389 -17.172198 -0.900689 0.035618 0.433003 78.624138
0.435004 0.106548 0.894102 177.584090 -0.014375 0.993670 -0.111419 -16.373232 -0.900314 0.035615 0.433782 74.965451
0.435762 0.106596 0.893728 168.992387 -0.014494 0.993665 -0.111448 -15.581236 -0.899945 0.035612 0.434546 71.338766
0.436499 0.106642 0.893362 160.480461 -0.014609 0.993660 -0.111476 -14.796573 -0.899586 0.035608 0.435290 67.745741
