4.462430 4.697300
4.802064 4.983840
5.157479 5.275900
5.529097 5.573287
5.917339 5.875801
6.322623 6.183233
6.745371 6.495370
7.186000 6.811990
7.644927 7.132866
8.122571 7.457765
8.619344 7.786449
9.135662 8.118677
9.671937 8.454201
10.228578 8.792771
10.805995 9.134133
11.404595 9.478031
12.024781 9.824205
12.666955 10.172394
13.331518 10.522332
14.018866 10.873755
14.729393 11.226394
15.463492 11.579980
16.221552 11.934242
17.003960 12.288908
17.811098 12.643704
18.643347 12.998355
19.428872 13.250095
20.234266 13.494858
21.059575 13.732206
21.904831 13.961716
22.770050 14.182981
23.655238 14.395614
24.560386 14.599241
25.485471 14.793506
26.430460 14.978070
27.395304 15.152607
28.379945 15.316811
29.384312 15.470389
30.408322 15.613064
31.451879 15.744572
32.514879 15.864667
33.597204 15.973112
34.698724 16.069688
35.819301 16.154183
36.958784 16.226402
38.117010 16.286159
39.293806 16.333280
40.488990 16.367599
41.702366 16.388962
42.933729 16.397222
44.182866 16.392242
45.449549 16.373890
46.734435 16.344163
48.037382 16.303094
49.358246 16.250730
50.696878 16.187120
52.053128 16.112326
53.426843 16.026411
54.817867 15.929448
56.226039 15.821512
57.651200 15.702683
59.093184 15.573047
60.551824 15.432690
62.026952 15.281701
63.518396 15.120171
65.025982 14.948193
66.549534 14.765860
68.088875 14.573264
69.643825 14.370500
71.214203 14.157662
72.799826 13.934841
74.400509 13.702131
76.016064 13.459623
77.646302 13.207411
79.291033 12.945583
80.950064 12.674232
82.623203 12.393446
84.310256 12.103314
86.011029 11.803925
87.725328 11.495358
89.452958 11.177684
91.193723 10.850967
92.947430 10.515260
94.713881 10.170609
96.492880 9.817054
98.284231 9.454624
100.087735 9.083340
101.903194 8.703220
103.730408 8.314269
105.569177 7.916489
107.419302 7.509875
109.280581 7.094416
111.152812 6.670095
113.035794 6.236889
114.929324 5.794773
116.833202 5.343716
118.747224 4.883683
120.671189 4.414636
122.604894 3.936533
124.548137 3.449330
126.500716 2.952983
128.462428 2.447442
130.433073 1.932660
132.412450 1.408587
134.400357 0.875173
136.396596 0.332366
138.400967 -0.219883
140.413272 -0.781626
142.433315 -1.352911
144.460900 -1.933787
146.495833 -2.524303
148.537923 -3.124503
150.586977 -3.734431
152.642809 -4.354129
154.705232 -4.983636
156.774061 -5.622990
158.849116 -6.272226
160.930217 -6.931375
163.017187 -7.600469
165.109852 -8.279535
167.208040 -8.968598
169.311585 -9.667682
171.420319 -10.376808
173.534082 -11.095995
175.652713 -11.825263
177.776056 -12.564625
179.903959 -13.314098
182.036271 -14.073695
184.172845 -14.843427
186.313538 -15.623307
188.458207 -16.413345
190.606717 -17.213550
192.758931 -18.023932
194.914718 -18.844500
197.073949 -19.675262
199.236502 -20.516226
201.402253 -21.367399
203.571086 -22.228788
205.742886 -23.100402
207.917543 -23.982246
210.094950 -24.874327
212.275002 -25.776654
214.457599 -26.689233
216.642644 -27.612073
218.830042 -28.545181
221.019701 -29.488566
223.211533 -30.442237
225.405453 -31.406203
227.601377 -32.380475
229.799224 -33.365062
231.998917 -34.359975
234.200378 -35.365225
236.403534 -36.380823
238.608311 -37.406781
240.814638 -38.443111
243.022445 -39.489825
245.231663 -40.546935
247.442223 -41.614455
249.654059 -42.692397
251.867102 -43.780775
254.081287 -44.879601
256.296546 -45.988890
258.512813 -47.108657
260.730021 -48.238915
262.948102 -49.379679
265.166988 -50.530962
267.386611 -51.692779
269.606901 -52.865141
271.827786 -54.048061
274.049197 -55.241547
276.271060 -56.445608
278.493301 -57.660251
280.715847 -58.885480
282.938622 -60.121298
285.161550 -61.367705
287.384554 -62.624698
289.607558 -63.892270
291.830483 -65.170413
294.053251 -66.459114
296.275782 -67.758355
298.497998 -69.068116
300.719818 -70.388373
302.941162 -71.719096
305.161950 -73.060252
307.382098 -74.411802
309.601526 -75.773704
311.820151 -77.145908
314.037888 -78.528364
316.254654 -79.921012
318.470365 -81.323790
320.684935 -82.736632
322.898278 -84.159462
325.110311 -85.592204
327.320947 -87.034775
329.530101 -88.487085
331.737689 -89.949043
333.943627 -91.420549
336.147832 -92.901499
338.350220 -94.391784
340.550711 -95.891291
342.749224 -97.399902
344.945682 -98.917493
347.140008 -100.443937
349.332128 -101.979102
351.521972 -103.522850
353.709472 -105.075041
355.894561 -106.635528
358.077180 -108.204161
360.257269 -109.780787
362.434776 -111.365246
364.609651 -112.957375
366.781847 -114.557006
368.951324 -116.163969
371.118046 -117.778089
373.281980 -119.399186
375.443101 -121.027081
377.601387 -122.661587
379.756821 -124.302519
381.909393 -125.949687
384.059096 -127.602900
386.205931 -129.261965
388.349902 -130.926687
390.491019 -132.596870
392.629298 -134.272316
394.764759 -135.952828
396.897427 -137.638208
399.027332 -139.328258
401.154506 -141.022781
403.278988 -142.721580
405.400818 -144.424458
407.520042 -146.131223
409.636709 -147.841681
411.750869 -149.555642
413.862578 -151.272919
415.971893 -152.993326
418.078874 -154.716681
420.183585 -156.442805
422.286093 -158.171520
424.386464 -159.902655
426.484771 -161.636040
428.581086 -163.371509
430.675484 -165.108899
432.768040 -166.848053
434.858832 -168.588816
436.947940 -170.331038
439.035442 -172.074572
441.121419 -173.819277
443.205950 -175.565016
445.289118 -177.311656
447.371003 -179.059069
449.451686 -180.807131
451.531249 -182.555722
453.609771 -184.304726
455.687331 -186.054034
457.764007 -187.803540
459.839877 -189.553142
461.915015 -191.302745
463.989495 -193.052256
466.063389 -194.801590
468.136766 -196.550663
470.209696 -198.299400
472.282242 -200.047729
474.354468 -201.795582
476.426435 -203.542897
478.498200 -205.289617
480.569820 -207.035687
482.641347 -208.781060
484.712830 -210.525690
486.784316 -212.269539
488.855849 -214.012569
490.927469 -215.754750
492.999215 -217.496053
495.071119 -219.236456
497.143213 -220.975939
499.215525 -222.714486
501.288077 -224.452083
503.360894 -226.188720
505.433995 -227.924391
507.507396 -229.659089
509.581114 -231.392813
511.655160 -233.125563
513.729546 -234.857338
515.804280 -236.588141
517.879372 -238.317975
519.954827 -240.046846
522.030649 -241.774758
524.106843 -243.501717
526.183408 -245.227731
528.260347 -246.952808
530.337658 -248.676955
532.415339 -250.400180
534.493387 -252.122494
536.571798 -253.843904
538.650567 -255.564420
540.729690 -257.284053
542.809159 -259.002812
544.888969 -260.720706
546.969112 -262.437745
549.049581 -264.153938
551.130369 -265.869296
553.211467 -267.583828
555.292867 -269.297544
557.374561 -271.010453
559.456541 -272.722566
561.538799 -274.433891
563.621325 -276.144438
565.704111 -277.854216
567.787150 -279.563233
569.870431 -281.271497
571.953948 -282.979016
574.037692 -284.685797
576.121655 -286.391846
578.205829 -288.097167
580.290208 -289.801767
582.374782 -291.505650
584.459546 -293.208818
586.544493 -294.911274
588.629617 -296.613021
590.714912 -298.314059
592.800372 -300.014388
594.885991 -301.714007
596.971766 -303.412916
599.057693 -305.111111
601.143769 -306.808589
603.229990 -308.505347
605.316356 -310.201380
607.402864 -311.896684
609.489514 -313.591254
611.576304 -315.285084
613.663233 -316.978169
615.750303 -318.670503
617.837512 -320.362081
619.924861 -322.052898
622.012351 -323.742948
624.099982 -325.432227
626.187755 -327.120729
628.275670 -328.808451
630.363730 -330.495388
632.451935 -332.181535
634.540287 -333.866889
636.628788 -335.551446
638.717440 -337.235201
640.806244 -338.918152
642.895204 -340.600293
644.984322 -342.281620
647.073599 -343.962130
649.163039 -345.641817
651.252646 -347.320677
653.342421 -348.998706
655.432368 -350.675897
657.522489 -352.352244
659.612787 -354.027743
661.703265 -355.702385
663.793925 -357.376164
665.884770 -359.049072
667.975803 -360.721102
670.067028 -362.392245
672.158446 -364.062494
674.250062 -365.731839
676.341878 -367.400273
678.433898 -369.067786
680.526126 -370.734371
682.618564 -372.400019
684.711218 -374.064722
686.804090 -375.728472
688.897185 -377.391260
690.990507 -379.053079
693.084061 -380.713921
695.177849 -382.373778
697.271879 -384.032643
699.366155 -385.690509
701.460680 -387.347368
703.555462 -389.003214
705.650504 -390.658039
707.745812 -392.311838
709.841392 -393.964602
711.937248 -395.616326
714.033387 -397.267002
716.129815 -398.916624
718.226537 -400.565185
720.323560 -402.212677
722.420889 -403.859094
724.518531 -405.504428
726.616491 -407.148672
728.714775 -408.791819
730.813389 -410.433862
732.912338 -412.074794
735.011627 -413.714605
737.111261 -415.353291
739.211247 -416.990842
741.311587 -418.627252
743.412288 -420.262513
745.513352 -421.896618
747.614785 -423.529560
749.716590 -425.161332
751.818771 -426.791926
753.921331 -428.421337
756.024273 -430.049556
758.127602 -431.676577
760.231321 -433.302393
762.335433 -434.926997
764.439944 -436.550381
766.544856 -438.172540
768.650174 -439.793466
770.755903 -441.413152
772.862046 -443.031591
774.968610 -444.648774
777.075598 -446.264695
779.183015 -447.879345
781.290866 -449.492716
783.399155 -451.104799
785.507887 -452.715584
787.617064 -454.325063
789.726692 -455.933225
791.836773 -457.540060
793.947311 -459.145559
796.058308 -460.749709
798.169767 -462.352501
800.281688 -463.953922
802.394074 -465.553961
804.506925 -467.152605
806.620241 -468.749840
808.734023 -470.345655
810.848269 -471.940034
812.962979 -473.532963
815.078151 -475.124428
817.193784 -476.714412
819.309875 -478.302899
821.426420 -479.889874
823.543418 -481.475317
825.660863 -483.059212
827.778751 -484.641538
829.897079 -486.222277
832.015842 -487.801409
834.135035 -489.378912
836.254654 -490.954767
838.374694 -492.528951
840.495151 -494.101442
842.616020 -495.672218
844.737296 -497.241257
846.858974 -498.808536
848.981050 -500.374033
851.103518 -501.937727
853.226375 -503.499594
855.349617 -505.059613
857.473237 -506.617763
859.597234 -508.174023
861.721601 -509.728372
863.846334 -511.280791
865.971427 -512.831261
868.096877 -514.379762
870.222676 -515.926278
872.348820 -517.470793
874.475301 -519.013289
876.602114 -520.553752
878.729252 -522.092168
880.856707 -523.628523
882.984471 -525.162805
885.112537 -526.695004
887.240896 -528.225108
889.369542 -529.753108
891.498464 -531.278996
893.627656 -532.802763
895.757109 -534.324401
897.886816 -535.843904
900.016768 -537.361264
902.146958 -538.876476
904.277378 -540.389535
906.408022 -541.900435
908.538883 -543.409173
910.669952 -544.915745
912.801225 -546.420147
914.932693 -547.922378
917.064351 -549.422436
919.196191 -550.920320
921.328208 -552.416030
923.460394 -553.909566
925.592743 -555.400931
927.725248 -556.890126
929.857902 -558.377156
931.990698 -559.862026
934.123631 -561.344741
936.256694 -562.825307
938.389879 -564.303733
940.523179 -565.780026
942.656587 -567.254195
944.790094 -568.726250
946.923692 -570.196199
949.057375 -571.664053
951.191134 -573.129822
953.324960 -574.593514
955.458846 -576.055139
957.592783 -577.514707
959.726761 -578.972225
961.860771 -580.427703
963.994804 -581.881147
966.128850 -583.332565
968.262899 -584.781964
970.396941 -586.229350
972.530967 -587.674727
974.664968 -589.118102
976.798933 -590.559476
978.932853 -591.998854
981.066719 -593.436237
983.200523 -594.871627
985.334256 -596.305025
987.467911 -597.736431
989.601481 -599.165843
991.734960 -600.593261
993.868341 -602.018681
996.001621 -603.442102
998.134793 -604.863522
1000.267855 -606.282937
1002.400804 -607.700344
1004.533635 -609.115740
1006.666349 -610.529123
1008.798943 -611.940488
1010.931417 -613.349832
1013.063771 -614.757152
1015.196006 -616.162446
1017.328124 -617.565711
1019.460128 -618.966944
1021.592021 -620.366144
1023.723807 -621.763308
1025.855494 -623.158437
1027.987087 -624.551529
1030.118595 -625.942584
1032.250028 -627.331602
1034.381396 -628.718583
1036.512712 -630.103527
1038.643989 -631.486435
1040.775242 -632.867306
1042.906486 -634.246142
1045.037741 -635.622945
1047.169026 -636.997717
1049.300361 -638.370459
1051.431769 -639.741176
1053.563273 -641.109872
1055.694899 -642.476552
1057.826673 -643.841222
1059.958622 -645.203891
1062.090775 -646.564566
1064.223165 -647.923258
1066.355822 -649.279977
1068.488780 -650.634735
1070.622075 -651.987547
1072.755742 -653.338427
1074.889820 -654.687392
1077.024349 -656.034457
1079.159368 -657.379642
1081.294919 -658.722966
1083.431045 -660.064451
1085.567789 -661.404117
1087.705196 -662.741990
1089.843313 -664.078092
1091.982183 -665.412450
1094.121855 -666.745091
1096.262375 -668.076043
1098.403791 -669.405335
1100.546151 -670.732997
1102.689503 -672.059059
1104.833896 -673.383553
1106.979380 -674.706511
1109.126002 -676.027966
1111.273814 -677.347952
1113.422865 -678.666502
1115.573205 -679.983653
1117.724884 -681.299438
1119.877954 -682.613893
1122.032465 -683.927053
1124.188469 -685.238954
1126.346016 -686.549632
1128.505159 -687.859122
1130.665948 -689.167459
1132.828434 -690.474675
1134.992668 -691.780806
1137.158699 -693.085883
1139.326579 -694.389941
1141.496356 -695.693012
1143.668080 -696.995127
1145.841797 -698.296319
1148.017555 -699.596617
1150.195402 -700.896053
1152.375381 -702.194654
1154.557538 -703.492450
1156.741915 -704.789468
1158.928555 -706.085734
1161.117500 -707.381274
1163.308788 -708.676111
1165.502461 -709.970268
1167.698556 -711.263768
1169.897109 -712.556631
1172.098156 -713.848876
1174.301731 -715.140522
1176.507867 -716.431586
1178.716595 -717.722082
1180.927945 -719.012025
1183.141946 -720.301429
1185.358623 -721.590306
1187.578002 -722.878666
1189.800106 -724.166519
1192.024957 -725.453875
1194.252575 -726.740739
1196.482978 -728.027119
1198.716184 -729.313020
1200.952205 -730.598445
1203.191057 -731.883396
1205.432750 -733.167875
1207.677294 -734.451880
1209.924695 -735.735412
1212.174961 -737.018465
1214.428094 -738.301037
1216.684097 -739.583122
1218.942969 -740.864712
1221.204709 -742.145799
1223.469311 -743.426374
1225.736771 -744.706425
1228.007079 -745.985941
1230.280225 -747.264908
1232.556194 -748.543312
1234.834971 -749.821136
1237.116539 -751.098365
1239.400878 -752.374981
1241.687964 -753.650966
1243.977776 -754.926302
1246.270286 -756.200970
1248.565467 -757.474949
1250.863289 -758.748219
1253.163718 -760.020759
1255.466723 -761.292546
1257.772267 -762.563559
1260.080314 -763.833774
1262.390825 -765.103169
1264.703761 -766.371720
1267.019081 -767.639405
1269.336741 -768.906198
1271.656699 -770.172078
1273.978908 -771.437018
1276.303322 -772.700997
1278.629894 -773.963990
1280.958574 -775.225972
1283.289313 -776.486920
1285.622058 -777.746808
1287.956757 -779.005613
1290.293359 -780.263309
1292.631807 -781.519872
1294.972047 -782.775277
1297.314024 -784.029499
1299.657680 -785.282511
1302.002959 -786.534288
1304.349803 -787.784803
1306.698152 -789.034030
1309.047948 -790.281942
1311.399133 -791.528511
1313.751645 -792.773710
1316.105427 -794.017512
1318.460418 -795.259890
1320.816559 -796.500815
1323.173789 -797.740261
1325.532050 -798.978200
1327.891282 -800.214605
1330.251425 -801.449449
1332.612421 -802.682705
1334.974210 -803.914346
1337.336733 -805.144346
1339.699932 -806.372679
1342.063747 -807.599318
1344.428122 -808.824238
1346.792998 -810.047414
1349.158318 -811.268820
1351.524025 -812.488432
1353.890063 -813.706225
1356.256377 -814.922175
1358.622910 -816.136257
1360.989608 -817.348448
1363.356415 -818.558724
1365.723280 -819.767062
1368.090147 -820.973439
1370.456964 -822.177833
1372.823679 -823.380220
1375.190239 -824.580580
1377.556592 -825.778889
1379.922685 -826.975126
1382.288468 -828.169270
1384.653888 -829.361297
1387.018894 -830.551188
1389.383433 -831.738920
1391.747456 -832.924470
1394.110910 -834.107818
1396.473743 -835.288942
1398.835905 -836.467820
1401.197345 -837.644430
1403.558010 -838.818753
1405.917850 -839.990767
1408.276813 -841.160453
1410.634847 -842.327791
1412.991903 -843.492762
1415.347928 -844.655347
1417.702872 -845.815529
1420.056684 -846.973292
1422.409314 -848.128618
1424.760711 -849.281494
1427.110824 -850.431904
1429.459604 -851.579837
1431.806999 -852.725279
1434.152960 -853.868220
1436.497436 -855.008650
1438.840376 -856.146561
1441.181730 -857.281945
1443.521446 -858.414795
1445.859475 -859.545107
1448.195766 -860.672878
1450.530267 -861.798104
1452.862930 -862.920786
1455.193703 -864.040923
1457.522537 -865.158519
1459.849381 -866.273577
1462.174187 -867.386101
1464.496903 -868.496100
1466.817481 -869.603580
1469.135870 -870.708552
1471.452022 -871.811028
1473.765885 -872.911020
1476.077410 -874.008544
1478.386547 -875.103615
1480.693247 -876.196250
1482.997458 -877.286471
1485.299131 -878.374296
1487.598214 -879.459748
1489.894659 -880.542851
1492.188413 -881.623631
1494.479428 -882.702114
1496.767653 -883.778329
1499.053040 -884.852306
1501.335538 -885.924076
1503.615099 -886.993673
1505.891676 -888.061131
1508.165219 -889.126487
1510.435684 -890.189777
1512.703023 -891.251042
1514.967191 -892.310320
1517.228145 -893.367653
1519.485841 -894.423083
1521.740237 -895.476651
1523.991293 -896.528401
1526.238966 -897.578376
1528.483219 -898.626620
1530.724012 -899.673179
1532.961307 -900.718095
1535.195067 -901.761414
1537.425256 -902.803181
1539.651838 -903.843439
1541.874778 -904.882235
1544.094043 -905.919610
1546.309601 -906.955608
1548.521418 -907.990272
1550.729465 -909.023642
1552.933712 -910.055759
1555.134132 -911.086662
1557.330696 -912.116387
1559.523379 -913.144970
1561.712156 -914.172445
1563.897004 -915.198843
1566.077902 -916.224194
1568.254828 -917.248525
1570.427764 -918.271860
1572.596693 -919.294223
1574.761600 -920.315631
1576.922470 -921.336102
1579.079293 -922.355650
1581.232060 -923.374286
1583.380761 -924.392018
1585.525393 -925.408853
1587.665949 -926.424792
1589.802429 -927.439834
1591.934833 -928.453977
1594.063162 -929.467213
1596.187419 -930.479533
1598.307611 -931.490924
1600.423744 -932.501369
1602.535826 -933.510851
1604.643869 -934.519346
1606.747884 -935.526829
1608.847883 -936.533275
1610.943882 -937.538651
1613.035897 -938.542925
1615.123943 -939.546061
1617.208038 -940.548023
1619.288200 -941.548768
1621.364446 -942.548257
1623.436794 -943.546445
1625.505261 -944.543286
1627.569864 -945.538734
1629.630620 -946.532741
1631.687545 -947.525255
1633.740654 -948.516228
1635.789961 -949.505606
1637.835479 -950.493337
1639.877222 -951.479366
1641.915200 -952.463637
1643.949423 -953.446095
1645.979901 -954.426683
1648.006639 -955.405343
1650.029644 -956.382016
1652.048919 -957.356645
1654.064463 -958.329170
1656.076276 -959.299534
1658.084351 -960.267677
1660.088682 -961.233543
1662.089257 -962.197076
1664.086062 -963.158219
1666.079079 -964.116921
1668.068284 -965.073130
1670.053651 -966.026797
1672.035148 -966.977877
1674.012738 -967.926325
1675.986378 -968.872103
1677.956020 -969.815175
1679.921611 -970.755509
1681.883090 -971.693078
1683.840391 -972.627858
1685.793441 -973.559831
1687.742162 -974.488984
1689.686467 -975.415310
1691.626265 -976.338808
1693.561457 -977.259481
1695.491937 -978.177341
1697.417592 -979.092404
1699.338304 -980.004696
1701.253945 -980.914247
1703.164381 -981.821097
1705.069469 -982.725291
1706.969061 -983.626884
1708.862999 -984.525934
1710.751117 -985.422512
1712.633242 -986.316693
1714.509192 -987.208560
1716.378778 -988.098204
1718.241801 -988.985723
1720.098057 -989.871222
1721.947332 -990.754815
1723.789405 -991.636622
1725.624047 -992.516771
1727.451022 -993.395397
1729.270086 -994.272643
1731.080987 -995.148661
1732.883466 -996.023608
1734.677255 -996.897651
1736.462079 -997.770964
1738.237656 -998.643729
1740.003695 -999.516136
1741.759898 -1000.388381
1743.505960 -1001.260672
1745.241569 -1002.133222
1746.966404 -1003.006252
1748.680140 -1003.879990
1750.382445 -1004.754675
1752.072977 -1005.630548
1753.751393 -1006.507860
1755.417338 -1007.386867
1757.070457 -1008.267830
1758.710385 -1009.151015
1760.336754 -1010.036694
1761.949190 -1010.925139
1763.547313 -1011.816627
1765.130743 -1012.711439
1766.699090 -1013.609855
1768.251963 -1014.512155
1769.788966 -1015.418620
1771.309700 -1016.329530
1772.813761 -1017.245163
1774.300741 -1018.165793
1775.770231 -1019.091691
1777.221817 -1020.023126
1778.655084 -1020.960358
1780.069610 -1021.903641
1781.464976 -1022.853224
1782.840757 -1023.809345
1784.196527 -1024.772234
1785.531859 -1025.742111
1786.846327 -1026.719183
1788.139501 -1027.703650
1789.410955 -1028.695696
1790.660260 -1029.695492
1791.886990 -1030.703196
1793.090720 -1031.718952
1794.271026 -1032.742888
1795.427488 -1033.775116
1796.559688 -1034.815733
1797.667211 -1035.864818
1798.749647 -1036.922434
1799.806590 -1037.988625
1800.837637 -1039.063418
1801.842391 -1040.146817
1802.820461 -1041.238810
1803.771460 -1042.339365
1804.695010 -1043.448427
1805.590737 -1044.565921
1806.458277 -1045.691752
1807.297274 -1046.825803
1808.107380 -1047.967933
1808.888254 -1049.117981
1809.639567 -1050.275763
1810.360997 -1051.441072
1811.052233 -1052.613678
1811.712974 -1053.793327
1812.342929 -1054.979747
1812.941819 -1056.172637
1813.509377 -1057.371678
1814.045346 -1058.576528
1814.549482 -1059.786823
1815.021553 -1061.002180
1815.461343 -1062.222193
1815.868644 -1063.446440
1816.243266 -1064.674477
1816.585032 -1065.905844
1816.893779 -1067.140063
1817.169360 -1068.376642
1817.411646 -1069.615070
1817.620521 -1070.854828
1817.795890 -1072.095381
1817.937672 -1073.336182
1818.045803 -1074.576674
1818.120238 -1075.816291
1818.160949 -1077.054459
1818.167926 -1078.290597
1818.141178 -1079.524120
1818.080732 -1080.754439
1817.986634 -1081.980962
1817.858948 -1083.203096
1817.697755 -1084.420247
1817.503156 -1085.631823
1817.275269 -1086.837235
1817.014232 -1088.035898
1816.720201 -1089.227231
1816.393350 -1090.410661
1816.033872 -1091.585622
1815.641977 -1092.751557
1815.217893 -1093.907917
1814.761865 -1095.054166
1814.274154 -1096.189779
1813.755041 -1097.314243
1813.204821 -1098.427060
1812.623807 -1099.527747
1812.012330 -1100.615835
1811.370734 -1101.690873
1810.699380 -1102.752426
1809.998646 -1103.800078
1809.268922 -1104.833430
1808.510616 -1105.852103
1807.724148 -1106.855735
1806.909952 -1107.843986
1806.068476 -1108.816536
1805.200181 -1109.773082
1804.305542 -1110.713344
1803.385045 -1111.637062
1802.439189 -1112.543995
1801.468484 -1113.433924
1800.473450 -1114.306648
1799.454618 -1115.161986
1798.412530 -1115.999779
1797.347737 -1116.819885
1796.260798 -1117.622179
1795.152284 -1118.406556
1794.022769 -1119.172928
1792.872839 -1119.921221
1791.703084 -1120.651380
1790.514103 -1121.363363
1789.306497 -1122.057142
1788.080873 -1122.732701
1786.837843 -1123.390036
1785.578025 -1124.029156
1784.302038 -1124.650078
1783.010508 -1125.252830
1781.704064 -1125.837446
1780.383336 -1126.403968
1779.048960 -1126.952443
1777.701571 -1127.482923
1776.341809 -1127.995462
1774.970318 -1128.490119
1773.587739 -1128.966951
1772.194720 -1129.426019
1770.791908 -1129.867380
1769.379951 -1130.291090
1767.959498 -1130.697204
1766.531198 -1131.085771
1765.095701 -1131.456834
1763.653657 -1131.810433
1762.205716 -1132.146600
1760.752529 -1132.465358
1759.294748 -1132.766725
1757.833023 -1133.050708
1756.368004 -1133.317305
1754.900343 -1133.566505
1753.430689 -1133.798286
1751.959692 -1134.012617
1750.488000 -1134.209452
1749.016262 -1134.388740
1747.545127 -1134.550414
1746.075241 -1134.694399
1744.607252 -1134.820608
1743.141807 -1134.928947
1741.679552 -1135.019306
1740.221134 -1135.091572
1738.767199 -1135.145620
1737.318393 -1135.181316
1735.875365 -1135.198520
1734.438762 -1135.197084
1733.009232 -1135.176853
1731.587425 -1135.137666
1730.173988 -1135.079358
1728.769574 -1135.001761
1727.374831 -1134.904702
1725.990410 -1134.788008
1724.616960 -1134.651504
1723.255132 -1134.495016
1721.905571 -1134.318369
1720.568926 -1134.121393
1719.245842 -1133.903918
1717.936966 -1133.665784
1716.642939 -1133.406830
1715.364399 -1133.126904
1714.101983 -1132.825861
1712.856322 -1132.503562
1711.628040 -1132.159880
1710.417759 -1131.794694
1709.226092 -1131.407896
1708.053649 -1130.999391
1706.901030 -1130.569093
1705.755271 -1130.108520
1704.603393 -1129.609213
1703.432401 -1129.062740
1702.229280 -1128.460696
1700.980998 -1127.794703
1699.674504 -1127.056409
1698.296728 -1126.237492
1696.834581 -1125.329659
1695.274952 -1124.324646
1693.604710 -1123.214221
1691.810702 -1121.990180
1689.879752 -1120.644348
1687.798660 -1119.168584
1685.554203 -1117.554775
1683.133132 -1115.794840
1680.522172 -1113.880729
1677.708022 -1111.804421
1674.677357 -1109.557926
1671.416822 -1107.133283
1667.913033 -1104.522561
1664.152579 -1101.717856
1660.122019 -1098.711293
1655.807879 -1095.495023
1651.196656 -1092.061223
1645.938311 -1088.188226
1640.032660 -1083.876942
1633.479494 -1079.128299
1626.278572 -1073.943233
1618.429624 -1068.322691
1609.932351 -1062.267634
1600.786422 -1055.779025
1590.991479 -1048.857840
1580.547132 -1041.505059
1569.452960 -1033.721667
1557.708517 -1025.508657
1545.313325 -1016.867021
1532.266879 -1007.797757
1518.568648 -998.301862
1504.218068 -988.380336
1489.214554 -978.034178
1473.557490 -967.264382
1457.246236 -956.071945
1440.280130 -944.457858
1422.658481 -932.423112
1404.380581 -919.968689
1385.445696 -907.095573
1365.853073 -893.804735
1345.601936 -880.097147
1311.933455 -857.771169
1278.275691 -835.465011
1244.641524 -813.187481
1211.043838 -790.947369
1177.495520 -768.753443
1144.009465 -746.614448
1110.598569 -724.539110
1077.275737 -702.536129
1044.053881 -680.614186
1010.945916 -658.781938
977.964770 -637.048018
945.123375 -615.421037
912.434675 -593.909583
879.911621 -572.522222
847.567178 -551.267493
815.414319 -530.153917
783.466032 -509.189986
751.735315 -488.384175
720.235181 -467.744930
688.978655 -447.280678
657.978778 -426.999823
627.248605 -406.910746
596.801208 -387.021805
566.649675 -367.341338
