-0.122733 6.525311
-0.131487 6.963165
-0.140553 7.414706
-0.149929 7.879974
-0.159613 8.358997
-0.169601 8.851793
-0.179890 9.358368
-0.190474 9.878714
-0.201347 10.412815
-0.212499 10.960643
-0.223923 11.522158
-0.235606 12.097311
-0.247537 12.686040
-0.259702 13.288275
-0.272083 13.903934
-0.284664 14.532924
-0.297423 15.175144
-0.310339 15.830482
-0.323385 16.498815
-0.336533 17.180012
-0.349752 17.873933
-0.363006 18.580425
-0.376257 19.299331
-0.389462 20.030480
-0.402576 20.773695
-0.415548 21.528788
-0.426217 22.168742
-0.436464 22.811403
-0.446217 23.456220
-0.455401 24.102646
-0.463936 24.750136
-0.471735 25.398146
-0.478710 26.046133
-0.484767 26.693560
-0.489807 27.339889
-0.493728 27.984589
-0.496423 28.627129
-0.497779 29.266986
-0.497682 29.903640
-0.496010 30.536575
-0.492638 31.165282
-0.487438 31.789258
-0.480276 32.408006
-0.471014 33.021037
-0.459509 33.627868
-0.445612 34.228026
-0.429174 34.821043
-0.410037 35.406461
-0.388041 35.983830
-0.363021 36.552707
-0.334808 37.112656
-0.303228 37.663251
-0.268135 38.206333
-0.229351 38.741676
-0.186694 39.269068
-0.139977 39.788313
-0.089013 40.299228
-0.033608 40.801646
0.026432 41.295412
0.091304 41.780386
0.161209 42.256439
0.236348 42.723459
0.316925 43.181345
0.403144 43.630012
0.495211 44.069385
0.593333 44.499404
0.697716 44.920020
0.808566 45.331197
0.926088 45.732912
1.050486 46.125151
1.181959 46.507916
1.320705 46.881218
1.466917 47.245080
1.620784 47.599538
1.782492 47.944641
1.952220 48.280446
2.130142 48.607028
2.316427 48.924472
2.511237 49.232877
2.714729 49.532348
2.927052 49.822996
3.148349 50.104937
3.378756 50.378294
3.618401 50.643194
3.867408 50.899769
4.125889 51.148157
4.393952 51.388499
4.671695 51.620940
4.959211 51.845632
5.256582 52.062725
5.563885 52.272376
5.881185 52.474744
6.208542 52.669990
6.546005 52.858276
6.893616 53.039767
7.251404 53.214626
7.619391 53.383021
7.997590 53.545118
8.386003 53.701086
8.784622 53.851093
9.193430 53.995310
9.612398 54.133907
10.041487 54.267056
10.480650 54.394927
10.929828 54.517694
11.388952 54.635529
11.857945 54.748605
12.336717 54.857097
12.825172 54.961179
13.323201 55.061027
13.830688 55.156816
14.347508 55.248722
14.873526 55.336919
15.408601 55.421583
15.952579 55.502888
16.505303 55.581011
17.066606 55.656127
17.636312 55.728412
18.214241 55.798043
18.800206 55.865195
19.394014 55.930045
19.995468 55.992767
20.604365 56.053536
21.220499 56.112527
21.843659 56.169912
22.473632 56.225861
23.110202 56.280542
23.753147 56.334123
24.402247 56.386764
25.057277 56.438623
25.718012 56.489855
26.384223 56.540609
27.055683 56.591031
27.732159 56.641261
28.413421 56.691435
29.099236 56.741685
29.789372 56.792138
30.483595 56.842916
31.181671 56.894137
31.883368 56.945914
32.588451 56.998355
33.296689 57.051564
34.007850 57.105638
34.721702 57.160673
35.438017 57.216758
36.156570 57.273980
36.877139 57.332418
37.599504 57.392152
38.323449 57.453252
39.048764 57.515789
39.775243 57.579827
40.502685 57.645429
41.230893 57.712650
41.959677 57.781546
42.688852 57.852167
43.418240 57.924559
44.147666 57.998767
44.876963 58.074833
45.605971 58.152793
46.334534 58.232682
47.062503 58.314534
47.789735 58.398379
48.516094 58.484244
49.241449 58.572156
49.965676 58.662140
50.688659 58.754217
51.410285 58.848407
52.130450 58.944729
52.849058 59.043198
53.566015 59.143829
54.281237 59.246636
54.994645 59.351631
55.706165 59.458825
56.415733 59.568231
57.123288 59.679857
57.828776 59.793714
58.532150 59.909812
59.233366 60.028161
59.932390 60.148772
60.629189 60.271656
61.323739 60.396826
62.016018 60.524294
62.706014 60.654075
63.393715 60.786182
64.079117 60.920631
64.762220 61.057438
65.443027 61.196622
66.121549 61.338200
66.797798 61.482192
67.471791 61.628619
68.143552 61.777503
68.813105 61.928867
69.480481 62.082735
70.145711 62.239133
70.808831 62.398087
71.469877 62.559625
72.128889 62.723775
72.785903 62.890566
73.440961 63.060029
74.094103 63.232193
74.745368 63.407091
75.394795 63.584753
76.042421 63.765212
76.688286 63.948500
77.332426 64.134651
77.974877 64.323698
78.615674 64.515672
79.254851 64.710606
79.892442 64.908534
80.528481 65.109487
81.162999 65.313498
81.796029 65.520599
82.427602 65.730823
83.057747 65.944202
83.686494 66.160769
84.313872 66.380556
84.939910 66.603596
85.564634 66.829923
86.188071 67.059571
86.810248 67.292573
87.431190 67.528964
88.050921 67.768779
88.669466 68.012051
89.286845 68.258817
89.903083 68.509111
90.518200 68.762971
91.132217 69.020432
91.745155 69.281534
92.357034 69.546313
92.967875 69.814809
93.577699 70.087060
94.186527 70.363109
94.794379 70.642996
95.401278 70.926763
96.007246 71.214455
96.612308 71.506115
97.216487 71.801788
97.819810 72.101521
98.422300 72.405360
99.023986 72.713352
99.624893 73.025544
100.225050 73.341985
100.824485 73.662725
101.423228 73.987810
102.021311 74.317291
102.618766 74.651218
103.215628 74.989640
103.811934 75.332606
104.407721 75.680165
105.003030 76.032365
105.597905 76.389255
106.192390 76.750882
106.786534 77.117290
107.380387 77.488525
107.974000 77.864629
108.567428 78.245644
109.160725 78.631611
109.753948 79.022570
110.347152 79.418557
110.940396 79.819609
111.533737 80.225759
112.127235 80.637038
112.720948 81.053474
113.314938 81.475092
113.909266 81.901913
114.503992 82.333956
115.099178 82.771233
115.694883 83.213754
116.291169 83.661525
116.888096 84.114546
117.485724 84.572812
118.084114 85.036314
118.683324 85.505039
119.283413 85.978963
119.884438 86.458062
120.486458 86.942302
121.089526 87.431642
121.693698 87.926035
122.299026 88.425429
122.905559 88.929760
123.513347 89.438962
124.122436 89.952958
124.732870 90.471666
125.344690 90.994995
125.957935 91.522846
126.572640 92.055115
127.188838 92.591689
127.806560 93.132450
128.425833 93.677272
129.046683 94.226022
129.669130 94.778564
130.293197 95.334752
130.918899 95.894436
131.546252 96.457462
132.175268 97.023668
132.805955 97.592888
133.438321 98.164952
134.072371 98.739684
134.708106 99.316906
135.345526 99.896434
135.984626 100.478082
136.625400 101.061663
137.267838 101.646986
137.911929 102.233858
138.557658 102.822083
139.205008 103.411466
139.853963 104.001809
140.504502 104.592911
141.156603 105.184572
141.810245 105.776591
142.465401 106.368765
143.122045 106.960891
143.780148 107.552768
144.439679 108.144193
145.100604 108.734966
145.762887 109.324887
146.426493 109.913757
147.091384 110.501380
147.757518 111.087561
148.424856 111.672110
149.093354 112.254836
149.762968 112.835553
150.433653 113.414080
151.105363 113.990238
151.778051 114.563852
152.451671 115.134755
153.126175 115.702781
153.801517 116.267771
154.477651 116.829573
155.154534 117.388040
155.832121 117.943031
156.510369 118.494410
157.189238 119.042048
157.868689 119.585825
158.548684 120.125624
159.229189 120.661337
159.910173 121.192861
160.591605 121.720099
161.273460 122.242962
161.955714 122.761364
162.638347 123.275227
163.321341 123.784479
164.004684 124.289054
164.688364 124.788892
165.372375 125.283939
166.056715 125.774146
166.741383 126.259471
167.426386 126.739877
168.111733 127.215333
168.797438 127.685813
169.483519 128.151296
170.169999 128.611767
170.856905 129.067215
171.544271 129.517632
172.232133 129.963019
172.920531 130.403376
173.609510 130.838712
174.299118 131.269038
174.989407 131.694369
175.680435 132.114725
176.372262 132.530129
177.064953 132.940609
177.758576 133.346196
178.453204 133.746925
179.148914 134.142834
179.845786 134.533964
180.543902 134.920359
181.243348 135.302065
181.944213 135.679132
182.646587 136.051609
183.350564 136.419551
184.056238 136.783010
184.763707 137.142044
185.473067 137.496708
186.184419 137.847062
186.897861 138.193164
187.613493 138.535074
188.331411 138.872850
189.051712 139.206552
189.774493 139.536239
190.499845 139.861969
191.227863 140.183800
191.958636 140.501789
192.692251 140.815991
193.428793 141.126463
194.168343 141.433258
194.910979 141.736429
195.656773 142.036030
196.405796 142.332110
197.158111 142.624721
197.913777 142.913911
198.672850 143.199727
199.435377 143.482214
200.201405 143.761415
200.970969 144.037371
201.744104 144.310121
202.520834 144.579702
203.301181 144.846149
204.085158 145.109493
204.872772 145.369764
205.664023 145.626989
206.458906 145.881192
207.257407 146.132394
208.059508 146.380616
208.865184 146.625873
209.674401 146.868179
210.487123 147.107548
211.303306 147.343988
212.122901 147.577507
212.945850 147.808110
213.772092 148.035800
214.601558 148.260580
215.434174 148.482448
216.269861 148.701402
217.108533 148.917438
217.950100 149.130550
218.794466 149.340731
219.641531 149.547973
220.491191 149.752267
221.343339 149.953603
222.197861 150.151970
223.054640 150.347356
223.913556 150.539750
224.774485 150.729139
225.637299 150.915511
226.501867 151.098852
227.368058 151.279151
228.235736 151.456395
229.104765 151.630573
229.975006 151.801674
230.846317 151.969688
231.718557 152.134606
232.591581 152.296421
233.465243 152.455125
234.339397 152.610712
235.213894 152.763177
236.088586 152.912516
236.963323 153.058727
237.837956 153.201809
238.712334 153.341763
239.586310 153.478591
240.459732 153.612299
241.332453 153.742893
242.204323 153.870384
243.075194 153.994784
243.944919 154.116108
244.813351 154.234373
245.680346 154.349600
246.545758 154.461813
247.409445 154.571036
248.271265 154.677301
249.131079 154.780639
249.988747 154.881085
250.844132 154.978679
251.697101 155.073463
252.547518 155.165479
253.395253 155.254776
254.240177 155.341403
255.082164 155.425413
255.921091 155.506859
256.756838 155.585799
257.589289 155.662291
258.418332 155.736395
259.243858 155.808175
260.065763 155.877694
260.883947 155.945016
261.698315 156.010209
262.508775 156.073340
263.315241 156.134477
264.117633 156.193689
264.915874 156.251046
265.709896 156.306617
266.499636 156.360473
267.285036 156.412684
268.066048 156.463322
268.842626 156.512456
269.614735 156.560157
270.382344 156.606496
271.145433 156.651541
271.903985 156.695361
272.657995 156.738026
273.407462 156.779602
274.152398 156.820157
274.892820 156.859757
275.628754 156.898468
276.360238 156.936354
277.087314 156.973480
277.810038 157.009908
278.528471 157.045700
279.242687 157.080915
279.952766 157.115613
280.658799 157.149851
281.360884 157.183683
282.059129 157.217163
282.753650 157.250343
283.444571 157.283272
284.132026 157.315998
284.816155 157.348567
285.497106 157.381024
286.175034 157.413408
286.850103 157.445761
287.522481 157.478120
288.192344 157.510520
288.859873 157.542994
289.525256 157.575573
290.188686 157.608286
290.850361 157.641159
291.510482 157.674218
292.169255 157.707485
292.826889 157.740982
293.483595 157.774728
294.139587 157.808741
294.795081 157.843038
295.450292 157.877634
296.105439 157.912544
296.760740 157.947781
297.416412 157.983358
298.072673 158.019286
298.729740 158.055578
299.387827 158.092244
300.047148 158.129295
300.707910 158.166744
301.370322 158.204599
302.034587 158.242874
302.700903 158.281578
303.369464 158.320723
304.040461 158.360321
304.714077 158.400384
305.390489 158.440924
306.069870 158.481954
306.752384 158.523489
307.438188 158.565542
308.127431 158.608129
308.820255 158.651267
309.516793 158.694971
310.217168 158.739261
310.921495 158.784155
311.629877 158.829673
312.342410 158.875836
313.059178 158.922665
313.780257 158.970183
314.505712 159.018413
315.235597 159.067381
315.969959 159.117112
316.708832 159.167632
317.452242 159.218971
318.200206 159.271156
318.952730 159.324217
319.709813 159.378185
320.471442 159.433093
321.237599 159.488974
322.008256 159.545861
322.783378 159.603792
323.562921 159.662803
324.346835 159.722934
325.135061 159.784224
325.927535 159.846716
326.724186 159.910452
327.524936 159.975477
328.329704 160.041837
329.138401 160.109577
329.950934 160.178747
330.767205 160.249394
331.587112 160.321569
332.410549 160.395322
333.237406 160.470706
334.067568 160.547771
334.900920 160.626572
335.737341 160.707162
336.576708 160.789594
337.418898 160.873922
338.263785 160.960201
339.111240 161.048485
339.961135 161.138827
340.813340 161.231284
341.667724 161.325908
342.524159 161.422754
343.382512 161.521875
344.242656 161.623324
345.104462 161.727152
345.967803 161.833410
346.832553 161.942146
347.698590 162.053409
348.565792 162.167244
349.434041 162.283694
350.303222 162.402802
351.173223 162.524607
352.043937 162.649147
352.915256 162.776457
353.787080 162.906571
354.659310 163.039520
355.531851 163.175333
356.404610 163.314039
357.277499 163.455661
358.150432 163.600221
359.023329 163.747739
359.896110 163.898231
360.768701 164.051712
361.641032 164.208192
362.513034 164.367679
363.384643 164.530178
364.255797 164.695692
365.126439 164.864218
365.996512 165.035752
366.865965 165.210286
367.734750 165.387808
368.602820 165.568302
369.470133 165.751751
370.336648 165.938132
371.202329 166.127421
372.067142 166.319591
372.931055 166.514609
373.794040 166.712444
374.656071 166.913059
375.517125 167.116415
376.377180 167.322469
377.236219 167.531179
378.094225 167.742496
378.951183 167.956372
379.807080 168.172753
380.661904 168.391585
381.515643 168.612811
382.368288 168.836371
383.219827 169.062202
384.070251 169.290239
384.919550 169.520415
385.767712 169.752660
386.614727 169.986904
387.460581 170.223071
388.305261 170.461088
389.148752 170.700878
389.991035 170.942363
390.832093 171.185463
391.671902 171.430100
392.510440 171.676193
393.347679 171.923660
394.183590 172.172420
395.018141 172.422393
395.851298 172.673495
396.683022 172.925646
397.513274 173.178763
398.342012 173.432763
399.169192 173.687564
399.994768 173.943084
400.818690 174.199243
401.640906 174.455960
402.461365 174.713155
403.280008 174.970750
404.096778 175.228668
404.911613 175.486832
405.724450 175.745167
406.535223 176.003600
407.343864 176.262058
408.150301 176.520471
408.954459 176.778768
409.756261 177.036883
410.555628 177.294748
411.352475 177.552299
412.146716 177.809473
412.938261 178.066207
413.727017 178.322439
414.512886 178.578110
415.295769 178.833158
416.075561 179.087526
416.852154 179.341156
417.625438 179.593989
418.395299 179.845969
419.161619 180.097041
419.924279 180.347151
420.683160 180.596245
421.438137 180.844271
422.189089 181.091178
422.935891 181.336917
423.678420 181.581440
424.416551 181.824703
425.150161 182.066661
425.879128 182.307273
426.603329 182.546499
427.322644 182.784303
428.036955 183.020648
428.746145 183.255502
429.450098 183.488832
430.148704 183.720610
430.841852 183.950808
431.529437 184.179400
432.211354 184.406362
432.887504 184.631669
433.557791 184.855301
434.222123 185.077237
434.880411 185.297456
435.532573 185.515943
436.178527 185.732680
436.818199 185.947653
437.451516 186.160848
438.078411 186.372253
438.698823 186.581856
439.312691 186.789647
439.919964 186.995615
440.520591 187.199753
441.114529 187.402054
441.701737 187.602512
442.282180 187.801121
442.855829 187.997878
443.422658 188.192781
443.982649 188.385828
444.535785 188.577019
445.082059 188.766356
445.621465 188.953842
446.154005 189.139479
446.679686 189.323274
447.198520 189.505234
447.710525 189.685367
448.215723 189.863683
448.714143 190.040194
449.205820 190.214914
449.690794 190.387858
450.169110 190.559040
450.640815 190.728480
451.105965 190.896194
451.564617 191.062201
452.016829 191.226522
452.462665 191.389176
452.902191 191.550183
453.335474 191.709562
453.762583 191.867333
454.183590 192.023513
454.598568 192.178120
455.007591 192.331168
455.410733 192.482673
455.804284 192.631047
456.184530 192.774699
456.547762 192.912040
456.890266 193.041476
457.208332 193.161416
457.498249 193.270266
457.756304 193.366433
457.978785 193.448321
458.161976 193.514337
458.302161 193.562885
458.395622 193.592369
458.438637 193.601193
458.427484 193.587761
458.358437 193.550474
458.227765 193.487736
458.031737 193.397947
457.766618 193.279511
457.428669 193.130826
457.014149 192.950295
456.519314 192.736317
455.940414 192.487291
455.273700 192.201616
454.515417 191.877689
453.661809 191.513907
452.614602 191.068769
451.373802 190.542258
449.939414 189.934359
448.311443 189.245055
446.489889 188.474329
444.474756 187.622164
442.266043 186.688542
439.863750 185.673446
437.267874 184.576856
434.478414 183.398754
431.495365 182.139118
428.318723 180.797931
424.948482 179.375171
421.384635 177.870819
417.627178 176.284854
413.676101 174.617257
409.531401 172.868009
405.193070 171.037090
400.661105 169.124483
395.935501 167.130171
391.016255 165.054137
385.903366 162.896368
380.596833 160.656852
375.096656 158.335578
365.820865 154.420408
356.539508 150.502877
347.256450 146.584612
337.975554 142.667243
328.700687 138.752400
319.435713 134.841714
310.184497 130.936816
300.950901 127.039339
291.738790 123.150915
282.552030 119.273176
273.394484 115.407755
264.270018 111.556285
255.182498 107.720399
246.135791 103.901732
237.133766 100.101916
228.180291 96.322586
219.279236 92.565376
210.434474 88.831920
201.649877 85.123853
192.929318 81.442810
184.276673 77.790424
175.695818 74.168331
167.190630 70.578165
158.764986 67.021563
