-1.024998 0.999273
-1.113882 1.062516
-1.208147 1.127273
-1.308016 1.193505
-1.413715 1.261171
-1.525473 1.330224
-1.643523 1.400616
-1.768098 1.472296
-1.899435 1.545209
-2.037774 1.619299
-2.183354 1.694505
-2.336416 1.770768
-2.497204 1.848024
-2.665961 1.926207
-2.842929 2.005253
-3.028354 2.085093
-3.222478 2.165658
-3.425546 2.246881
-3.637799 2.328690
-3.859480 2.411017
-4.090830 2.493792
-4.332089 2.576943
-4.583494 2.660402
-4.845281 2.744099
-5.117685 2.827964
-5.400937 2.911928
-5.682182 2.975328
-5.973392 3.037320
-6.274692 3.097793
-6.586193 3.156644
-6.908003 3.213769
-7.240216 3.269066
-7.582919 3.322438
-7.936188 3.373790
-8.300089 3.423029
-8.674678 3.470068
-9.059997 3.514819
-9.456081 3.557203
-9.862949 3.597141
-10.280612 3.634559
-10.709066 3.669386
-11.148295 3.701558
-11.598273 3.731010
-12.058956 3.757687
-12.530294 3.781533
-13.012217 3.802499
-13.504648 3.820542
-14.007492 3.835619
-14.520643 3.847696
-15.043980 3.856743
-15.577369 3.862732
-16.120662 3.865645
-16.673801 3.865815
-17.236627 3.863265
-17.808972 3.858024
-18.390653 3.850129
-18.981480 3.839623
-19.581251 3.826556
-20.189752 3.810984
-20.806762 3.792970
-21.432048 3.772584
-22.065370 3.749901
-22.706477 3.725003
-23.355111 3.697976
-24.011003 3.668913
-24.673880 3.637912
-25.343458 3.605076
-26.019446 3.570511
-26.701548 3.534331
-27.389460 3.496652
-28.082869 3.457596
-28.781460 3.417288
-29.484909 3.375859
-30.192887 3.333445
-30.905059 3.290184
-31.621089 3.246223
-32.340631 3.201712
-33.063341 3.156805
-33.788866 3.111664
-34.516855 3.066454
-35.246950 3.021345
-35.978794 2.976513
-36.712026 2.932138
-37.446284 2.888404
-38.181204 2.845501
-38.916423 2.803624
-39.651577 2.762972
-40.386302 2.723750
-41.120235 2.686166
-41.853012 2.650436
-42.584275 2.616779
-43.313665 2.585418
-44.040827 2.556584
-44.765410 2.530509
-45.487064 2.507431
-46.205445 2.487591
-46.920213 2.471237
-47.631033 2.458616
-48.337576 2.449982
-49.039520 2.445590
-49.736547 2.445697
-50.428349 2.450561
-51.114622 2.460442
-51.795074 2.475602
-52.469417 2.496302
-53.137373 2.522803
-53.798672 2.555364
-54.453053 2.594247
-55.100262 2.639706
-55.740057 2.692000
-56.372202 2.751379
-56.996474 2.818096
-57.612656 2.892399
-58.220544 2.974531
-58.819942 3.064736
-59.410666 3.163250
-59.992543 3.270309
-60.565409 3.386144
-61.129113 3.510981
-61.683513 3.645042
-62.228479 3.788542
-62.763893 3.941693
-63.289649 4.104697
-63.805651 4.277752
-64.311816 4.461047
-64.808072 4.654766
-65.294360 4.859080
-65.770630 5.074155
-66.236846 5.300146
-66.692981 5.537198
-67.139022 5.785447
-67.574964 6.045019
-68.000816 6.316028
-68.416596 6.598578
-68.822336 6.892762
-69.218076 7.198660
-69.603869 7.516340
-69.979778 7.845857
-70.345877 8.187256
-70.702248 8.540565
-71.048984 8.905802
-71.386189 9.282971
-71.713973 9.672062
-72.032455 10.073053
-72.341764 10.485910
-72.642036 10.910585
-72.933414 11.347018
-73.216050 11.795139
-73.490101 12.254862
-73.755731 12.726095
-74.013109 13.208732
-74.262410 13.702657
-74.503813 14.207747
-74.737500 14.723866
-74.963657 15.250872
-75.182476 15.788613
-75.394149 16.336931
-75.598874 16.895660
-75.796850 17.464627
-75.988279 18.043654
-76.173365 18.632556
-76.352313 19.231142
-76.525330 19.839217
-76.692623 20.456578
-76.854400 21.083020
-77.010869 21.718331
-77.162236 22.362296
-77.308708 23.014693
-77.450492 23.675299
-77.587791 24.343887
-77.720809 25.020225
-77.849748 25.704080
-77.974808 26.395217
-78.096187 27.093397
-78.214080 27.798382
-78.328680 28.509931
-78.440178 29.227805
-78.548761 29.951761
-78.654616 30.681559
-78.757925 31.416959
-78.858869 32.157721
-78.957627 32.903606
-79.054374 33.654376
-79.149282 34.409796
-79.242521 35.169634
-79.334259 35.933659
-79.424657 36.701645
-79.513878 37.473369
-79.602078 38.248612
-79.689412 39.027157
-79.776032 39.808795
-79.862087 40.593320
-79.947725 41.380529
-80.033088 42.170226
-80.118320 42.962218
-80.203557 43.756318
-80.288937 44.552342
-80.374593 45.350113
-80.460655 46.149457
-80.547252 46.950204
-80.634511 47.752188
-80.722556 48.555248
-80.811510 49.359227
-80.901495 50.163969
-80.992628 50.969326
-81.085028 51.775150
-81.178810 52.581298
-81.274086 53.387629
-81.370966 54.194006
-81.469561 55.000296
-81.569976 55.806369
-81.672315 56.612097
-81.776682 57.417355
-81.883176 58.222023
-81.991896 59.025982
-82.102940 59.829117
-82.216402 60.631317
-82.332374 61.432472
-82.450947 62.232476
-82.572209 63.031224
-82.696244 63.828614
-82.823135 64.624548
-82.952961 65.418930
-83.085800 66.211665
-83.221724 67.002662
-83.360803 67.791829
-83.503105 68.579077
-83.648693 69.364321
-83.797624 70.147472
-83.949954 70.928448
-84.105733 71.707164
-84.265006 72.483537
-84.427812 73.257487
-84.594187 74.028930
-84.764161 74.797785
-84.937758 75.563969
-85.114999 76.327397
-85.295896 77.087987
-85.480457 77.845652
-85.668686 78.600306
-85.860579 79.351861
-86.056127 80.100227
-86.255316 80.845311
-86.458125 81.587021
-86.664529 82.325259
-86.874496 83.059928
-87.087989 83.790927
-87.304965 84.518154
-87.525376 85.241502
-87.749168 85.960863
-87.976282 86.676128
-88.206654 87.387182
-88.440214 88.093912
-88.676887 88.796200
-88.916593 89.493924
-89.159249 90.186964
-89.404767 90.875194
-89.653057 91.558486
-89.904021 92.236709
-90.157563 92.909730
-90.413581 93.577411
-90.671970 94.239613
-90.932625 94.896193
-91.195437 95.547006
-91.460296 96.191903
-91.727090 96.830735
-91.995707 97.463347
-92.266034 98.089585
-92.537959 98.709290
-92.811369 99.322304
-93.086155 99.928465
-93.362206 100.527609
-93.639416 101.119570
-93.917680 101.704182
-94.196897 102.281277
-94.476967 102.850686
-94.757797 103.412239
-95.039296 103.965765
-95.321378 104.511096
-95.603964 105.048058
-95.886979 105.576483
-96.170355 106.096198
-96.454032 106.607036
-96.737954 107.108827
-97.022077 107.601404
-97.306360 108.084602
-97.590773 108.558259
-97.875294 109.022213
-98.159910 109.476305
-98.444614 109.920377
-98.729410 110.354278
-99.014309 110.777853
-99.299332 111.190956
-99.584508 111.593439
-99.869875 111.985158
-100.155479 112.365974
-100.441377 112.735747
-100.727633 113.094344
-101.014322 113.441633
-101.301526 113.777485
-101.589336 114.101776
-101.877855 114.414382
-102.167190 114.715186
-102.457460 115.004071
-102.748788 115.280923
-103.041306 115.545633
-103.335153 115.798096
-103.630473 116.038207
-103.927415 116.265868
-104.226135 116.480986
-104.526795 116.683470
-104.829558 116.873236
-105.134595 117.050203
-105.442077 117.214295
-105.752181 117.365441
-106.065086 117.503576
-106.380974 117.628640
-106.700027 117.740578
-107.022429 117.839341
-107.348365 117.924886
-107.678020 117.997176
-108.011579 118.056180
-108.349225 118.101875
-108.691142 118.134244
-109.037512 118.153274
-109.388513 118.158963
-109.744322 118.151312
-110.105114 118.130329
-110.471057 118.096031
-110.842318 118.048438
-111.219057 117.987578
-111.601430 117.913485
-111.989587 117.826199
-112.383671 117.725767
-112.783819 117.612239
-113.190161 117.485673
-113.602819 117.346133
-114.021907 117.193686
-114.447531 117.028407
-114.879789 116.850376
-115.318771 116.659679
-115.764557 116.456409
-116.217219 116.240664
-116.676820 116.012548
-117.143415 115.772174
-117.617046 115.519658
-118.097749 115.255124
-118.585549 114.978703
-119.080460 114.690532
-119.582488 114.390754
-120.091628 114.079521
-120.607864 113.756989
-121.131173 113.423323
-121.661519 113.078694
-122.198860 112.723280
-122.743143 112.357266
-123.294310 111.980843
-123.852292 111.594209
-124.417013 111.197567
-124.988392 110.791127
-125.566336 110.375104
-126.150749 109.949719
-126.741526 109.515196
-127.338556 109.071765
-127.941722 108.619661
-128.550899 108.159122
-129.165959 107.690390
-129.786766 107.213709
-130.413178 106.729328
-131.045050 106.237496
-131.682228 105.738465
-132.324558 105.232487
-132.971876 104.719818
-133.624015 104.200711
-134.280804 103.675420
-134.942066 103.144201
-135.607621 102.607307
-136.277282 102.064993
-136.950863 101.517511
-137.628171 100.965114
-138.309011 100.408052
-138.993184 99.846576
-139.680487 99.280931
-140.370718 98.711366
-141.063667 98.138122
-141.759125 97.561442
-142.456879 96.981566
-143.156713 96.398729
-143.858410 95.813166
-144.561750 95.225107
-145.266511 94.634779
-145.972469 94.042406
-146.679398 93.448207
-147.387069 92.852399
-148.095254 92.255192
-148.803719 91.656794
-149.512230 91.057407
-150.220553 90.457230
-150.928449 89.856455
-151.635677 89.255270
-152.341997 88.653858
-153.047165 88.052397
-153.750934 87.451057
-154.453057 86.850008
-155.153283 86.249409
-155.851358 85.649416
-156.547027 85.050182
-157.240031 84.451849
-157.930109 83.854556
-158.616998 83.258438
-159.300433 82.663621
-159.980144 82.070226
-160.655862 81.478370
-161.327315 80.888163
-161.994228 80.299709
-162.656324 79.713105
-163.313325 79.128446
-163.964950 78.545818
-164.610918 77.965302
-165.250947 77.386974
-165.884753 76.810904
-166.512052 76.237155
-167.132556 75.665785
-167.745981 75.096848
-168.352041 74.530388
-168.950449 73.966447
-169.540919 73.405058
-170.123165 72.846253
-170.696901 72.290052
-171.261841 71.736476
-171.817700 71.185536
-172.364195 70.637239
-172.901044 70.091588
-173.427966 69.548580
-173.944684 69.008208
-174.450924 68.470459
-174.946414 67.935318
-175.430886 67.402761
-175.904078 66.872764
-176.365732 66.345296
-176.815594 65.820322
-177.253416 65.297803
-177.678955 64.777697
-178.091976 64.259956
-178.492248 63.744528
-178.879549 63.231358
-179.253665 62.720387
-179.614388 62.211551
-179.961521 61.704782
-180.294872 61.200007
-180.614263 60.697150
-180.919525 60.196130
-181.210496 59.696860
-181.487029 59.199250
-181.748986 58.703205
-181.996240 58.208625
-182.228676 57.715408
-182.446193 57.223444
-182.648697 56.732622
-182.836109 56.242828
-183.008361 55.753943
-183.165395 55.265842
-183.307167 54.778401
-183.433644 54.291489
-183.544805 53.804975
-183.640642 53.318723
-183.721157 52.832595
-183.786366 52.346451
-183.836296 51.860148
-183.870986 51.373542
-183.890489 50.886488
-183.894869 50.398837
-183.884202 49.910443
-183.858580 49.421157
-183.818104 48.930831
-183.762890 48.439318
-183.693067 47.946469
-183.608775 47.452139
-183.510170 46.956180
-183.397420 46.458448
-183.270705 45.958799
-183.130221 45.457088
-182.976175 44.953173
-182.808785 44.446913
-182.628283 43.938168
-182.434912 43.426801
-182.228926 42.912676
-182.010593 42.395656
-181.780186 41.875610
-181.537993 41.352405
-181.284308 40.825913
-181.019437 40.296007
-180.743693 39.762562
-180.457399 39.225455
-180.160886 38.684566
-179.854491 38.139777
-179.538558 37.590972
-179.213438 37.038039
-178.879490 36.480869
-178.537074 35.919354
-178.186558 35.353393
-177.828312 34.782887
-177.462710 34.207738
-177.090128 33.627857
-176.710946 33.043155
-176.325547 32.453548
-175.934312 31.858954
-175.537627 31.259295
-175.135879 30.654498
-174.729455 30.044491
-174.318744 29.429208
-173.904135 28.808584
-173.486019 28.182561
-173.064784 27.551080
-172.640820 26.914088
-172.214514 26.271536
-171.786254 25.623376
-171.356423 24.969567
-170.925406 24.310067
-170.493580 23.644840
-170.061320 22.973855
-169.628996 22.297081
-169.196974 21.614494
-168.765611 20.926069
-168.335259 20.231786
-167.906261 19.531629
-167.478953 18.825582
-167.053661 18.113634
-166.630702 17.395775
-166.210382 16.672000
-165.792997 15.942305
-165.378831 15.206689
-164.968156 14.465154
-164.561234 13.717706
-164.158313 12.964351
-163.759629 12.205099
-163.365405 11.439964
-162.975852 10.668961
-162.591167 9.892108
-162.211534 9.109429
-161.837126 8.320947
-161.468102 7.526690
-161.104609 6.726690
-160.746781 5.920982
-160.394741 5.109602
-160.048599 4.292595
-159.708453 3.470005
-159.374390 2.641882
-159.046484 1.808281
-158.724799 0.969259
-158.409389 0.124880
-158.100297 -0.724790
-157.797556 -1.579676
-157.501188 -2.439703
-157.211207 -3.304786
-156.927615 -4.174837
-156.650407 -5.049760
-156.379567 -5.929453
-156.115070 -6.813810
-155.856882 -7.702714
-155.604959 -8.596046
-155.359249 -9.493677
-155.119692 -10.395472
-154.886219 -11.301290
-154.658753 -12.210980
-154.437209 -13.124385
-154.221496 -14.041341
-154.011517 -14.961676
-153.807165 -15.885211
-153.608332 -16.811758
-153.414903 -17.741124
-153.226757 -18.673105
-153.043773 -19.607493
-152.865824 -20.544072
-152.692782 -21.482616
-152.524518 -22.422894
-152.360901 -23.364669
-152.201799 -24.307694
-152.047083 -25.251719
-151.896621 -26.196484
-151.750286 -27.141723
-151.607949 -28.087166
-151.469485 -29.032535
-151.334771 -29.977546
-151.203687 -30.921908
-151.076115 -31.865326
-150.951942 -32.807500
-150.831057 -33.748121
-150.713356 -34.686880
-150.598734 -35.623458
-150.487095 -36.557535
-150.378343 -37.488783
-150.272389 -38.416872
-150.169145 -39.341468
-150.068528 -40.262231
-149.970459 -41.178820
-149.874863 -42.090892
-149.781669 -42.998100
-149.690808 -43.900098
-149.602215 -44.796537
-149.515829 -45.687068
-149.431591 -46.571345
-149.349443 -47.449019
-149.269332 -48.319745
-149.191206 -49.183181
-149.115015 -50.038987
-149.040713 -50.886827
-148.968255 -51.726370
-148.897598 -52.557290
-148.828703 -53.379264
-148.761530 -54.191980
-148.696044 -54.995127
-148.632208 -55.788405
-148.569991 -56.571522
-148.509361 -57.344194
-148.450288 -58.106145
-148.392744 -58.857112
-148.336702 -59.596839
-148.282136 -60.325084
-148.229022 -61.041616
-148.177337 -61.746216
-148.127061 -62.438678
-148.078171 -63.118810
-148.030650 -63.786431
-147.984476 -64.441376
-147.939632 -65.083492
-147.896099 -65.712637
-147.853858 -66.328685
-147.812894 -66.931523
-147.773186 -67.521051
-147.734718 -68.097183
-147.697471 -68.659846
-147.661427 -69.208982
-147.626568 -69.744545
-147.592873 -70.266504
-147.560324 -70.774840
-147.528901 -71.269551
-147.498583 -71.750646
-147.469348 -72.218149
-147.441174 -72.672101
-147.414038 -73.112553
-147.387916 -73.539574
-147.362783 -73.953247
-147.338612 -74.353667
-147.315378 -74.740946
-147.293054 -75.115208
-147.271610 -75.476590
-147.251019 -75.825242
-147.231250 -76.161328
-147.212275 -76.485021
-147.194064 -76.796507
-147.176585 -77.095983
-147.159812 -77.383656
-147.143712 -77.659743
-147.128259 -77.924469
-147.113424 -78.178069
-147.099177 -78.420783
-147.085493 -78.652861
-147.072345 -78.874558
-147.059705 -79.086136
-147.047549 -79.287862
-147.035852 -79.480008
-147.024591 -79.662851
-147.013742 -79.836672
-147.003282 -80.001754
-146.993192 -80.158384
-146.983449 -80.306851
-146.974033 -80.447445
-146.964923 -80.580457
-146.956100 -80.706176
-146.947542 -80.824893
-146.939228 -80.936896
-146.931138 -81.042472
-146.923250 -81.141906
-146.915540 -81.235482
-146.907985 -81.323481
-146.900559 -81.406183
-146.893234 -81.483866
-146.885981 -81.556805
-146.878769 -81.625274
-146.871562 -81.689542
-146.864323 -81.749878
-146.857012 -81.806546
-146.849585 -81.859807
-146.841994 -81.909919
-146.834186 -81.957136
-146.826104 -82.001708
-146.817688 -82.043879
-146.808872 -82.083888
-146.799585 -82.121968
-146.789752 -82.158347
-146.779291 -82.193245
-146.768116 -82.226875
-146.756136 -82.259444
-146.743251 -82.291150
-146.729357 -82.322186
-146.714343 -82.352736
-146.698091 -82.382977
-146.680477 -82.413078
-146.661369 -82.443201
-146.640629 -82.473502
-146.618111 -82.504128
-146.593663 -82.535218
-146.567122 -82.566904
-146.538321 -82.599314
-146.507083 -82.632565
-146.473223 -82.666769
-146.436549 -82.702032
-146.396858 -82.738453
-146.353942 -82.776122
-146.307584 -82.815125
-146.257556 -82.855539
-146.203624 -82.897433
-146.145546 -82.940870
-146.083071 -82.985904
-146.015938 -83.032582
-145.943882 -83.080943
-145.866626 -83.131018
-145.783888 -83.182831
-145.695379 -83.236398
-145.600802 -83.291727
-145.499853 -83.348822
-145.392225 -83.407675
-145.277601 -83.468275
-145.155663 -83.530601
-145.026087 -83.594627
-144.888546 -83.660316
-144.742710 -83.727624
-144.588247 -83.796499
-144.424824 -83.866883
-144.252107 -83.938706
-144.069764 -84.011893
-143.877464 -84.086361
-143.674877 -84.162018
-143.461677 -84.238769
-143.237544 -84.316508
-143.002160 -84.395126
-142.755212 -84.474509
-142.496395 -84.554539
-142.225409 -84.635093
-141.941963 -84.716045
-141.645774 -84.797268
-141.336565 -84.878632
-141.014071 -84.960004
-140.678038 -85.041251
-140.328221 -85.122239
-139.964388 -85.202833
-139.586318 -85.282897
-139.193802 -85.362294
-138.786646 -85.440888
-138.364667 -85.518545
-137.927698 -85.595131
-137.475584 -85.670511
-137.008187 -85.744554
-136.525384 -85.817128
-136.027067 -85.888102
-135.513145 -85.957348
-134.983544 -86.024740
-134.438207 -86.090151
-133.877093 -86.153461
-133.300179 -86.214550
-132.707462 -86.273305
-132.098954 -86.329613
-131.474687 -86.383370
-130.834711 -86.434474
-130.179095 -86.482830
-129.507926 -86.528350
-128.821309 -86.570948
-128.119368 -86.610548
-127.402244 -86.647077
-126.670096 -86.680470
-125.923100 -86.710669
-125.161446 -86.737620
-124.385344 -86.761276
-123.595017 -86.781598
-122.790703 -86.798553
-121.972656 -86.812117
-121.141140 -86.822271
-120.296435 -86.829005
-119.438829 -86.832317
-118.568623 -86.832213
-117.686127 -86.828707
-116.791659 -86.821819
-115.885546 -86.811576
-114.968122 -86.798014
-114.039725 -86.781173
-113.100703 -86.761100
-112.151404 -86.737847
-111.192185 -86.711469
-110.223402 -86.682027
-109.245417 -86.649586
-108.258591 -86.614211
-107.263289 -86.575973
-106.259874 -86.534944
-105.248712 -86.491201
-104.230164 -86.444821
-103.204594 -86.395883
-102.172360 -86.344472
-101.133820 -86.290668
-100.089329 -86.234559
-99.039237 -86.176229
-97.983892 -86.115766
-96.923637 -86.053257
-95.858808 -85.988790
-94.789740 -85.922456
-93.716759 -85.854344
-92.640186 -85.784545
-91.560336 -85.713149
-90.477518 -85.640246
-89.392035 -85.565926
-88.304181 -85.490277
-87.214246 -85.413384
-86.122510 -85.335333
-85.029247 -85.256208
-83.934721 -85.176088
-82.839192 -85.095053
-81.742908 -85.013176
-80.646113 -84.930532
-79.549043 -84.847191
-78.451927 -84.763219
-77.354986 -84.678681
-76.258438 -84.593638
-75.162490 -84.508149
-74.067346 -84.422267
-72.973204 -84.336045
-71.880256 -84.249529
-70.788688 -84.162764
-69.698684 -84.075789
-68.610423 -83.988639
-67.524082 -83.901345
-66.439832 -83.813932
-65.357844 -83.726422
-64.278288 -83.638830
-63.201330 -83.551168
-62.127137 -83.463442
-61.055875 -83.375655
-59.987707 -83.287803
-58.922801 -83.199880
-57.861320 -83.111874
-56.803432 -83.023768
-55.749304 -82.935543
-54.699107 -82.847173
-53.653011 -82.758630
-52.611191 -82.669878
-51.573824 -82.580879
-50.541089 -82.491589
-49.513169 -82.401960
-48.490252 -82.311937
-47.472529 -82.221463
-46.460193 -82.130474
-45.453444 -82.038902
-44.452484 -81.946675
-43.457519 -81.853713
-42.468758 -81.759934
-41.486415 -81.665249
-40.510706 -81.569563
-39.541849 -81.472777
-38.580066 -81.374787
-37.625580 -81.275482
-36.678616 -81.174749
-35.739402 -81.072468
-34.808166 -80.968514
-33.885137 -80.862757
-32.970546 -80.755062
-32.064625 -80.645291
-31.167605 -80.533297
-30.279717 -80.418934
-29.401191 -80.302047
-28.532255 -80.182479
-27.673136 -80.060069
-26.824057 -79.934650
-25.985241 -79.806054
-25.156907 -79.674108
-24.339271 -79.538637
-23.532546 -79.399462
-22.736941 -79.256402
-21.952663 -79.109274
-21.179911 -78.957893
-20.418881 -78.802073
-19.669764 -78.641628
-18.932743 -78.476369
-18.207995 -78.306110
-17.495693 -78.130666
-16.795997 -77.949850
-16.109065 -77.763480
-15.435043 -77.571373
-14.774069 -77.373349
-14.126274 -77.169231
-13.491775 -76.958843
-12.870684 -76.742014
-12.263098 -76.518577
-11.669107 -76.288368
-11.088785 -76.051227
-10.522198 -75.807002
-9.969397 -75.555541
-9.430421 -75.296702
-8.905298 -75.030347
-8.394039 -74.756344
-7.896646 -74.474566
-7.413104 -74.184895
-6.943387 -73.887217
-6.487455 -73.581427
-6.045256 -73.267426
-5.616726 -72.945123
-5.201786 -72.614438
-4.800349 -72.275294
-4.412315 -71.927627
-4.037572 -71.571382
-3.675997 -71.206512
-3.327460 -70.832979
-2.991815 -70.450758
-2.668911 -70.059832
-2.358586 -69.660198
-2.060668 -69.251860
-1.774977 -68.834836
-1.501325 -68.409154
-1.239517 -67.974856
-0.989353 -67.531992
-0.750623 -67.080627
-0.523113 -66.620834
-0.306604 -66.152699
-0.100871 -65.676319
0.094317 -65.191801
0.279195 -64.699264
0.454004 -64.198837
0.618987 -63.690658
0.774396 -63.174876
0.920480 -62.651651
1.057497 -62.121150
1.185705 -61.583551
1.305365 -61.039039
1.416738 -60.487808
1.520089 -59.930059
1.615683 -59.366000
1.703783 -58.795849
1.784656 -58.219828
1.858566 -57.638168
1.925775 -57.051105
1.986545 -56.458882
2.041136 -55.861747
2.089805 -55.259953
2.132804 -54.653757
2.170385 -54.043422
2.202794 -53.429212
2.230271 -52.811396
2.253054 -52.190244
2.271374 -51.566032
2.285457 -50.939034
2.295523 -50.309528
2.301786 -49.677794
2.304455 -49.044112
2.303732 -48.408763
2.299813 -47.772030
2.292891 -47.134195
2.283148 -46.495540
2.270764 -45.856346
2.255910 -45.216892
2.238754 -44.577456
2.219455 -43.938315
2.198167 -43.299742
2.175038 -42.662007
2.150209 -42.025378
2.123816 -41.390118
2.095989 -40.756486
2.066852 -40.124737
2.036524 -39.495122
2.005118 -38.867884
1.972744 -38.243263
1.939506 -37.621493
1.905501 -37.002801
1.870826 -36.387410
1.835570 -35.775536
1.799816 -35.167388
1.763647 -34.563170
1.727136 -33.963076
1.690355 -33.367297
1.653369 -32.776014
1.616239 -32.189400
1.579022 -31.607622
1.541772 -31.030837
1.504537 -30.459195
1.467363 -29.892838
1.430291 -29.331898
1.393361 -28.776497
1.356606 -28.226751
1.320058 -27.682761
1.283745 -27.144621
1.247695 -26.612413
1.211928 -26.086209
1.176466 -25.566071
1.141327 -25.052049
1.106527 -24.544184
1.072079 -24.042506
1.037997 -23.547037
1.004293 -23.057788
0.970975 -22.574762
0.938052 -22.097953
0.905531 -21.627346
0.873418 -21.162919
0.841716 -20.704639
0.810429 -20.252469
0.779558 -19.806359
0.749103 -19.366255
0.719063 -18.932094
0.689435 -18.503808
0.660216 -18.081318
0.631400 -17.664543
0.602983 -17.253391
0.574956 -16.847766
0.547314 -16.447565
0.520047 -16.052680
0.493148 -15.662995
0.466608 -15.278391
0.440418 -14.898743
0.414569 -14.523921
0.389051 -14.153793
0.363854 -13.788221
0.338967 -13.427067
0.314381 -13.070188
0.290084 -12.717440
0.266066 -12.368678
0.242316 -12.023755
0.218821 -11.682523
0.195572 -11.344835
0.172557 -11.010543
0.149766 -10.679500
0.127186 -10.351559
0.104807 -10.026578
0.082619 -9.704414
0.060622 -9.385003
0.038819 -9.068287
0.017213 -8.754209
-0.004195 -8.442718
-0.025404 -8.133767
-0.046410 -7.827316
-0.067212 -7.523333
-0.087808 -7.221790
-0.108196 -6.922671
-0.128373 -6.625964
-0.148336 -6.331669
-0.168083 -6.039793
-0.187612 -5.750353
-0.206922 -5.463377
-0.226014 -5.178897
-0.244886 -4.896959
-0.263540 -4.617615
-0.281975 -4.340924
-0.300190 -4.066957
-0.318184 -3.795789
-0.335954 -3.527507
-0.353496 -3.262204
-0.370807 -2.999981
-0.387878 -2.740948
-0.404406 -2.486944
-0.420387 -2.238046
-0.435815 -1.994334
-0.450685 -1.755894
-0.464988 -1.522816
-0.478717 -1.295193
-0.491860 -1.073126
-0.504409 -0.856718
-0.516351 -0.646075
-0.527677 -0.441310
-0.538374 -0.242537
-0.548430 -0.049872
-0.557833 0.136566
-0.566572 0.316658
-0.574634 0.490283
-0.582008 0.657322
-0.588682 0.817653
-0.594644 0.971159
-0.599883 1.117722
-0.604386 1.257226
-0.608143 1.389557
-0.611143 1.514602
-0.613372 1.632252
-0.614821 1.742400
-0.606775 1.794973
-0.598318 1.841789
-0.589462 1.882928
-0.580219 1.918472
-0.570599 1.948504
-0.560614 1.973109
-0.550274 1.992375
-0.539592 2.006392
-0.528577 2.015254
-0.517240 2.019057
-0.505593 2.017902
-0.493646 2.011893
-0.481409 2.001139
-0.468894 1.985751
-0.456110 1.965848
-0.443066 1.941551
-0.429770 1.912986
-0.416231 1.880283
-0.402456 1.843576
-0.388454 1.803004
-0.374232 1.758711
-0.359800 1.710841
-0.345166 1.659547
-0.330340 1.604983
