0.009211 3.104646
0.007493 3.297393
0.005289 3.494410
0.002534 3.695650
-0.000839 3.901064
-0.004905 4.110601
-0.009742 4.324211
-0.015435 4.541843
-0.022074 4.763445
-0.029756 4.988965
-0.038585 5.218348
-0.048669 5.451540
-0.060124 5.688486
-0.073073 5.929129
-0.087646 6.173413
-0.103981 6.421279
-0.122220 6.672669
-0.142516 6.927522
-0.165027 7.185777
-0.189919 7.447374
-0.217367 7.712248
-0.247551 7.980335
-0.280662 8.251571
-0.316896 8.525888
-0.356460 8.803217
-0.399567 9.083489
-0.446991 9.298973
-0.498445 9.513200
-0.554163 9.725982
-0.614392 9.937143
-0.679383 10.146512
-0.749395 10.353928
-0.824690 10.559235
-0.905540 10.762282
-0.992221 10.962927
-1.085013 11.161029
-1.184202 11.356452
-1.290076 11.549063
-1.402929 11.738735
-1.523056 11.925340
-1.650756 12.108757
-1.786330 12.288863
-1.930079 12.465537
-2.082308 12.638661
-2.243319 12.808114
-2.413418 12.973777
-2.592904 13.135529
-2.782080 13.293249
-2.981243 13.446816
-3.190689 13.596107
-3.410708 13.740998
-3.641588 13.881362
-3.883600 14.018574
-4.137019 14.152599
-4.402116 14.283406
-4.679151 14.410964
-4.968379 14.535240
-5.270049 14.656202
-5.584400 14.773819
-5.911662 14.888062
-6.252055 14.998903
-6.605791 15.106313
-6.973069 15.210268
-7.354081 15.310743
-7.749005 15.407714
-8.158008 15.501160
-8.581247 15.591058
-9.018866 15.677390
-9.470996 15.760137
-9.937755 15.839285
-10.419249 15.914819
-10.915570 15.986728
-11.426795 16.055002
-11.952987 16.119636
-12.494192 16.180624
-13.050442 16.237967
-13.621756 16.291669
-14.208135 16.341735
-14.809568 16.388179
-15.426025 16.431011
-16.057462 16.470240
-16.703820 16.505876
-17.365028 16.537928
-18.040998 16.566409
-18.731627 16.591331
-19.436801 16.612710
-20.156391 16.630564
-20.890257 16.644915
-21.638245 16.655787
-22.400190 16.663207
-23.175918 16.667205
-23.965242 16.667815
-24.767966 16.665076
-25.583886 16.659031
-26.412788 16.649729
-27.254450 16.637224
-28.108642 16.621575
-28.975130 16.602845
-29.853671 16.581103
-30.744017 16.556424
-31.645917 16.528886
-32.559115 16.498575
-33.483351 16.465580
-34.418363 16.429995
-35.363888 16.391918
-36.319658 16.351448
-37.285408 16.308688
-38.260869 16.263742
-39.245772 16.216713
-40.239850 16.167706
-41.242838 16.116825
-42.254470 16.064175
-43.274482 16.009860
-44.302612 15.953984
-45.338598 15.896652
-46.382182 15.837970
-47.433106 15.778042
-48.491117 15.716973
-49.555965 15.654865
-50.627400 15.591822
-51.705182 15.527942
-52.789072 15.463324
-53.878836 15.398067
-54.974248 15.332267
-56.075089 15.266017
-57.181143 15.199412
-58.292203 15.132542
-59.408067 15.065497
-60.528540 14.998362
-61.653433 14.931224
-62.782567 14.864164
-63.915768 14.797261
-65.052868 14.730591
-66.193710 14.664228
-67.338140 14.598240
-68.486016 14.532693
-69.637199 14.467648
-70.791561 14.403163
-71.948980 14.339291
-73.109338 14.276082
-74.272525 14.213583
-75.438436 14.151836
-76.606974 14.090879
-77.778045 14.030743
-78.951560 13.971456
-80.127438 13.913042
-81.305600 13.855520
-82.485973 13.798903
-83.668486 13.743204
-84.853073 13.688427
-86.039674 13.634575
-87.228230 13.581644
-88.418683 13.529629
-89.610981 13.478518
-90.805070 13.428298
-92.000902 13.378955
-93.198425 13.330470
-94.397593 13.282825
-95.598356 13.236000
-96.800665 13.189974
-98.004469 13.144725
-99.209716 13.100234
-100.416354 13.056479
-101.624330 13.013438
-102.833591 12.971088
-104.044081 12.929406
-105.255745 12.888368
-106.468526 12.847951
-107.682365 12.808132
-108.897204 12.768891
-110.112979 12.730208
-111.329627 12.692062
-112.547081 12.654436
-113.765272 12.617311
-114.984127 12.580669
-116.203572 12.544491
-117.423529 12.508760
-118.643920 12.473459
-119.864665 12.438571
-121.085678 12.404081
-122.306874 12.369972
-123.528165 12.336227
-124.749460 12.302831
-125.970665 12.269769
-127.191683 12.237027
-128.412416 12.204590
-129.632761 12.172445
-130.852615 12.140581
-132.071870 12.108986
-133.290417 12.077649
-134.508146 12.046562
-135.724944 12.015717
-136.940698 11.985106
-138.155291 11.954725
-139.368606 11.924571
-140.580523 11.894641
-141.790922 11.864932
-142.999683 11.835443
-144.206685 11.806174
-145.411803 11.777124
-146.614916 11.748295
-147.815900 11.719690
-149.014632 11.691311
-150.210991 11.663162
-151.404856 11.635247
-152.596110 11.607573
-153.784639 11.580145
-154.970333 11.552968
-156.153087 11.526049
-157.332802 11.499393
-158.509387 11.473007
-159.682757 11.446896
-160.852837 11.421065
-162.019558 11.395518
-163.182859 11.370260
-164.342689 11.345296
-165.499002 11.320630
-166.651765 11.296266
-167.800948 11.272209
-168.946536 11.248460
-170.088517 11.225021
-171.226892 11.201893
-172.361669 11.179077
-173.492867 11.156574
-174.620513 11.134382
-175.744642 11.112503
-176.865299 11.090936
-177.982535 11.069680
-179.096413 11.048733
-180.206999 11.028095
-181.314371 11.007763
-182.418613 10.987736
-183.519817 10.968013
-184.618081 10.948590
-185.713513 10.929466
-186.806224 10.910636
-187.896335 10.892095
-188.983971 10.873838
-190.069264 10.855857
-191.152350 10.838144
-192.233372 10.820688
-193.312476 10.803478
-194.389813 10.786500
-195.465541 10.769741
-196.539823 10.753185
-197.612824 10.736817
-198.684716 10.720622
-199.755673 10.704584
-200.825874 10.688688
-201.895501 10.672917
-202.964741 10.657257
-204.033783 10.641691
-205.102818 10.626204
-206.172039 10.610779
-207.241638 10.595400
-208.311810 10.580051
-209.382747 10.564714
-210.454637 10.549371
-211.527668 10.534005
-212.602024 10.518598
-213.677883 10.503132
-214.755419 10.487588
-215.834798 10.471949
-216.916180 10.456196
-217.999718 10.440312
-219.085561 10.424277
-220.173847 10.408073
-221.264708 10.391682
-222.358271 10.375084
-223.454651 10.358262
-224.553959 10.341197
-225.656295 10.323871
-226.761753 10.306266
-227.870416 10.288366
-228.982361 10.270152
-230.097656 10.251609
-231.216362 10.232722
-232.338529 10.213476
-233.464203 10.193856
-234.593419 10.173850
-235.726208 10.153443
-236.862590 10.132623
-238.002580 10.111378
-239.146183 10.089695
-240.293402 10.067565
-241.444231 10.044976
-242.598657 10.021922
-243.756664 9.998394
-244.918228 9.974387
-246.083323 9.949897
-247.251917 9.924922
-248.423972 9.899462
-249.599446 9.873518
-250.778295 9.847094
-251.960465 9.820193
-253.145903 9.792821
-254.334548 9.764983
-255.526338 9.736685
-256.721204 9.707932
-257.919074 9.678731
-259.119870 9.649090
-260.323515 9.619014
-261.529923 9.588511
-262.739010 9.557589
-263.950686 9.526256
-265.164862 9.494521
-266.381444 9.462394
-267.600337 9.429887
-268.821444 9.397009
-270.044668 9.363773
-271.269908 9.330192
-272.497066 9.296277
-273.726041 9.262043
-274.956734 9.227505
-276.189043 9.192676
-277.422869 9.157572
-278.658109 9.122209
-279.894662 9.086603
-281.132425 9.050769
-282.371293 9.014725
-283.611163 8.978486
-284.851927 8.942071
-286.093481 8.905495
-287.335718 8.868778
-288.578527 8.831937
-289.821799 8.794989
-291.065420 8.757952
-292.309277 8.720846
-293.553252 8.683690
-294.797223 8.646503
-296.041070 8.609308
-297.284667 8.572129
-298.527884 8.534992
-299.770590 8.497923
-301.012647 8.460952
-302.253915 8.424110
-303.494248 8.387432
-304.733497 8.350954
-305.971507 8.314714
-307.208118 8.278755
-308.443163 8.243120
-309.676473 8.207856
-310.907870 8.173012
-312.137173 8.138639
-313.364193 8.104794
-314.588737 8.071536
-315.810602 8.038929
-317.029584 8.007042
-318.245469 7.975947
-319.458040 7.945722
-320.667073 7.916450
-321.872341 7.888220
-323.073607 7.861124
-324.270632 7.835263
-325.463169 7.810742
-326.650970 7.787670
-327.833777 7.766165
-329.011333 7.746350
-330.183373 7.728354
-331.349631 7.712312
-332.509835 7.698369
-333.663709 7.686672
-334.810974 7.677380
-335.951345 7.670655
-337.084536 7.666670
-338.210254 7.665602
-339.328206 7.667639
-340.438098 7.672975
-341.539632 7.681813
-342.632513 7.694362
-343.716444 7.710843
-344.791130 7.731482
-345.856274 7.756512
-346.911585 7.786174
-347.956773 7.820719
-348.991552 7.860400
-350.015641 7.905479
-351.028762 7.956223
-352.030645 8.012902
-353.021026 8.075793
-353.999645 8.145175
-354.966249 8.221329
-355.920595 8.304540
-356.862445 8.395094
-357.791570 8.493277
-358.707752 8.599379
-359.610778 8.713686
-360.500447 8.836485
-361.376568 8.968062
-362.238959 9.108699
-363.087451 9.258679
-363.921882 9.418279
-364.742106 9.587776
-365.547984 9.767439
-366.339393 9.957536
-367.116220 10.158325
-367.878367 10.370062
-368.625746 10.592994
-369.358285 10.827362
-370.075923 11.073397
-370.778612 11.331323
-371.466317 11.601354
-372.139016 11.883694
-372.796700 12.178537
-373.439372 12.486063
-374.067047 12.806444
-374.679750 13.139837
-375.277521 13.486385
-375.860408 13.846219
-376.428469 14.219454
-376.981774 14.606190
-377.520404 15.006511
-378.044450 15.420485
-378.554015 15.848161
-379.049209 16.289573
-379.530156 16.744735
-379.996985 17.213642
-380.449837 17.696271
-380.888859 18.192578
-381.314204 18.702499
-381.726032 19.225950
-382.124506 19.762823
-382.509797 20.312991
-382.882076 20.876306
-383.241516 21.452598
-383.588292 22.041678
-383.922580 22.643336
-384.244555 23.257345
-384.554391 23.883455
-384.852263 24.521400
-385.138342 25.170895
-385.412799 25.831636
-385.675801 26.503304
-385.927513 27.185562
-386.168098 27.878058
-386.397712 28.580422
-386.616510 29.292272
-386.824640 30.013209
-387.022245 30.742823
-387.209463 31.480688
-387.386423 32.226366
-387.553250 32.979408
-387.710060 33.739354
-387.856962 34.505732
-387.994056 35.278063
-388.121434 36.055858
-388.239177 36.838618
-388.347358 37.625841
-388.446038 38.417014
-388.535269 39.211620
-388.615093 40.009136
-388.685541 40.809037
-388.746634 41.610792
-388.798381 42.413869
-388.840785 43.217735
-388.873836 44.021854
-388.897516 44.825692
-388.911799 45.628715
-388.916651 46.430393
-388.912031 47.230195
-388.897889 48.027598
-388.874170 48.822080
-388.840813 49.613128
-388.797749 50.400232
-388.744905 51.182893
-388.682199 51.960616
-388.609547 52.732920
-388.526859 53.499329
-388.434038 54.259382
-388.330986 55.012627
-388.217600 55.758625
-388.093773 56.496953
-387.959400 57.227201
-387.814371 57.948973
-387.658580 58.661889
-387.491919 59.365586
-387.314281 60.059714
-387.125559 60.743939
-386.925649 61.417948
-386.714450 62.081442
-386.491863 62.734139
-386.257791 63.375778
-386.012143 64.006112
-385.754828 64.624913
-385.485764 65.231971
-385.204871 65.827097
-384.912075 66.410115
-384.607307 66.980872
-384.290506 67.539232
-383.961617 68.085076
-383.620594 68.618304
-383.267396 69.138836
-382.901992 69.646606
-382.524360 70.141568
-382.134487 70.623690
-381.732367 71.092960
-381.318008 71.549378
-380.891425 71.992965
-380.452647 72.423754
-380.001712 72.841795
-379.538669 73.247154
-379.063578 73.639909
-378.576511 74.020157
-378.077553 74.388004
-377.566796 74.743574
-377.044345 75.087001
-376.510314 75.418433
-375.964829 75.738032
-375.408020 76.045969
-374.840031 76.342429
-374.261011 76.627607
-373.671119 76.901708
-373.070518 77.164945
-372.459382 77.417544
-371.837889 77.659735
-371.206225 77.891759
-370.564581 78.113864
-369.913157 78.326302
-369.252158 78.529334
-368.581794 78.723225
-367.902282 78.908245
-367.213843 79.084666
-366.516703 79.252765
-365.811091 79.412820
-365.097239 79.565111
-364.375382 79.709917
-363.645758 79.847521
-362.908608 79.978203
-362.164175 80.102242
-361.412700 80.219915
-360.654428 80.331497
-359.889602 80.437262
-359.118464 80.537478
-358.341256 80.632410
-357.558218 80.722320
-356.769588 80.807464
-355.975603 80.888094
-355.176496 80.964455
-354.372497 81.036789
-353.563832 81.105329
-352.750724 81.170303
-351.933392 81.231933
-351.112047 81.290436
-350.286899 81.346020
-349.458151 81.398888
-348.626000 81.449239
-347.790639 81.497263
-346.952252 81.543145
-346.111019 81.587061
-345.267113 81.629184
-344.420699 81.669676
-343.571937 81.708696
-342.720977 81.746391
-341.867967 81.782904
-341.013042 81.818371
-340.156336 81.852918
-339.297971 81.886665
-338.438066 81.919724
-337.576731 81.952197
-336.714071 81.984183
-335.850184 82.015769
-334.985161 82.047038
-334.119086 82.078065
-333.252041 82.108916
-332.384097 82.139654
-331.515322 82.170332
-330.645776 82.200999
-329.775515 82.231697
-328.904588 82.262461
-328.033038 82.293323
-327.160901 82.324308
-326.288211 82.355437
-325.414995 82.386725
-324.541275 82.418185
-323.667068 82.449824
-322.792387 82.481649
-321.917243 82.513660
-321.041639 82.545856
-320.165579 82.578236
-319.289060 82.610792
-318.412078 82.643517
-317.534627 82.676402
-316.656698 82.709436
-315.778283 82.742607
-314.899370 82.775901
-314.019946 82.809304
-313.139998 82.842801
-312.259513 82.876378
-311.378477 82.910018
-310.496875 82.943706
-309.614694 82.977425
-308.731922 83.011159
-307.848546 83.044892
-306.964556 83.078608
-306.079942 83.112289
-305.194695 83.145919
-304.308808 83.179480
-303.422275 83.212956
-302.535091 83.246328
-301.647253 83.279579
-300.758759 83.312692
-299.869611 83.345650
-298.979807 83.378437
-298.089352 83.411036
-297.198249 83.443434
-296.306504 83.475616
-295.414125 83.507571
-294.521122 83.539287
-293.627506 83.570758
-292.733293 83.601974
-291.838500 83.632930
-290.943147 83.663622
-290.047257 83.694047
-289.150855 83.724203
-288.253973 83.754090
-287.356641 83.783707
-286.458898 83.813057
-285.560783 83.842141
-284.662342 83.870962
-283.763624 83.899522
-282.864682 83.927826
-281.965575 83.955877
-281.066366 83.983678
-280.167123 84.011233
-279.267919 84.038545
-278.368832 84.065619
-277.469943 84.092456
-276.571339 84.119060
-275.673111 84.145433
-274.775354 84.171578
-273.878169 84.197500
-272.981662 84.223201
-272.085940 84.248686
-271.191118 84.273959
-270.297313 84.299024
-269.404648 84.323887
-268.513249 84.348555
-267.623247 84.373033
-266.734776 84.397330
-265.847975 84.421456
-264.962986 84.445423
-264.079954 84.469241
-263.199029 84.492927
-262.320362 84.516498
-261.444109 84.539974
-260.570428 84.563379
-259.699481 84.586742
-258.831435 84.610094
-257.966457 84.633472
-257.104721 84.656917
-256.246403 84.680478
-255.391683 84.704206
-254.540745 84.728161
-253.693776 84.752405
-252.850970 84.777009
-252.012520 84.802050
-251.178624 84.827607
-250.349484 84.853768
-249.525304 84.880627
-248.706290 84.908284
-247.892650 84.936843
-247.084592 84.966418
-246.282329 84.997129
-245.486071 85.029102
-244.696030 85.062470
-243.912418 85.097375
-243.135445 85.133966
-242.365320 85.172400
-241.602253 85.212844
-240.846448 85.255471
-240.098108 85.300464
-239.357434 85.348013
-238.624620 85.398318
-237.899858 85.451587
-237.183335 85.508036
-236.475234 85.567888
-235.775733 85.631375
-235.085004 85.698736
-234.403217 85.770216
-233.730533 85.846068
-233.067109 85.926548
-232.413096 86.011919
-231.768637 86.102450
-231.133871 86.198413
-230.508926 86.300084
-229.893927 86.407745
-229.288988 86.521678
-228.694218 86.642171
-228.109716 86.769513
-227.535574 86.903995
-226.971878 87.045910
-226.418706 87.195550
-225.876129 87.353210
-225.344208 87.519180
-224.822999 87.693750
-224.312549 87.877206
-223.812898 88.069830
-223.324076 88.271898
-222.846109 88.483681
-222.379010 88.705442
-221.922785 88.937436
-221.477434 89.179907
-221.042944 89.433091
-220.619296 89.697213
-220.206462 89.972485
-219.804405 90.259109
-219.413078 90.557273
-219.032427 90.867152
-218.662387 91.188905
-218.302887 91.522678
-217.953846 91.868599
-217.615175 92.226783
-217.286780 92.597325
-216.968557 92.980308
-216.660398 93.375792
-216.362187 93.783823
-216.073803 94.204426
-215.795122 94.637609
-215.526012 95.083357
-215.266340 95.541638
-215.015967 96.012399
-214.774756 96.495568
-214.542564 96.991051
-214.319250 97.498735
-214.104670 98.018486
-213.898682 98.550152
-213.701145 99.093559
-213.511914 99.648515
-213.330852 100.214810
-213.157820 100.792213
-212.992681 101.380478
-212.835303 101.979340
-212.685558 102.588515
-212.543321 103.207706
-212.408474 103.836597
-212.280905 104.474858
-212.160506 105.122141
-212.047178 105.778083
-211.940828 106.442305
-211.841367 107.114412
-211.748716 107.793994
-211.662801 108.480626
-211.583553 109.173872
-211.510914 109.873279
-211.444831 110.578386
-211.385259 111.288721
-211.332160 112.003800
-211.285505 112.723132
-211.245271 113.446220
-211.211445 114.172560
-211.184023 114.901643
-211.163009 115.632958
-211.148416 116.365992
-211.140266 117.100229
-211.138592 117.835156
-211.143434 118.570260
-211.154845 119.305032
-211.172887 120.038966
-211.197633 120.771560
-211.229166 121.502321
-211.267581 122.230762
-211.312982 122.956402
-211.365483 123.678770
-211.425209 124.397402
-211.492295 125.111842
-211.566883 125.821647
-211.649126 126.526383
-211.739186 127.225625
-211.837230 127.918965
-211.943436 128.606001
-212.057987 129.286349
-212.181072 129.959633
-212.312885 130.625493
-212.453627 131.283581
-212.603500 131.933563
-212.762711 132.575119
-212.931470 133.207942
-213.109986 133.831739
-213.298472 134.446232
-213.497139 135.051155
-213.706198 135.646258
-213.925859 136.231305
-214.156328 136.806073
-214.397809 137.370354
-214.650500 137.923956
-214.914592 138.466701
-215.190271 138.998427
-215.477717 139.518988
-215.777101 140.028256
-216.088587 140.526119
-216.412331 141.012485
-216.748481 141.487277
-217.097173 141.950435
-217.458537 142.401919
-217.832691 142.841704
-218.219744 143.269782
-218.619794 143.686162
-219.032929 144.090865
-219.459227 144.483932
-219.898752 144.865412
-220.351558 145.235372
-220.817688 145.593886
-221.297171 145.941045
-221.790025 146.276947
-222.296254 146.601699
-222.815849 146.915420
-223.348787 147.218236
-223.895033 147.510277
-224.454534 147.791684
-225.027227 148.062602
-225.613032 148.323179
-226.211855 148.573570
-226.823588 148.813936
-227.448108 149.044442
-228.085278 149.265255
-228.734946 149.476548
-229.396948 149.678499
-230.071103 149.871285
-230.757219 150.055091
-231.455086 150.230102
-232.164487 150.396507
-232.885186 150.554497
-233.616940 150.704266
-234.359490 150.846010
-235.112570 150.979928
-235.875901 151.106221
-236.649196 151.225091
-237.432158 151.336743
-238.224482 151.441384
-239.025856 151.539222
-239.835961 151.630467
-240.654472 151.715328
-241.481061 151.794018
-242.315394 151.866748
-243.157138 151.933729
-244.005957 151.995169
-244.861515 152.051279
-245.723477 152.102264
-246.591510 152.148328
-247.465284 152.189669
-248.344472 152.226485
-249.228752 152.258967
-250.117806 152.287302
-251.011322 152.311672
-251.908996 152.332255
-252.810526 152.349223
-253.715620 152.362741
-254.623990 152.372972
-255.535356 152.380073
-256.449445 152.384195
-257.365992 152.385486
-258.284741 152.384088
-259.205441 152.380141
-260.127852 152.373779
-261.051743 152.365131
-261.976889 152.354324
-262.903078 152.341482
-263.830105 152.326722
-264.757777 152.310161
-265.685909 152.291912
-266.614327 152.272084
-267.542865 152.250785
-268.471369 152.228117
-269.399695 152.204181
-270.327710 152.179075
-271.255289 152.152891
-272.182319 152.125723
-273.108699 152.097658
-274.034337 152.068781
-274.959151 152.039175
-275.883073 152.008919
-276.806044 151.978088
-277.728015 151.946754
-278.648949 151.914988
-279.568815 151.882853
-280.487594 151.850413
-281.405277 151.817724
-282.321861 151.784842
-283.237351 151.751816
-284.151763 151.718692
-285.065118 151.685513
-285.977444 151.652316
-286.888776 151.619136
-287.799152 151.586004
-288.708618 151.552948
-289.617219 151.519992
-290.525007 151.487157
-291.432035 151.454462
-292.338355 151.421924
-293.244023 151.389555
-294.149093 151.357367
-295.053619 151.325370
-295.957652 151.293571
-296.861244 151.261977
-297.764443 151.230593
-298.667298 151.199421
-299.569853 151.168464
-300.472155 151.137724
-301.374243 151.107201
-302.276158 151.076892
-303.177936 151.046797
-304.079614 151.016912
-304.981225 150.987233
-305.882797 150.957757
-306.784359 150.928480
-307.685935 150.899396
-308.587547 150.870500
-309.489212 150.841786
-310.390946 150.813249
-311.292760 150.784883
-312.194662 150.756680
-313.096659 150.728636
-313.998750 150.700745
-314.900933 150.673000
-315.803201 150.645396
-316.705546 150.617927
-317.607952 150.590590
-318.510403 150.563378
-319.412874 150.536287
-320.315340 150.509313
-321.217767 150.482453
-322.120118 150.455703
-323.022349 150.429064
-323.924415 150.402532
-324.826260 150.376111
-325.727830 150.349801
-326.629061 150.323608
-327.529886 150.297538
-328.430236 150.271599
-329.330032 150.245804
-330.229195 150.220168
-331.127638 150.194708
-332.025271 150.169444
-332.921999 150.144400
-333.817723 150.119604
-334.712340 150.095085
-335.605744 150.070878
-336.497822 150.047022
-337.388460 150.023560
-338.277541 150.000539
-339.164943 149.978011
-340.050542 149.956033
-340.934210 149.934667
-341.815816 149.913981
-342.695226 149.894048
-343.572303 149.874947
-344.446904 149.856763
-345.318885 149.839587
-346.188095 149.823516
-347.054381 149.808654
-347.917587 149.795111
-348.777548 149.783004
-349.634098 149.772457
-350.487066 149.763599
-351.336277 149.756568
-352.181550 149.751505
-353.022702 149.748563
-353.859545 149.747896
-354.691886 149.749670
-355.519532 149.754055
-356.342282 149.761230
-357.159937 149.771378
-357.972291 149.784692
-358.779140 149.801369
-359.580276 149.821613
-360.375491 149.845635
-361.164575 149.873653
-361.947317 149.905889
-362.723506 149.942573
-363.492933 149.983937
-364.255388 150.030222
-365.010664 150.081673
-365.758554 150.138539
-366.498856 150.201074
-367.231369 150.269535
-367.955892 150.344183
-368.672232 150.425283
-369.380195 150.513100
-370.079593 150.607902
-370.770241 150.709960
-371.451959 150.819544
-372.124571 150.936925
-372.787907 151.062373
-373.441803 151.196162
-374.086098 151.338561
-374.720640 151.489840
-375.345280 151.650268
-375.959878 151.820108
-376.564300 151.999621
-377.158418 152.189064
-377.742111 152.388687
-378.315262 152.598735
-378.877765 152.819444
-379.429519 153.051044
-379.970434 153.293756
-380.500426 153.547788
-381.019420 153.813342
-381.527352 154.090606
-382.024165 154.379757
-382.509814 154.680959
-382.984261 154.994363
-383.447480 155.320107
-383.899455 155.658315
-384.340179 156.009097
-384.769655 156.372547
-385.187895 156.748743
-385.594921 157.137750
-385.990764 157.539614
-386.375462 157.954363
-386.749063 158.382011
-387.111620 158.822550
-387.463197 159.275958
-387.803858 159.742190
-388.133678 160.221185
-388.452732 160.712862
-388.761101 161.217122
-389.058869 161.733847
-389.346121 162.262898
-389.622947 162.804118
-389.889436 163.357332
-390.145677 163.922343
-390.391761 164.498938
-390.627778 165.086883
-390.853815 165.685927
-391.069958 166.295800
-391.276290 166.916214
-391.472891 167.546862
-391.659839 168.187423
-391.837207 168.837556
-392.005062 169.496905
-392.163469 170.165098
-392.312485 170.841747
-392.452164 171.526449
-392.582550 172.218786
-392.703684 172.918325
-392.815597 173.624620
-392.918315 174.337214
-393.011855 175.055636
-393.096226 175.779407
-393.171431 176.508040
-393.237464 177.241037
-393.294312 177.977898
-393.341952 178.718113
-393.380353 179.461171
-393.409473 180.206558
-393.429262 180.953755
-393.439661 181.702245
-393.440599 182.451512
-393.431995 183.201037
-393.413760 183.950305
-393.385795 184.698804
-393.347990 185.446023
-393.300227 186.191458
-393.242380 186.934604
-393.174316 187.674965
-393.095891 188.412050
-393.006959 189.145376
-392.907366 189.874464
-392.796951 190.598849
-392.675550 191.318072
-392.542994 192.031684
-392.399112 192.739247
-392.243729 193.440337
-392.076670 194.134541
-391.897761 194.821457
-391.706825 195.500699
-391.503690 196.171894
-391.288181 196.834684
-391.060130 197.488724
-390.819370 198.133690
-390.565737 198.769267
-390.299072 199.395163
-390.019223 200.011098
-389.726040 200.616811
-389.419383 201.212059
-389.099117 201.796615
-388.765116 202.370271
-388.417262 202.932836
-388.055445 203.484138
-387.679564 204.024023
-387.289529 204.552355
-386.885260 205.069017
-386.466686 205.573909
-386.033748 206.066950
-385.586401 206.548079
-385.124609 207.017249
-384.648348 207.474434
-384.157610 207.919622
-383.652397 208.352818
-383.132724 208.774042
-382.598620 209.183329
-382.050127 209.580727
-381.487301 209.966300
-380.910210 210.340123
-380.318940 210.702282
-379.713587 211.052877
-379.094264 211.392017
-378.461094 211.719824
-377.814218 212.036427
-377.153788 212.341969
-376.479970 212.636600
-375.792941 212.920478
-375.092892 213.193774
-374.380023 213.456666
-373.654548 213.709338
-372.916687 213.951987
-372.166672 214.184810
-371.404742 214.408018
-370.631145 214.621821
-369.846136 214.826438
-369.049978 215.022093
-368.242940 215.209014
-367.425294 215.387432
-366.597321 215.557582
-365.759302 215.719703
-364.911525 215.874034
-364.054279 216.020820
-363.187857 216.160304
-362.312552 216.292733
-361.428661 216.418351
-360.536480 216.537407
-359.636307 216.650147
-358.728438 216.756816
-357.813173 216.857660
-356.890806 216.952921
-355.961635 217.042841
-355.025953 217.127658
-354.084052 217.207608
-353.136222 217.282924
-352.182748 217.353834
-351.223916 217.420565
-350.260007 217.483335
-349.291297 217.542361
-348.318061 217.597854
-347.340569 217.650018
-346.359084 217.699055
-345.373870 217.745158
-344.385181 217.788516
-343.393269 217.829312
-342.398381 217.867723
-341.400760 217.903922
-340.400642 217.938074
-339.398258 217.970339
-338.393836 218.000872
-337.387596 218.029821
-336.379755 218.057328
-335.370525 218.083533
-334.360112 218.108565
-333.348718 218.132551
-332.336539 218.155610
-331.323768 218.177857
-330.310594 218.199400
-329.297199 218.220341
-328.283765 218.240776
-327.270468 218.260796
-326.257482 218.280484
-325.244977 218.299919
-324.233123 218.319177
-323.222086 218.338325
-322.212028 218.357427
-321.203111 218.376542
-320.195494 218.395724
-319.189335 218.415020
-318.184790 218.434476
-317.182012 218.454130
-316.181154 218.474016
-315.182366 218.494164
-314.185798 218.514599
-313.191598 218.535340
-312.199914 218.556405
-311.210890 218.577804
-310.224673 218.599546
-309.241405 218.621634
-308.261230 218.644069
-307.284288 218.666847
-306.310719 218.689961
-305.340662 218.713403
-304.374254 218.737160
-303.411633 218.761218
-302.452933 218.785560
-301.498289 218.810169
-300.547834 218.835023
-299.601697 218.860101
-298.660007 218.885382
-297.722892 218.910842
-296.790475 218.936456
-295.862878 218.962200
-294.940221 218.988051
-294.022620 219.013983
-293.110189 219.039972
-292.203040 219.065993
-291.301278 219.092024
-290.405008 219.118041
-289.514331 219.144022
-288.629342 219.169944
-287.750134 219.195786
-286.876795 219.221529
-286.009408 219.247151
-285.148053 219.272636
-284.292801 219.297966
-283.443721 219.323123
-282.600875 219.348093
-281.764322 219.372861
-280.934111 219.397414
-280.110289 219.421741
-279.292892 219.445830
-278.481955 219.469672
-277.677502 219.493257
-276.879554 219.516577
-276.088122 219.539624
-275.303213 219.562393
-274.524828 219.584877
-273.752959 219.607073
-272.987595 219.628977
-272.228715 219.650587
-271.476296 219.671902
-270.730307 219.692919
-269.990712 219.713641
-269.257469 219.734068
-268.530530 219.754202
-267.809843 219.774043
-267.095350 219.793596
-266.386990 219.812862
-265.684696 219.831843
-264.988397 219.850543
-264.298020 219.868964
-263.613487 219.887108
-262.934715 219.904976
-262.261622 219.922568
-261.594118 219.939886
-260.932115 219.956927
-260.275520 219.973690
-259.624239 219.990173
-258.978178 220.006371
-258.337239 220.022278
-257.701328 220.037888
-257.070345 220.053192
-256.444193 220.068179
-255.822775 220.082836
-255.205995 220.097149
-254.593755 220.111102
-253.985961 220.124675
-253.382519 220.137847
-252.783337 220.150597
-252.188324 220.162896
-251.597393 220.174718
-251.010458 220.186030
-250.427436 220.196798
-249.848249 220.206985
-249.272820 220.216549
-248.701080 220.225448
-248.132962 220.233633
-247.568405 220.241053
-247.007352 220.247653
-246.449752 220.253374
-245.895562 220.258153
-245.344743 220.261925
-244.797262 220.264617
-244.253093 220.266155
-243.712218 220.266458
-243.174624 220.265441
-242.640305 220.263016
-242.109263 220.259086
-241.581506 220.253553
-241.057050 220.246310
-240.535918 220.237249
-240.018139 220.226253
-239.503750 220.213203
-238.992795 220.197972
-238.485324 220.180431
-237.981393 220.160443
-237.481064 220.137869
-236.984405 220.112565
-236.491487 220.084381
-236.002388 220.053163
-235.517189 220.018753
-235.035975 219.980989
-234.558835 219.939703
-234.085861 219.894725
-233.617146 219.845878
-233.152786 219.792983
-232.692880 219.735854
-232.237526 219.674303
-231.786826 219.608137
-231.340880 219.537160
-230.899790 219.461171
-230.463659 219.379966
-230.032590 219.293340
-229.606683 219.201083
-229.186042 219.102981
-228.770765 218.998819
-228.360952 218.888381
-227.956702 218.771445
-227.558113 218.647790
-227.165278 218.517194
-226.778293 218.379432
-226.397248 218.234280
-226.022233 218.081516
-225.653335 217.920914
-225.290636 217.752252
-224.934216 217.575310
-224.584150 217.389866
-224.240510 217.195706
-223.903362 216.992615
-223.572768 216.780383
-223.248783 216.558804
-222.931458 216.327677
-222.620835 216.086805
-222.316952 215.835998
-222.019841 215.575075
-221.729524 215.303859
-221.446020 215.022185
-221.169336 214.729895
-220.899472 214.426839
-220.636423 214.112880
-220.380170 213.787889
-220.130690 213.451749
-219.887947 213.104353
-219.651901 212.745607
-219.422500 212.375428
-219.199687 211.993748
-218.983396 211.600509
-218.773555 211.195669
-218.570085 210.779198
-218.372900 210.351084
-218.181911 209.911325
-217.997020 209.459936
-217.818127 208.996949
-217.645127 208.522410
-217.477911 208.036379
-217.316365 207.538934
-217.160376 207.030169
-217.009823 206.510193
-216.864586 205.979132
-216.724541 205.437127
-216.589561 204.884336
-216.459519 204.320930
-216.334283 203.747098
-216.213721 203.163042
-216.097701 202.568977
-215.986088 201.965137
-215.878744 201.351764
-215.775534 200.729117
-215.676318 200.097469
-215.580956 199.457103
-215.489308 198.808313
-215.401230 198.151405
-215.316580 197.486695
-215.235217 196.814511
-215.156996 196.135188
-215.081773 195.449071
-215.009406 194.756510
-214.939753 194.057866
-214.872673 193.353501
-214.808025 192.643784
-214.745671 191.929089
-214.685476 191.209793
-214.627307 190.486272
-214.571032 189.758906
-214.516525 189.028071
-214.463660 188.294143
-214.412317 187.557494
-214.362382 186.818491
-214.313743 186.077499
-214.266295 185.334872
-214.219940 184.590961
-214.174583 183.846108
-214.130138 183.100646
-214.086522 182.354899
-214.043660 181.609178
-214.001480 180.863784
-213.959917 180.119003
-213.918909 179.375109
-213.878400 178.632356
-213.838336 177.890985
-213.798670 177.151219
-213.759356 176.413264
-213.720354 175.677309
-213.681625 174.943524
-213.643135 174.212060
-213.604851 173.483052
-213.566745 172.756612
-213.528789 172.032836
-213.490960 171.311800
-213.453236 170.593559
-213.415597 169.878151
-213.378026 169.165593
-213.340508 168.455885
-213.303030 167.749008
-213.265581 167.044926
-213.228152 166.343585
-213.190736 165.644915
-213.153328 164.948826
-213.115928 164.255216
-213.078536 163.563966
-213.041156 162.874943
-213.003794 162.188000
-212.966459 161.502977
-212.929162 160.819702
-212.891917 160.137990
-212.854739 159.457647
-212.817648 158.778467
-212.780662 158.100240
-212.743804 157.422744
-212.707097 156.745754
-212.670567 156.069040
-212.634238 155.392364
-212.598139 154.715491
-212.562296 154.038182
-212.526737 153.360197
-212.491489 152.681302
-212.456579 152.001263
-212.422033 151.319849
-212.387874 150.636839
-212.354124 149.952013
-212.320803 149.265161
-212.287928 148.576081
-212.255516 147.884577
-212.223579 147.190465
-212.192128 146.493571
-212.161174 145.793735
-212.130722 145.090807
-212.100779 144.384654
-212.071349 143.675157
-212.042434 142.962215
-212.014034 142.245742
-211.986148 141.525670
-211.958774 140.801946
-211.931907 140.074537
-211.905543 139.343425
-211.879675 138.608611
-211.854296 137.870112
-211.829396 137.127963
-211.804967 136.382219
-211.780998 135.632949
-211.757477 134.880243
-211.734395 134.124204
-211.711738 133.364953
-211.689495 132.602627
-211.667652 131.837378
-211.646196 131.069374
-211.625111 130.298796
-211.604383 129.525839
-211.583995 128.750712
-211.563929 127.973633
-211.544164 127.194835
-211.524681 126.414558
-211.505456 125.633051
-211.486465 124.850571
-211.467683 124.067384
-211.449083 123.283759
-211.430640 122.499971
-211.412324 121.716296
-211.394108 120.933013
-211.375962 120.150400
-211.357857 119.368736
-211.339763 118.588295
-211.321651 117.809351
-211.303490 117.032169
-211.285252 116.257011
-211.266911 115.484127
-211.248440 114.713762
-211.229816 113.946149
-211.211015 113.181508
-211.192018 112.420050
-211.172805 111.661972
-211.153362 110.907459
-211.133674 110.156682
-211.113730 109.409797
-211.093518 108.666948
-211.073032 107.928261
-211.052263 107.193847
-211.031207 106.463799
-211.009862 105.738193
-210.988225 105.017087
-210.966299 104.300521
-210.944086 103.588516
-210.921591 102.881078
-210.898820 102.178189
-210.875780 101.479819
-210.852481 100.785918
-210.828932 100.096417
-210.805148 99.411232
-210.781142 98.730261
-210.756928 98.053385
-210.732525 97.380470
-210.707948 96.711365
-210.683218 96.045908
-210.658353 95.383918
-210.633377 94.725204
-210.608311 94.069558
-210.583180 93.416762
-210.558008 92.766585
-210.532822 92.118787
-210.507650 91.473116
-210.482523 90.829314
-210.457472 90.187114
-210.432532 89.546241
-210.407736 88.906417
-210.383120 88.267359
-210.358721 87.628780
-210.334575 86.990392
-210.310720 86.351906
-210.287192 85.713036
-210.264026 85.073495
-210.241257 84.433003
-210.218920 83.791281
-210.197047 83.148060
-210.175667 82.503074
-210.154809 81.856069
-210.134498 81.206799
-210.114754 80.555031
-210.095598 79.900541
-210.077044 79.243122
-210.059107 78.582578
-210.041796 77.918728
-210.025118 77.251406
-210.009078 76.580460
-209.993679 75.905756
-209.978920 75.227173
-209.964800 74.544608
-209.951314 73.857977
-209.938458 73.167211
-209.926224 72.472260
-209.914601 71.773094
-209.903579 71.069700
-209.893144 70.362085
-209.883282 69.650273
-209.873976 68.934307
-209.865209 68.214251
-209.856960 67.490183
-209.849209 66.762203
-209.841931 66.030426
-209.835101 65.294987
-209.828691 64.556037
-209.822671 63.813742
-209.817008 63.068286
-209.811669 62.319867
-209.806615 61.568700
-209.801806 60.815012
-209.797199 60.059048
-209.792748 59.301064
-209.788404 58.541329
-209.784113 57.780124
-209.779819 57.017741
-209.775462 56.254483
-209.770976 55.490662
-209.766292 54.726600
-209.761337 53.962627
-209.756034 53.199079
-209.750303 52.436300
-209.744059 51.674638
-209.737213 50.914446
-209.729674 50.156080
-209.721348 49.399898
-209.712136 48.646259
-209.701938 47.895521
-209.690649 47.148042
-209.678165 46.404177
-209.664376 45.664279
-209.649173 44.928695
-209.632446 44.197766
-209.614079 43.471828
-209.593958 42.751208
-209.571965 42.036227
-209.547980 41.327195
-209.521883 40.624417
-209.493550 39.928185
-209.462856 39.238784
-209.429674 38.556489
-209.393875 37.881564
-209.355327 37.214263
-209.313896 36.554827
-209.269446 35.903485
-209.221840 35.260456
-209.170936 34.625945
-209.116592 34.000143
-209.058663 33.383231
-208.997002 32.775375
-208.931458 32.176729
-208.861880 31.587432
-208.788114 31.007613
-208.710004 30.437385
-208.627391 29.876850
-208.540115 29.326096
-208.448013 28.785196
-208.350921 28.254216
-208.248673 27.733205
-208.141103 27.222202
-208.028042 26.721233
-207.909322 26.230314
-207.784774 25.749450
-207.654227 25.278635
-207.517515 24.817853
-207.374468 24.367079
-207.224922 23.926279
-207.068710 23.495408
-206.905670 23.074416
-206.735641 22.663240
-206.558466 22.261813
-206.373989 21.870059
-206.182056 21.487897
-205.982520 21.115237
-205.775235 20.751986
-205.560061 20.398046
-205.336861 20.053314
-205.105506 19.717686
-204.865870 19.391054
-204.617831 19.073307
-204.361274 18.764337
-204.096090 18.464032
-203.822173 18.172281
-203.539425 17.888975
-203.247753 17.614003
-202.947069 17.347255
-202.637290 17.088622
-202.318337 16.837994
-201.990136 16.595259
-201.652615 16.360307
-201.305709 16.133026
-200.949354 15.913303
-200.583489 15.701024
-200.208060 15.496074
-199.823012 15.298340
-199.428296 15.107707
-199.023865 14.924061
-198.609676 14.747288
-198.185687 14.577275
-197.751861 14.413908
-197.308163 14.257075
-196.854561 14.106666
-196.391029 13.962569
-195.917540 13.824675
-195.434076 13.692877
-194.940618 13.567068
-194.437156 13.447144
-193.923680 13.332999
-193.400186 13.224532
-192.866674 13.121640
-192.323147 13.024221
-191.769611 12.932176
-191.206077 12.845402
-190.632558 12.763798
-190.049070 12.687263
-189.455632 12.615695
-188.852267 12.548992
-188.238999 12.487052
-187.615855 12.429771
-186.982862 12.377045
-186.340053 12.328770
-185.687458 12.284840
-185.025113 12.245149
-184.353051 12.209587
-183.671308 12.178045
-182.979919 12.150410
-182.278921 12.126569
-181.568347 12.106404
-180.848234 12.089794
-180.118616 12.076616
-179.379527 12.066742
-178.631000 12.060044
-177.873069 12.056388
-177.105765 12.055638
-176.329122 12.057658
-175.543169 12.062309
-174.747941 12.069452
-173.943468 12.078947
-173.129787 12.090657
-172.306932 12.104445
-171.474942 12.120178
-170.633856 12.137724
-169.783717 12.156958
-168.924569 12.177754
-168.056459 12.199995
-167.179436 12.223565
-166.293555 12.248351
-165.398869 12.274247
-164.495437 12.301148
-163.583321 12.328954
-162.662586 12.357567
-161.733297 12.386894
-160.795527 12.416844
-159.849346 12.447329
-158.894831 12.478264
-157.932058 12.509567
-156.961106 12.541160
-155.982058 12.572967
-154.994996 12.604914
-154.000007 12.636933
-152.997178 12.668958
-151.986600 12.700925
-150.968366 12.732777
-149.942571 12.764459
-148.909315 12.795921
-147.868697 12.827115
-146.820822 12.858000
-145.765796 12.888537
-144.703726 12.918691
-143.634725 12.948432
-142.558907 12.977735
-141.476389 13.006577
-140.387294 13.034942
-139.291745 13.062818
-138.189870 13.090195
-137.081799 13.117070
-135.967665 13.143445
-134.847604 13.169325
-133.721757 13.194721
-132.590265 13.219650
-131.453275 13.244133
-130.310934 13.268194
-129.163394 13.291862
-128.010807 13.315169
-126.853331 13.338150
-125.691123 13.360843
-124.524347 13.383289
-123.353167 13.405531
-122.177751 13.427613
-120.998267 13.449581
-119.814888 13.471479
-118.627788 13.493353
-117.437145 13.515246
-116.243136 13.537198
-115.045942 13.559250
-113.845747 13.581439
-112.642735 13.603800
-111.437094 13.626366
-110.229015 13.649169
-109.018690 13.672239
-107.806316 13.695606
-106.592092 13.719296
-105.376219 13.743336
-104.158903 13.767752
-102.940350 13.792566
-101.720771 13.817803
-100.500382 13.843483
-99.279400 13.869625
-98.058047 13.896249
-96.836545 13.923371
-95.615124 13.951007
-94.394014 13.979171
-93.173450 14.007875
-91.953667 14.037128
-90.734906 14.066939
-89.517408 14.097313
-88.301419 14.128256
-87.087188 14.159769
-85.874965 14.191854
-84.665006 14.224509
-83.457565 14.257731
-82.252899 14.291514
-81.051269 14.325852
-79.852933 14.360737
-78.658155 14.396157
-77.467199 14.432101
-76.280331 14.468557
-75.097819 14.505510
-73.919932 14.542946
-72.746941 14.580846
-71.579118 14.619195
-70.416736 14.657974
-69.260070 14.697165
-68.109393 14.736751
-66.964981 14.776715
-65.827107 14.817040
-64.696044 14.857710
-63.572062 14.898707
-62.455432 14.940017
-61.346422 14.981623
-60.245296 15.023513
-59.152317 15.065676
-58.067746 15.108107
-56.991841 15.150803
-55.924857 15.193767
-54.867047 15.237004
-53.818659 15.280526
-52.779935 15.324351
-51.751113 15.368500
-50.732426 15.412999
-49.724100 15.457882
-48.726354 15.503187
-47.739402 15.548957
-46.763447 15.595244
-45.798691 15.642104
-44.845322 15.689603
-43.903526 15.737812
-42.973477 15.786812
-42.055342 15.836691
-41.149281 15.887545
-40.255444 15.939482
-39.373974 15.992613
-38.505003 16.047064
-37.648655 16.102966
-36.805046 16.160462
-35.974280 16.219703
-35.156452 16.280851
-34.351646 16.344075
-33.559937 16.409555
-32.781389 16.477480
-32.016055 16.548048
-31.263981 16.621468
-30.525201 16.697956
-29.799741 16.777737
-29.087617 16.861044
-28.388834 16.948119
-27.703389 17.039210
-27.031268 17.134574
-26.372446 17.234473
-25.726892 17.339177
-25.094562 17.448962
-24.475404 17.564110
-23.869359 17.684908
-23.276358 17.811650
-22.696326 17.944633
-22.129181 18.084160
-21.574833 18.230537
-21.033189 18.384075
-20.504147 18.545086
-19.987601 18.713888
-19.483440 18.890798
-18.991548 19.076132
-18.511803 19.270207
-18.044080 19.473337
-17.588247 19.685835
-17.144171 19.908007
-16.711714 20.140159
-16.290736 20.382589
-15.881094 20.635590
-15.482646 20.899447
-15.095245 21.174439
-14.718745 21.460835
-14.352998 21.758894
-13.997856 22.068864
-13.653170 22.390981
-13.318790 22.725468
-12.994564 23.072534
-12.680339 23.432370
-12.375963 23.805152
-12.081278 24.191039
-11.796126 24.590171
-11.520350 25.002670
-11.253787 25.428636
-10.996274 25.868151
-10.747648 26.321275
-10.507742 26.788045
-10.276388 27.268478
-10.053419 27.762567
-9.838666 28.270282
-9.631957 28.791571
-9.433123 29.326358
-9.241989 29.874544
-9.058383 30.436006
-8.882128 31.010601
-8.713048 31.598160
-8.550966 32.198492
-8.395703 32.811384
-8.247082 33.436601
-8.104922 34.073883
-7.969045 34.722950
-7.839269 35.383500
-7.715416 36.055206
-7.597305 36.737723
-7.484753 37.430682
-7.377579 38.133694
-7.275598 38.846351
-7.178623 39.568223
-7.086468 40.298861
-6.998943 41.037800
-6.915857 41.784555
-6.837019 42.538626
-6.762234 43.299496
-6.691307 44.066635
-6.624040 44.839500
-6.560234 45.617535
-6.499688 46.400174
-6.442199 47.186838
-6.387563 47.976942
-6.335572 48.769893
-6.286018 49.565091
-6.238691 50.361929
-6.193378 51.159800
-6.149867 51.958090
-6.107941 52.756189
-6.067386 53.553482
-6.027984 54.349360
-5.989520 55.143216
-5.951779 55.934448
-5.914546 56.722461
-5.877609 57.506666
-5.840760 58.286486
-5.803794 59.061353
-5.766510 59.830708
-5.728711 60.594009
-5.690207 61.350724
-5.650810 62.100339
-5.610342 62.842354
-5.568628 63.576287
-5.525498 64.301674
-5.480790 65.018065
-5.434348 65.725035
-5.386020 66.422172
-5.335663 67.109088
-5.283140 67.785411
-5.228320 68.450792
-5.171078 69.104902
-5.111296 69.747434
-5.048861 70.378102
-4.983666 70.996642
-4.915609 71.602815
-4.844594 72.196402
-4.770526 72.777208
-4.693319 73.345060
-4.612888 73.899808
-4.529154 74.441324
-4.442044 74.969504
-4.351488 75.484263
-4.257423 75.985539
-4.159789 76.473293
-4.058533 76.947506
-3.953603 77.408179
-3.844955 77.855334
-3.732547 78.289013
-3.616342 78.709274
-3.496307 79.116197
-3.372411 79.509878
-3.244629 79.890428
-3.112938 80.257978
-2.977318 80.612672
-2.837753 80.954671
-2.694227 81.284152
-2.546727 81.601304
-2.395244 81.906331
-2.239768 82.199449
-2.080292 82.480884
-1.916811 82.750875
-1.749317 83.009671
-1.577805 83.257529
-1.402269 83.494715
-1.222701 83.721499
-1.039094 83.938160
-0.851434 84.144982
-0.659708 84.342251
-0.463899 84.530258
-0.263987 84.709295
-0.059946 84.879656
0.148250 85.041636
0.360632 85.195527
0.577233 85.341625
0.798091 85.480219
1.023244 85.611601
1.252736 85.736058
1.486614 85.853873
1.724928 85.965328
1.967730 86.070699
2.215077 86.170259
2.467029 86.264274
2.723648 86.353006
2.984999 86.436709
3.251148 86.515633
3.522162 86.590018
3.798111 86.660101
4.079063 86.726109
4.365088 86.788263
4.656258 86.846778
4.952644 86.901863
5.254319 86.953718
5.561356 87.002540
5.873829 87.048515
6.191810 87.091827
6.515374 87.132649
6.844594 87.171150
7.179542 87.207492
7.520291 87.241832
7.866910 87.274319
8.219469 87.305099
8.578036 87.334309
8.942675 87.362082
9.313450 87.388544
9.690419 87.413815
10.073640 87.438004
10.463165 87.461217
10.859042 87.483551
11.261317 87.505095
11.670031 87.525932
12.085218 87.546141
12.506909 87.565789
12.935129 87.584939
13.369897 87.603649
13.811226 87.621971
14.259123 87.639950
14.713587 87.657628
15.174612 87.675042
15.642184 87.692226
16.116281 87.709208
16.596876 87.726016
17.083936 87.742674
17.577420 87.759203
18.077284 87.775622
18.583476 87.791949
19.095939 87.808199
19.614612 87.824388
20.139428 87.840528
20.670313 87.856631
21.207191 87.872707
21.749977 87.888766
22.298584 87.904817
22.852919 87.920868
23.412883 87.936926
23.978376 87.952999
24.549291 87.969092
25.125519 87.985211
25.706946 88.001361
26.293456 88.017548
26.884929 88.033773
27.481242 88.050041
28.082269 88.066351
28.687882 88.082703
29.297952 88.099095
29.912344 88.115525
30.530925 88.131988
31.153559 88.148479
31.780108 88.164990
32.410434 88.181514
33.044398 88.198040
33.681861 88.214557
34.322681 88.231054
34.966720 88.247516
35.613836 88.263932
36.263892 88.280289
36.916751 88.296575
37.572274 88.312779
38.230329 88.328893
38.890780 88.344907
39.553498 88.360815
40.218352 88.376612
40.885218 88.392292
41.553971 88.407853
42.224492 88.423293
42.896664 88.438611
43.570374 88.453806
44.245513 88.468881
44.921975 88.483836
45.599659 88.498672
46.278466 88.513392
46.958302 88.527997
47.639077 88.542488
48.320703 88.556866
49.003098 88.571132
49.686181 88.585287
50.369872 88.599331
51.054098 88.613261
51.738784 88.627078
52.423859 88.640779
53.109256 88.654363
53.794907 88.667826
54.480748 88.681167
55.166714 88.694382
55.852743 88.707469
56.538773 88.720425
57.224742 88.733247
57.910591 88.745933
58.596259 88.758479
59.281687 88.770882
59.966814 88.783141
60.651579 88.795253
61.335921 88.807217
62.019776 88.819032
62.703081 88.830700
63.385770 88.842219
64.067774 88.853593
64.749025 88.864822
65.429451 88.875909
66.108978 88.886858
66.787528 88.897673
67.465022 88.908357
68.141378 88.918917
68.816513 88.929357
69.490337 88.939685
70.162761 88.949905
70.833689 88.960024
71.503025 88.970049
72.170667 88.979988
72.836512 88.989845
73.500453 88.999629
74.162377 89.009347
74.822170 89.019007
75.479712 89.028617
76.134880 89.038186
76.787548 89.047724
77.437584 89.057242
78.084855 89.066751
78.729221 89.076263
79.370542 89.085793
80.008669 89.095356
80.643456 89.104969
81.274747 89.114651
81.902387 89.124422
82.526216 89.134305
83.146072 89.144326
83.761789 89.154510
84.373200 89.164887
84.980137 89.175490
85.582431 89.186353
86.179910 89.197513
86.772402 89.209011
87.359737 89.220888
87.941742 89.233191
88.518250 89.245968
89.089091 89.259270
89.654098 89.273153
90.213107 89.287676
90.765954 89.302901
91.312479 89.318894
91.852525 89.335725
92.385940 89.353468
92.912573 89.372201
93.432279 89.392009
93.944918 89.412977
94.450357 89.435199
94.948464 89.458771
95.439117 89.483797
95.922199 89.510385
96.397598 89.538647
96.865212 89.568702
97.324942 89.600675
97.776697 89.634694
98.220395 89.670895
98.655957 89.709416
99.083314 89.750403
99.502403 89.794005
99.913168 89.840378
100.315562 89.889680
100.709541 89.942077
101.095074 89.997738
101.472132 90.056837
101.840697 90.119552
102.200757 90.186068
102.552305 90.256571
102.895345 90.331251
103.229884 90.410305
103.555937 90.493929
103.873526 90.582326
104.182679 90.675700
104.483432 90.774259
104.775827 90.878213
105.059911 90.987772
105.335738 91.103151
105.603369 91.224565
105.862871 91.352230
106.114314 91.486364
106.357778 91.627186
106.593345 91.774912
106.821101 91.929762
107.041140 92.091952
107.253559 92.261702
107.458458 92.439228
107.655942 92.624743
107.846120 92.818462
108.029103 93.020594
108.205006 93.231347
108.373947 93.450926
108.536048 93.679531
108.691433 93.917356
108.840226 94.164592
108.982554 94.421423
109.118546 94.688023
109.248333 94.964562
109.372046 95.251197
109.489817 95.548080
109.601778 95.855349
109.708061 96.173134
109.808799 96.501551
109.904122 96.840706
109.994160 97.190692
110.079044 97.551589
110.158900 97.923463
110.233857 98.306369
110.304042 98.700346
110.369579 99.105418
110.430594 99.521594
110.487211 99.948871
110.539552 100.387228
110.587739 100.836627
110.631894 101.297017
110.672134 101.768330
110.708580 102.250478
110.741349 102.743362
110.770558 103.246863
110.796325 103.760847
110.818766 104.285163
110.837996 104.819644
110.854131 105.364109
110.867285 105.918360
110.877572 106.482182
110.885107 107.055347
110.890001 107.637612
110.892368 108.228720
110.892320 108.828399
110.889969 109.436362
110.885426 110.052311
110.878800 110.675933
110.870201 111.306903
110.859737 111.944886
110.847517 112.589533
110.833645 113.240485
110.818227 113.897371
110.801364 114.559813
110.783159 115.227422
110.763711 115.899800
110.743117 116.576544
110.721474 117.257240
110.698876 117.941470
110.675414 118.628811
110.651180 119.318837
110.626261 120.011121
110.600744 120.705231
110.574713 121.400741
110.548251 122.097223
110.521436 122.794254
110.494347 123.491415
110.467060 124.188292
110.439649 124.884479
110.412186 125.579577
110.384742 126.273198
110.357386 126.964962
110.330185 127.654504
110.303206 128.341466
110.276511 129.025508
110.250161 129.706302
110.224213 130.383536
110.198723 131.056914
110.173741 131.726160
110.149318 132.391012
110.125499 133.051231
110.102326 133.706595
110.079841 134.356904
110.058080 135.001979
110.037077 135.641660
110.016863 136.275813
109.997466 136.904322
109.978909 137.527094
109.961215 138.144059
109.944403 138.755168
109.928488 139.360394
109.913482 139.959733
109.899394 140.553201
109.886229 141.140839
109.873989 141.722707
109.862674 142.298886
109.852279 142.869481
109.842797 143.434615
109.834220 143.994430
109.826534 144.549090
109.819726 145.098776
109.813780 145.643686
109.808678 146.184036
109.804401 146.720059
109.800928 147.252003
109.798236 147.780132
109.796300 148.304726
109.795096 148.826075
109.794595 149.344485
109.794769 149.860269
109.795588 150.373755
109.797023 150.885275
109.799041 151.395170
109.801609 151.903788
109.804695 152.411479
109.808264 152.918596
109.812282 153.425496
109.816715 153.932534
109.821527 154.440063
109.826686 154.948434
109.832156 155.457994
109.837903 155.969084
109.843892 156.482041
109.850090 156.997194
109.856462 157.514863
109.862976 158.035360
109.869601 158.558985
109.876308 159.086027
109.883067 159.616763
109.889853 160.151454
109.896641 160.690349
109.903406 161.233680
109.910126 161.781660
109.916782 162.334490
109.923354 162.892348
109.929823 163.455396
109.936174 164.023776
109.942391 164.597611
109.948460 165.177005
109.954366 165.762041
109.960097 166.352784
109.965644 166.949276
109.970996 167.551540
109.976146 168.159580
109.981085 168.773380
109.985808 169.392901
109.990310 170.018089
109.994586 170.648867
109.998635 171.285140
110.002454 171.926798
110.006041 172.573710
110.009397 173.225730
110.012520 173.882695
110.015411 174.544427
110.018071 175.210735
110.020502 175.881411
110.022707 176.556236
110.024690 177.234979
110.026458 177.917396
110.028015 178.603235
110.029370 179.292234
110.030530 179.984122
110.031506 180.678625
110.032306 181.375460
110.032942 182.074341
110.033426 182.774980
110.033769 183.477086
110.033984 184.180368
110.034082 184.884536
110.034072 185.589302
110.033966 186.294379
110.033773 186.999484
110.033500 187.704338
110.033156 188.408663
110.032745 189.112190
110.032273 189.814654
110.031741 190.515797
110.031150 191.215368
110.030498 191.913125
110.029782 192.608835
110.028995 193.302274
110.028130 193.993229
110.027178 194.681499
110.026128 195.366894
110.024968 196.049238
110.023683 196.728368
110.022259 197.404135
110.020681 198.076406
110.018931 198.745062
110.016993 199.409999
110.014849 200.071130
110.012480 200.728382
110.009868 201.381698
110.006994 202.031039
110.003839 202.676378
110.000385 203.317708
109.996613 203.955037
109.992504 204.588387
109.988038 205.217800
109.983195 205.843330
109.977957 206.465048
109.972302 207.083042
109.966213 207.697411
109.959669 208.308268
109.952650 208.915741
109.945137 209.519967
109.937108 210.121100
109.928543 210.719299
109.919419 211.314739
109.909714 211.907602
109.899404 212.498077
109.888464 213.086364
109.876869 213.672668
109.864594 214.257202
109.851614 214.840182
109.837901 215.421829
109.823429 216.002367
109.808173 216.582023
109.792109 217.161024
109.775212 217.739600
109.757462 218.317980
109.738838 218.896391
109.719323 219.475061
109.698904 220.054218
109.677569 220.634083
109.655310 221.214879
109.632123 221.796823
109.608008 222.380130
109.582968 222.965008
109.557007 223.551662
109.530137 224.140290
109.502369 224.731084
109.473719 225.324230
109.444205 225.919904
109.413847 226.518275
109.382668 227.119502
109.350692 227.723735
109.317944 228.331112
109.284451 228.941761
109.250242 229.555796
109.215344 230.173321
109.179789 230.794428
109.143605 231.419194
109.106826 232.047685
109.069482 232.679952
109.031606 233.316032
108.993231 233.955947
108.954391 234.599705
108.915122 235.247298
108.875461 235.898701
108.835445 236.553875
108.795113 237.212767
108.754505 237.875308
108.713662 238.541413
108.672629 239.210985
108.631448 239.883913
108.590167 240.560070
108.548832 241.239316
108.507495 241.921500
108.466206 242.606456
108.425020 243.294006
108.383995 243.983959
108.343188 244.676114
108.302660 245.370259
108.262474 246.066170
108.222694 246.763614
108.183387 247.462351
108.144620 248.162131
108.106462 248.862696
108.068982 249.563785
108.032246 250.265128
107.996323 250.966450
107.961278 251.667474
107.927175 252.367917
107.894076 253.067494
107.862040 253.765916
107.831125 254.462894
107.801386 255.158136
107.772876 255.851351
107.745644 256.542246
107.719738 257.230529
107.695203 257.915911
107.672081 258.598100
107.650412 259.276810
107.630235 259.951756
107.611584 260.622654
107.594495 261.289228
107.579001 261.951204
107.565133 262.608312
107.552921 263.260293
107.542394 263.906889
107.533578 264.547855
107.526497 265.182948
107.521173 265.811939
107.517627 266.434605
107.515874 267.050734
107.515931 267.660124
107.517806 268.262585
107.521510 268.857939
107.527045 269.446019
107.534413 270.026671
107.543609 270.599755
107.554625 271.165144
107.567447 271.722722
107.582059 272.272388
107.598439 272.814055
107.616559 273.347650
107.636387 273.873111
107.657885 274.390393
107.681011 274.899463
107.705715 275.400304
107.731943 275.892915
107.759635 276.377306
107.788723 276.853504
107.819136 277.321547
107.850794 277.781491
107.883615 278.233399
107.917507 278.677351
107.952376 279.113437
107.988124 279.541759
108.024647 279.962431
108.061841 280.375579
108.099598 280.781338
108.137808 281.179857
108.176359 281.571294
108.215138 281.955819
108.254029 282.333609
108.292916 282.704854
108.331681 283.069753
108.370208 283.428512
108.408378 283.781349
108.446075 284.128489
108.483182 284.470167
108.519584 284.806626
108.555167 285.138119
108.589819 285.464907
108.623427 285.787259
108.655881 286.105452
108.687073 286.419771
108.716897 286.730507
108.745248 287.037955
108.772027 287.342419
108.797135 287.644208
108.820480 287.943636
108.841971 288.241020
108.861524 288.536685
108.879056 288.830958
108.894491 289.124167
108.907758 289.416647
108.918789 289.708733
108.927525 290.000762
108.933911 290.293074
108.937900 290.586007
108.939448 290.879903
108.938522 291.175099
108.935092 291.471938
108.929136 291.770756
108.920641 292.071891
108.909596 292.375679
108.896002 292.682453
108.879864 292.992542
108.861194 293.306272
108.840012 293.623964
108.816345 293.945935
108.790228 294.272499
108.761702 294.603965
108.730815 294.940636
108.697624 295.282813
108.662190 295.630789
108.624580 295.984854
108.584866 296.345289
108.543126 296.712368
108.499439 297.086357
108.453892 297.467515
108.406573 297.856088
108.357574 298.252315
108.306990 298.656424
108.254919 299.068631
108.201463 299.489143
108.146724 299.918154
108.090806 300.355845
108.033815 300.802385
107.975856 301.257929
107.917032 301.722619
107.857450 302.196581
107.797212 302.679925
107.736421 303.172746
107.675180 303.675125
107.613589 304.187122
107.551748 304.708785
107.489752 305.240144
107.427698 305.781212
107.365677 306.331983
107.303779 306.892437
107.242090 307.462532
107.180696 308.042211
107.119678 308.631399
107.059116 309.230002
106.999088 309.837911
106.939668 310.454996
106.880928 311.081113
106.822937 311.716098
106.765761 312.359770
106.709464 313.011934
106.654105 313.672376
106.599743 314.340867
106.546433 315.017160
106.494229 315.700996
106.443181 316.392097
106.393341 317.090174
106.344755 317.794921
106.297470 318.506023
106.251532 319.223146
106.206984 319.945949
106.163869 320.674073
106.122231 321.407153
106.082111 322.144808
106.043554 322.886647
106.006602 323.632270
105.971300 324.381268
105.937692 325.133222
105.905827 325.887707
105.875753 326.644294
105.847522 327.402546
105.821190 328.162024
105.796812 328.922285
105.774451 329.682883
105.754171 330.443371
105.736040 331.203301
105.720129 331.962227
105.706517 332.719702
105.695288 333.475283
105.686531 334.228529
105.680342 334.979003
105.676823 335.726274
105.676083 336.469916
105.678238 337.209510
105.683410 337.944645
105.691730 338.674917
105.703334 339.399933
105.718365 340.119308
105.736975 340.832671
105.759322 341.539659
105.785569 342.239921
105.815890 342.933122
105.850462 343.618935
105.889469 344.297050
105.933103 344.967167
105.981559 345.629001
106.035040 346.282281
106.093754 346.926749
106.157914 347.562164
106.227739 348.188298
106.303453 348.804939
106.385284 349.411888
106.473467 350.008963
106.568239 350.595996
106.669842 351.172838
106.778521 351.739350
106.894524 352.295413
107.018104 352.840919
107.149516 353.375778
107.289016 353.899913
107.436864 354.413264
107.593318 354.915781
107.758640 355.407434
107.933086 355.888203
108.116917 356.358083
108.310391 356.817084
108.513762 357.265225
108.727286 357.702539
108.951212 358.129070
109.185789 358.544875
109.431260 358.950018
109.687864 359.344575
109.955835 359.728632
110.235402 360.102284
110.526785 360.465634
110.830202 360.818795
111.145859 361.161888
111.473957 361.495042
111.814686 361.818394
112.168228 362.132086
112.534755 362.436270
112.914429 362.731102
113.307404 363.016746
113.713821 363.293370
114.133812 363.561147
114.567498 363.820254
115.014990 364.070873
115.476386 364.313186
115.951776 364.547381
116.441236 364.773644
116.944832 364.992167
117.462618 365.203140
117.994636 365.406755
118.540919 365.603205
119.101485 365.792685
119.676343 365.975388
120.265491 366.151509
120.868912 366.321239
121.486581 366.484771
122.118460 366.642296
122.764501 366.794002
123.424641 366.940078
124.098810 367.080710
124.786924 367.216080
125.488887 367.346370
126.204596 367.471754
126.933933 367.592409
127.676769 367.708504
128.432967 367.820210
129.202375 367.927690
129.984836 368.031106
130.780180 368.130619
131.588230 368.226382
132.408800 368.318548
133.241696 368.407265
134.086716 368.492678
134.943650 368.574930
135.812283 368.654160
136.692393 368.730507
137.583753 368.804103
138.486130 368.875082
139.399287 368.943573
140.322984 369.009702
141.256975 369.073595
142.201012 369.135373
143.154844 369.195153
144.118219 369.253051
145.090883 369.309178
146.072580 369.363641
147.063055 369.416543
148.062050 369.467984
149.069310 369.518058
150.084576 369.566856
151.107592 369.614465
152.138104 369.660966
153.175854 369.706438
154.220590 369.750954
155.272059 369.794584
156.330009 369.837396
157.394194 369.879451
158.464368 369.920808
159.540287 369.961523
160.621713 370.001646
161.708409 370.041227
162.800143 370.080311
163.896685 370.118938
164.997810 370.157149
166.103296 370.194980
167.212926 370.232466
168.326487 370.269638
169.443769 370.306528
170.564568 370.343161
171.688683 370.379563
172.815921 370.415760
173.946090 370.451772
175.079008 370.487622
176.214494 370.523330
177.352378 370.558913
178.492492 370.594390
179.634675 370.629776
180.778774 370.665085
181.924640 370.700330
183.072129 370.735524
184.221105 370.770678
185.371436 370.805803
186.522999 370.840909
187.675672 370.876004
188.829341 370.911095
189.983896 370.946189
191.139233 370.981291
192.295251 371.016404
193.451855 371.051531
194.608954 371.086672
195.766462 371.121829
196.924298 371.156999
198.082382 371.192182
199.240643 371.227374
200.399010 371.262572
201.557417 371.297773
202.715800 371.332973
203.874102 371.368168
205.032265 371.403352
206.190238 371.438521
207.347972 371.473671
208.505420 371.508797
209.662540 371.543895
210.819293 371.578959
211.975641 371.613986
213.131550 371.648973
214.286989 371.683915
215.441925 371.718810
216.596332 371.753657
217.750182 371.788453
218.903451 371.823198
220.056116 371.857891
221.208155 371.892530
222.359548 371.927115
223.510279 371.961647
224.660329 371.996123
225.809685 372.030545
226.958331 372.064913
228.106258 372.099225
229.253452 372.133482
230.399906 372.167683
231.545609 372.201826
232.690553 372.235910
233.834729 372.269932
234.978131 372.303891
236.120750 372.337783
237.262578 372.371606
238.403606 372.405356
239.543826 372.439030
240.683230 372.472623
241.821808 372.506130
242.959549 372.539547
244.096444 372.572866
245.232481 372.606084
246.367649 372.639194
247.501934 372.672189
248.635325 372.705063
249.767807 372.737810
250.899368 372.770424
252.029991 372.802899
253.159663 372.835230
254.288366 372.867412
255.416083 372.899444
256.542795 372.931323
257.668484 372.963048
258.793130 372.994622
259.916713 373.026048
261.039210 373.057331
262.160599 373.088481
263.280857 373.119509
264.399958 373.150429
265.517876 373.181257
266.634585 373.212016
267.750054 373.242729
268.864254 373.273424
269.977154 373.304131
271.088721 373.334887
272.198922 373.365729
273.307720 373.396699
274.415080 373.427844
275.520963 373.459214
276.625329 373.490863
277.728138 373.522849
278.829349 373.555235
279.928919 373.588085
281.026805 373.621470
282.122961 373.655462
283.217343 373.690137
284.309903 373.725578
285.400593 373.761869
286.489363 373.799098
287.576164 373.837361
288.660944 373.876753
289.743652 373.917375
290.824235 373.959333
291.902640 374.002732
292.978815 374.047683
294.052705 374.094300
295.124257 374.142698
296.193419 374.192995
297.260137 374.245313
298.324357 374.299773
299.386030 374.356500
300.445101 374.415620
301.501522 374.477258
302.555242 374.541544
303.606212 374.608603
304.654385 374.678564
305.699715 374.751553
306.742156 374.827697
307.781667 374.907119
308.818207 374.989940
309.851735 375.076277
310.882217 375.166244
311.909618 375.259949
312.933907 375.357496
313.955055 375.458979
314.973039 375.564490
315.987835 375.674108
316.999428 375.787908
318.007802 375.905953
319.012950 376.028298
320.014865 376.154987
321.013548 376.286053
322.009003 376.421519
323.001238 376.561394
323.990269 376.705679
324.976113 376.854360
325.958796 377.007411
326.938348 377.164796
327.914804 377.326462
328.888205 377.492346
329.858597 377.662370
330.826029 377.836446
331.790556 378.014470
332.752238 378.196329
333.711137 378.381895
334.667324 378.571030
335.620869 378.763580
336.571848 378.959383
337.520340 379.158261
338.466427 379.360025
339.410193 379.564474
340.351724 379.771396
341.291108 379.980567
342.228432 380.191754
343.163786 380.404712
344.097256 380.619189
345.028931 380.834920
345.958895 381.051634
346.887232 381.269050
347.814025 381.486881
348.739353 381.704831
349.663292 381.922596
350.585916 382.139869
351.507292 382.356332
352.427484 382.571666
353.346552 382.785545
354.264547 382.997642
355.181516 383.207623
356.097501 383.415154
357.012534 383.619897
357.926642 383.821514
358.839841 384.019668
359.752142 384.214022
360.663543 384.404239
361.574035 384.589988
362.483595 384.770936
363.392193 384.946759
364.299784 385.117135
365.206314 385.281746
366.111714 385.440283
367.015903 385.592442
367.918789 385.737927
368.820266 385.876448
369.720213 386.007724
370.618498 386.131483
371.514974 386.247460
372.409480 386.355398
373.301843 386.455052
374.191873 386.546185
375.079368 386.628570
375.964114 386.701989
376.845880 386.766236
377.724426 386.821112
378.599497 386.866429
379.470825 386.902009
380.338133 386.927684
381.201131 386.943294
382.059520 386.948692
382.912992 386.943739
383.761231 386.928306
384.603917 386.902276
385.440719 386.865541
386.271305 386.818004
387.095339 386.759578
387.912481 386.690186
388.722392 386.609761
389.524734 386.518246
390.319167 386.415593
391.105353 386.301766
391.882955 386.176733
392.651640 386.040475
393.411078 385.892982
394.160946 385.734253
394.900924 385.564296
395.630699 385.383128
396.349968 385.190774
397.058433 384.987267
397.755807 384.772650
398.441812 384.546973
399.116179 384.310294
399.778655 384.062681
400.428993 383.804206
401.066964 383.534952
401.692351 383.255006
402.304954 382.964464
402.904589 382.663427
403.491085 382.352002
404.064292 382.030302
404.624075 381.698446
405.170316 381.356555
405.702918 381.004758
406.221797 380.643186
406.726892 380.271973
407.218156 379.891259
407.695564 379.501186
408.159105 379.101900
408.608791 378.693547
409.044649 378.276280
409.466726 377.850251
409.875086 377.415615
410.269813 376.972528
410.651006 376.521149
411.018783 376.061637
411.373281 375.594153
411.714651 375.118860
412.043061 374.635921
412.358692 374.145501
412.661742 373.647763
412.952417 373.142874
413.230940 372.630998
413.497539 372.112298
413.752454 371.586938
413.995935 371.055079
414.228234 370.516881
414.449613 369.972503
414.660335 369.422098
414.860668 368.865822
415.050883 368.303823
415.231252 367.736251
415.402050 367.163253
415.563552 366.584972
415.716032 366.001549
415.859761 365.413119
415.995008 364.819817
416.122041 364.221771
416.241119 363.619108
416.352500 363.011949
416.456437 362.400414
416.553174 361.784615
416.642949 361.164662
416.725993 360.540658
416.802528 359.912704
416.872766 359.280895
416.936910 358.645322
416.995149 358.006072
417.047662 357.363225
417.094619 356.716861
417.136173 356.067052
417.172468 355.413871
417.203634 354.757383
417.229791 354.097653
417.251044 353.434744
417.267486 352.768713
417.279200 352.099619
417.286254 351.427518
417.288706 350.752465
417.286602 350.074512
417.279973 349.393714
417.268843 348.710122
417.253221 348.023790
417.233105 347.334770
417.208483 346.643115
417.179329 345.948880
417.145608 345.252118
417.107273 344.552884
417.064268 343.851234
417.016528 343.147225
416.963981 342.440913
416.906544 341.732357
416.844130 341.021618
416.776647 340.308757
416.703996 339.593839
416.626077 338.876927
416.542787 338.158089
416.454019 337.437395
416.359668 336.714916
416.259625 335.990725
416.153784 335.264897
416.042038 334.537507
415.924281 333.808634
415.800410 333.078355
415.670326 332.346751
415.533933 331.613901
415.391138 330.879886
415.241855 330.144790
415.086002 329.408695
414.923504 328.671683
414.754289 327.933839
414.578293 327.195247
414.395459 326.455991
414.205737 325.716156
414.009083 324.975828
413.805463 324.235090
413.594848 323.494027
413.377221 322.752722
413.152570 322.011259
412.920896 321.269718
412.682204 320.528180
412.436513 319.786723
412.183847 319.045426
411.924242 318.304361
411.657742 317.563601
411.384398 316.823216
411.104273 316.083273
410.817436 315.343834
410.523965 314.604961
410.223949 313.866710
409.917481 313.129135
409.604666 312.392286
409.285614 311.656208
408.960446 310.920944
408.629287 310.186531
408.292276 309.453002
407.949553 308.720386
407.601269 307.988709
407.247578 307.257993
406.888642 306.528257
406.524626 305.799512
406.155704 305.071770
405.782051 304.345036
405.403845 303.619311
405.021268 302.894593
404.634502 302.170876
404.243733 301.448149
403.849145 300.726398
403.450923 300.005607
403.049254 299.285754
402.644321 298.566817
402.236309 297.848768
401.825399 297.131580
401.411771 296.415221
400.995601 295.699658
400.577063 294.984858
400.156324 294.270782
399.733551 293.557395
399.308903 292.844657
398.882536 292.132529
398.454600 291.420972
398.025241 290.709944
397.594600 289.999403
397.162812 289.289308
396.730009 288.579618
396.296313 287.870291
395.861846 287.161286
395.426721 286.452564
394.991046 285.744085
394.554923 285.035811
394.118450 284.327702
393.681716 283.619723
393.244806 282.911837
392.807798 282.204008
392.370765 281.496203
391.933771 280.788387
391.496878 280.080529
391.060139 279.372595
390.623602 278.664555
390.187308 277.956376
389.751290 277.248028
389.315578 276.539477
388.880195 275.830694
388.445157 275.121648
388.010472 274.412306
387.576145 273.702639
387.142176 272.992614
386.708559 272.282199
386.275283 271.571360
385.842333 270.860063
385.409689 270.148275
384.977325 269.435959
384.545209 268.723081
384.113307 268.009604
383.681579 267.295492
383.249984 266.580708
382.818474 265.865213
382.387000 265.148969
381.955509 264.431935
381.523944 263.714072
381.092249 262.995336
380.660362 262.275686
380.228221 261.555077
379.795765 260.833465
379.362929 260.110803
378.929650 259.387047
378.495862 258.662147
378.061502 257.936056
377.626506 257.208726
377.190811 256.480105
376.754353 255.750144
376.317071 255.018791
375.878903 254.285995
375.439787 253.551704
374.999663 252.815864
374.558473 252.078420
374.116156 251.339317
373.672656 250.598500
373.227917 249.855910
372.781884 249.111492
372.334503 248.365187
371.885720 247.616937
371.435484 246.866685
370.983741 246.114373
370.530443 245.359943
370.075540 244.603338
369.618984 243.844501
369.160730 243.083375
368.700734 242.319904
368.238953 241.554035
367.775348 240.785717
367.309882 240.014897
366.842520 239.241527
366.373230 238.465561
365.901982 237.686954
365.428752 236.905666
364.953515 236.121659
364.476252 235.334898
363.996944 234.545354
363.515579 233.753000
363.032147 232.957813
362.546644 232.159777
362.059071 231.358877
361.569432 230.555104
361.077736 229.748453
360.583997 228.938925
360.088231 228.126526
359.590461 227.311266
359.090712 226.493161
358.589015 225.672233
358.085404 224.848507
357.579916 224.022016
357.072592 223.192796
356.563475 222.360888
356.052609 221.526339
355.540043 220.689200
355.025828 219.849527
354.510015 219.007377
353.992659 218.162815
353.473818 217.315907
352.953551 216.466723
352.431918 215.615337
351.908982 214.761827
351.384808 213.906273
350.859462 213.048760
350.333009 212.189375
349.805519 211.328210
349.277059 210.465359
348.747699 209.600918
348.217509 208.734987
347.686562 207.867669
347.154929 206.999068
346.622688 206.129289
346.089914 205.258443
345.556682 204.386639
345.023072 203.513989
344.489160 202.640610
343.955025 201.766615
343.420743 200.892124
342.886391 200.017254
342.352047 199.142126
341.817785 198.266858
341.283680 197.391570
340.749802 196.516382
340.216220 195.641410
339.683001 194.766771
339.150206 193.892578
338.617894 193.018941
338.086121 192.145966
337.554937 191.273757
337.024387 190.402408
336.494512 189.532015
335.965347 188.662662
335.436925 187.794432
334.909271 186.927400
334.382408 186.061637
333.856354 185.197205
333.331120 184.334160
332.806716 183.472553
332.283146 182.612425
331.760410 181.753813
331.238501 180.896745
330.717410 180.041243
330.197125 179.187321
329.677629 178.334987
329.158900 177.484243
328.640913 176.635084
328.123640 175.787499
327.607048 174.941472
327.091098 174.096979
326.575752 173.253993
326.060963 172.412479
325.546687 171.572396
325.032871 170.733701
324.519466 169.896340
324.006415 169.060258
323.493662 168.225392
322.981148 167.391675
322.468814 166.559036
321.956595 165.727399
321.444426 164.896682
320.932239 164.066801
320.419966 163.237668
319.907534 162.409190
319.394872 161.581272
318.881907 160.753813
318.368565 159.926711
317.854773 159.099859
317.340456 158.273148
316.825543 157.446465
316.309962 156.619696
315.793640 155.792724
315.276508 154.965432
314.758499 154.137701
314.239547 153.309411
313.719590 152.480444
313.198569 151.650684
312.676427 150.820016
312.153112 149.988326
311.628574 149.155507
311.102768 148.321453
310.575653 147.486063
310.047192 146.649240
309.517350 145.810891
308.986099 144.970929
308.453412 144.129272
307.919267 143.285842
307.383644 142.440570
306.846528 141.593389
306.307905 140.744242
305.767768 139.893077
305.226113 139.039848
304.682939 138.184516
304.138252 137.327049
303.592058 136.467422
303.044371 135.605615
302.495206 134.741616
301.944584 133.875419
301.392530 133.007023
300.839072 132.136437
300.284242 131.263672
299.728075 130.388748
299.170608 129.511693
298.611882 128.632538
298.051940 127.751322
297.490828 126.868091
296.928595 125.982894
296.365292 125.095790
295.800973 124.206838
295.235696 123.316107
294.669522 122.423667
294.102514 121.529593
293.534740 120.633967
292.966269 119.736870
292.397174 118.838391
291.827531 117.938620
291.257417 117.037650
290.686916 116.135578
290.116109 115.232502
289.545083 114.328525
288.973927 113.423750
288.402733 112.518282
287.831596 111.612229
287.260614 110.705697
286.689886 109.798795
286.119515 108.891634
285.549609 107.984320
284.980274 107.076965
284.411624 106.169674
283.843772 105.262556
283.276834 104.355716
282.710931 103.449262
282.146182 102.543298
281.582711 101.637927
281.020643 100.733253
280.460105 99.829376
279.901225 98.926394
279.344133 98.024406
278.788962 97.123506
278.235843 96.223787
277.684911 95.325340
277.136297 94.428251
276.590135 93.532605
276.046558 92.638487
275.505696 91.745974
274.967681 90.855146
274.432642 89.966076
273.900708 89.078838
273.372006 88.193502
272.846661 87.310138
272.324797 86.428809
271.806540 85.549581
271.292013 84.672516
270.781334 83.797671
270.274625 82.925106
269.772002 82.054878
269.273578 81.187042
268.779465 80.321653
268.289769 79.458768
267.804594 78.598443
267.324039 77.740735
266.848196 76.885703
266.377156 76.033410
265.911002 75.183920
265.449810 74.337301
264.993652 73.493627
264.542592 72.652972
264.096689 71.815419
263.655991 70.981054
263.220541 70.149969
262.790375 69.322261
262.365515 68.498034
261.945978 67.677399
261.531769 66.860470
261.122883 66.047372
260.719305 65.238235
260.321010 64.433194
259.927961 63.632393
259.540112 62.835984
259.157405 62.044122
258.779772 61.256970
258.407135 60.474698
258.039404 59.697479
257.676483 58.925495
257.318265 58.158933
256.964632 57.397988
256.615463 56.642860
256.270627 55.893757
255.929986 55.150892
255.593399 54.414486
255.260718 53.684766
254.931792 52.961967
254.606465 52.246328
254.284580 51.538097
253.965977 50.837528
253.650496 50.144878
253.337976 49.460414
253.028256 48.784405
252.721177 48.117126
252.416578 47.458857
252.114301 46.809882
251.814192 46.170491
251.516094 45.540976
251.219859 44.921635
250.925338 44.312768
250.632391 43.714676
250.340882 43.127664
250.050680 42.552036
249.761662 41.988098
249.473711 41.436154
249.186718 40.896509
248.900583 40.369462
248.615210 39.855313
248.330513 39.354355
248.046416 38.866877
247.762848 38.393163
247.479748 37.933493
247.197063 37.488137
246.914749 37.057360
246.632771 36.641421
246.351102 36.240567
246.069727 35.855042
245.788641 35.485078
245.507850 35.130899
245.227371 34.792723
244.947230 34.470754
244.667467 34.165189
244.388130 33.876217
244.109279 33.604014
243.830983 33.348749
243.553324 33.110583
243.276392 32.889668
243.000286 32.686144
242.725116 32.500143
242.450998 32.331790
242.178058 32.181195
241.906426 32.048461
241.636240 31.933677
241.367640 31.836925
241.100772 31.758272
240.835783 31.697776
240.572824 31.655483
240.312049 31.631429
240.053609 31.625637
239.797659 31.638120
239.544348 31.668878
239.293827 31.717901
239.046241 31.785170
238.801735 31.870652
238.560448 31.974305
238.322515 32.096079
238.088065 32.235908
237.857221 32.393722
237.630102 32.569435
237.406817 32.762956
237.187468 32.974182
236.972150 33.203003
236.760947 33.449301
236.553934 33.712947
236.351179 33.993806
236.152739 34.291736
235.958663 34.606588
235.768991 34.938205
235.583756 35.286427
235.402982 35.651087
235.226683 36.032012
235.054869 36.429027
234.887541 36.841951
234.724690 37.270597
234.566303 37.714778
234.412358 38.174301
234.262828 38.648970
234.117676 39.138584
233.976858 39.642940
233.840324 40.161832
233.708015 40.695050
233.579867 41.242382
233.455809 41.803614
233.335763 42.378528
233.219645 42.966905
233.107366 43.568519
232.998831 44.183145
232.893943 44.810554
232.792595 45.450513
232.694681 46.102789
232.600088 46.767146
232.508701 47.443348
232.420404 48.131158
232.335080 48.830341
232.252610 49.540660
232.172875 50.261877
232.095755 50.993757
232.021129 51.736063
231.948877 52.488560
231.878877 53.251012
231.811012 54.023188
231.745162 54.804853
231.681213 55.595777
231.619050 56.395729
231.558562 57.204479
231.499638 58.021800
231.442175 58.847465
231.386069 59.681251
231.331221 60.522934
231.277538 61.372295
231.224927 62.229113
231.173303 63.093173
231.122583 63.964259
231.072692 64.842159
231.023556 65.726665
230.975107 66.617568
230.927279 67.514667
230.880012 68.417758
230.833248 69.326644
230.786934 70.241128
230.741019 71.161017
230.695457 72.086121
230.650206 73.016252
230.605228 73.951227
230.560485 74.890864
230.515947 75.834985
230.471583 76.783416
230.427367 77.735984
230.383276 78.692522
230.339289 79.652865
230.295390 80.616851
230.251563 81.584322
230.207798 82.555122
230.164086 83.529100
230.120419 84.506106
230.076794 85.485997
230.033207 86.468629
229.989658 87.453865
229.946147 88.441570
229.902678 89.431614
229.859255 90.423868
229.815881 91.418206
229.772562 92.414502
229.729301 93.412636
229.686102 94.412485
229.642969 95.413932
229.599906 96.416860
229.556919 97.421156
229.514012 98.426707
229.471192 99.433403
229.428466 100.441135
229.385839 101.449798
229.343319 102.459287
229.300913 103.469500
229.258629 104.480337
229.216475 105.491701
229.174457 106.503497
229.132584 107.515632
229.090862 108.528015
229.049299 109.540558
229.007903 110.553175
228.966679 111.565783
228.925634 112.578300
228.884773 113.590646
228.844101 114.602744
228.803624 115.614518
228.763345 116.625892
228.723272 117.636794
228.683407 118.647154
228.643756 119.656902
228.604323 120.665972
228.565112 121.674299
228.526126 122.681817
228.487368 123.688462
228.448841 124.694173
228.410545 125.698888
228.372483 126.702547
228.334655 127.705094
228.297063 128.706471
228.259705 129.706623
228.222581 130.705499
228.185691 131.703045
228.149032 132.699213
228.112601 133.693955
228.076396 134.687226
228.040412 135.678984
228.004648 136.669189
227.969097 137.657801
227.933755 138.644786
227.898618 139.630109
227.863679 140.613739
227.828935 141.595648
227.794382 142.575811
227.760016 143.554206
227.725835 144.530813
227.691835 145.505617
227.658015 146.478603
227.624372 147.449762
227.590904 148.419085
227.557610 149.386567
227.524487 150.352207
227.491532 151.316003
227.458743 152.277958
227.426115 153.238075
227.393643 154.196360
227.361322 155.152818
227.329146 156.107459
227.297107 157.060290
227.265199 158.011323
227.233414 158.960566
227.201745 159.908031
227.170183 160.853731
227.138722 161.797677
227.107353 162.739884
227.076069 163.680364
227.044862 164.619133
227.013724 165.556207
226.982648 166.491604
226.951628 167.425341
226.920654 168.357435
226.889719 169.287907
226.858814 170.216778
226.827930 171.144070
226.797058 172.069810
226.766189 172.994022
226.735314 173.916734
226.704422 174.837975
226.673506 175.757775
226.642556 176.676164
226.611561 177.593173
226.580512 178.508835
226.549399 179.423183
226.518213 180.336250
226.486942 181.248069
226.455576 182.158674
226.424105 183.068099
226.392518 183.976376
226.360803 184.883539
226.328950 185.789622
226.296947 186.694658
226.264782 187.598682
226.232443 188.501727
226.199917 189.403826
226.167190 190.305011
226.134249 191.205316
226.101081 192.104772
226.067671 193.003412
226.034006 193.901266
226.000069 194.798365
225.965845 195.694739
225.931318 196.590419
225.896473 197.485434
225.861295 198.379817
225.825773 199.273598
225.789898 200.166809
225.753661 201.059484
225.717055 201.951656
225.680073 202.843359
225.642712 203.734628
225.604967 204.625501
225.566834 205.516012
225.528310 206.406199
225.489393 207.296097
225.450079 208.185744
225.410367 209.075173
225.370255 209.964421
225.329741 210.853518
225.288824 211.742497
225.247502 212.631386
225.205777 213.520212
225.163648 214.408996
225.121118 215.297757
225.078193 216.186508
225.034877 217.075259
224.991176 217.964015
224.947100 218.852776
224.902658 219.741538
224.857860 220.630290
224.812719 221.519019
224.767247 222.407705
224.721459 223.296323
224.675372 224.184844
224.629002 225.073234
224.582369 225.961453
224.535493 226.849458
224.488396 227.737200
224.441101 228.624625
224.393634 229.511674
224.346018 230.398282
224.298281 231.284380
224.250449 232.169892
224.202549 233.054739
224.154610 233.938835
224.106660 234.822089
224.058728 235.704403
224.010843 236.585678
223.963034 237.465805
223.915329 238.344672
223.867758 239.222161
223.820350 240.098151
223.773135 240.972511
223.726141 241.845109
223.679393 242.715804
223.632916 243.584448
223.586729 244.450889
223.540852 245.314968
223.495300 246.176518
223.450087 247.035371
223.405225 247.891348
223.360722 248.744269
223.316587 249.593946
223.272824 250.440189
223.229438 251.282804
223.186429 252.121592
223.143796 252.956355
223.101535 253.786889
223.059639 254.612991
223.018098 255.434457
222.976899 256.251082
222.936024 257.062662
222.895450 257.868997
222.855150 258.669887
222.815089 259.465136
222.775229 260.254553
222.735523 261.037946
222.695919 261.815130
222.656357 262.585922
222.616773 263.350144
222.577092 264.107623
222.537234 264.858188
222.497111 265.601673
222.456629 266.337916
222.415682 267.066759
222.374161 267.788047
222.331945 268.501630
222.288908 269.207364
222.244913 269.905106
222.199816 270.594721
222.153467 271.276076
222.105707 271.949046
222.056368 272.613510
222.005279 273.269353
221.952256 273.916465
221.897112 274.554743
221.839651 275.184090
221.779668 275.804414
221.716953 276.415630
221.651289 277.017659
221.582452 277.610430
221.510209 278.193876
221.434323 278.767939
221.354549 279.332566
221.270635 279.887711
221.182323 280.433337
221.089350 280.969413
220.991447 281.495916
220.888341 282.012829
220.779751 282.520142
220.665392 283.017854
220.544974 283.505967
220.418202 283.984490
220.284778 284.453440
220.144397 284.912836
219.996753 285.362704
219.841535 285.803073
219.678431 286.233976
219.507126 286.655452
219.327304 287.067540
219.138648 287.470284
218.940842 287.863730
218.733572 288.247927
218.516524 288.622926
218.289389 288.988777
218.051859 289.345536
217.803632 289.693258
217.544410 290.032002
217.273900 290.361829
216.991816 290.682802
216.697879 290.994988
216.391817 291.298455
216.073367 291.593278
215.742272 291.879532
215.398287 292.157299
215.041174 292.426662
214.670706 292.687710
214.286666 292.940536
213.888848 293.185236
213.477057 293.421908
213.051108 293.650656
212.610829 293.871585
212.156060 294.084801
211.686651 294.290416
211.202467 294.488540
210.703383 294.679287
210.189292 294.862774
209.660097 295.039117
209.115716 295.208435
208.556081 295.370846
207.981138 295.526472
207.390849 295.675434
206.785189 295.817855
206.164149 295.953856
205.527738 296.083563
204.875978 296.207098
204.208908 296.324586
203.526582 296.436150
202.829071 296.541914
202.116460 296.642004
201.388853 296.736544
200.646366 296.825660
199.889135 296.909476
199.117307 296.988118
198.331046 297.061712
197.530531 297.130385
196.715953 297.194264
195.887518 297.253477
195.045445 297.308152
194.189965 297.358417
193.321319 297.404403
192.439760 297.446236
191.545550 297.484043
190.638961 297.517952
189.720274 297.548088
188.789779 297.574577
187.847773 297.597542
186.894559 297.617103
185.930449 297.633381
184.955757 297.646492
183.970804 297.656550
182.975915 297.663667
181.971417 297.667949
180.957643 297.669501
179.934925 297.668422
178.903600 297.664808
177.864003 297.658753
176.816474 297.650342
175.761348 297.639661
174.698964 297.626790
173.629658 297.611806
172.553763 297.594782
171.471613 297.575788
170.383538 297.554892
169.289865 297.532157
168.190917 297.507643
167.087014 297.481409
165.978467 297.453510
164.865585 297.423996
163.748671 297.392918
162.628022 297.360320
161.503926 297.326248
160.376665 297.290743
159.246513 297.253844
158.113736 297.215587
156.978591 297.176009
155.841326 297.135142
154.702181 297.093018
153.561386 297.049667
152.419160 297.005118
151.275714 296.959399
150.131249 296.912536
148.985953 296.864555
147.840006 296.815482
146.693579 296.765342
145.546830 296.714161
144.399910 296.661962
143.252957 296.608769
142.106101 296.554607
140.959465 296.499499
139.813159 296.443472
138.667288 296.386551
137.521947 296.328765
136.377223 296.270142
135.233194 296.210713
134.089930 296.150509
132.947495 296.089562
131.805942 296.027908
130.665319 295.965582
129.525668 295.902620
128.387022 295.839061
127.249409 295.774942
126.112850 295.710304
124.977361 295.645187
123.842952 295.579633
122.709629 295.513683
121.577393 295.447381
120.446241 295.380769
119.316164 295.313890
118.187152 295.246786
117.059190 295.179502
115.932263 295.112079
114.806350 295.044562
113.681429 294.976992
112.557476 294.909413
111.434467 294.841868
110.312377 294.774401
109.191179 294.707054
108.070846 294.639872
106.951353 294.572897
105.832674 294.506175
104.714783 294.439750
103.597656 294.373664
102.481273 294.307962
101.365613 294.242686
100.250659 294.177880
99.136393 294.113585
98.022804 294.049842
96.909881 293.986692
95.797616 293.924174
94.686007 293.862325
93.575052 293.801181
92.464755 293.740775
91.355122 293.681141
90.246166 293.622306
89.137901 293.564298
88.030346 293.507142
86.923525 293.450861
85.817467 293.395476
84.712205 293.341005
83.607776 293.287462
82.504223 293.234862
81.401593 293.183214
80.299938 293.132526
79.199317 293.082804
78.099791 293.034052
77.001429 292.986271
75.904304 292.939461
74.808494 292.893621
73.714084 292.848749
72.621163 292.804840
71.529824 292.761892
70.440169 292.719898
69.352299 292.678855
68.266325 292.638758
67.182360 292.599601
66.100522 292.561380
65.020933 292.524092
63.943721 292.487735
62.869015 292.452306
61.796951 292.417805
60.727668 292.384234
59.661308 292.351593
58.598018 292.319885
57.537947 292.289114
56.481250 292.259284
55.428083 292.230402
54.378606 292.202474
53.332981 292.175506
52.291375 292.149507
51.253957 292.124487
50.220896 292.100454
49.192365 292.077422
48.168537 292.055401
47.149588 292.034407
46.135695 292.014454
45.127036 291.995558
44.123791 291.977738
43.126143 291.961010
42.134274 291.945395
41.148370 291.930912
40.168616 291.917583
39.195202 291.905428
38.228317 291.894470
37.268150 291.884732
36.314894 291.876237
35.368738 291.869009
34.429876 291.863072
33.498497 291.858450
32.574791 291.855169
31.658947 291.853254
30.751151 291.852728
29.851589 291.853616
28.960441 291.855943
28.077888 291.859731
27.204107 291.865004
26.339270 291.871781
25.483548 291.880085
24.637108 291.889932
23.800113 291.901340
22.972722 291.914325
22.155091 291.928899
21.347371 291.945074
20.549710 291.962860
19.762252 291.982263
18.985137 292.003289
18.218501 292.025940
17.462473 292.050217
16.717180 292.076117
15.982742 292.103636
15.259277 292.132766
14.546894 292.163498
13.845698 292.195820
13.155788 292.229718
12.477258 292.265176
11.810193 292.302176
11.154674 292.340698
10.510773 292.380721
9.878555 292.422221
9.258076 292.465174
8.649387 292.509553
8.052531 292.555331
7.467543 292.602479
6.894450 292.650965
6.333274 292.700758
5.784024 292.751826
5.246704 292.804136
4.721305 292.857658
4.207809 292.912361
3.706187 292.968217
3.216398 293.025202
2.738391 293.083292
2.272102 293.142471
1.817456 293.202726
1.374365 293.264048
0.942734 293.326436
0.522454 293.389890
0.113407 293.454419
-0.284533 293.520036
-0.671503 293.586760
-1.047647 293.654617
-1.413115 293.723640
-1.768068 293.793870
-2.112670 293.865352
-2.447094 293.938143
-2.771518 294.012305
-3.086128 294.087911
-3.391114 294.165039
-3.686560 294.241267
-3.972555 294.314169
-4.249195 294.381326
-4.516578 294.440319
-4.774807 294.488730
-5.023990 294.524145
-5.264240 294.544150
-5.495670 294.546335
-5.718401 294.528291
-5.932554 294.487609
-6.138253 294.421885
-6.335624 294.328712
-6.524795 294.205688
-6.705895 294.050408
-6.879053 293.860470
-7.044399 293.633471
-7.202061 293.367008
-7.352170 293.058678
-7.494849 292.706075
-7.630225 292.306795
-7.758416 291.858430
-7.879541 291.358571
-7.993713 290.804806
-8.101041 290.194721
-8.199065 289.464914
-8.287976 288.615351
-8.367955 287.645994
-8.439183 286.556805
-8.501832 285.347740
-8.556069 284.018754
-8.602055 282.569794
-8.639942 281.000801
-8.669872 279.311711
-8.691983 277.502452
-8.706400 275.572941
-8.713242 273.523089
-8.712617 271.352793
-8.704626 269.061945
-8.689362 266.650423
-8.666908 264.118097
-8.637343 261.464824
-8.600737 258.690452
-8.557152 255.794814
-8.506647 252.777734
-8.449271 249.639023
-8.385071 246.378477
-8.314085 242.995881
-8.236346 239.491006
-8.062714 233.567999
-7.886805 227.642426
-7.708792 221.716680
-7.528840 215.793153
-7.347111 209.874238
-7.163764 203.962326
-6.978950 198.059809
-6.792820 192.169077
-6.605519 186.292520
-6.417188 180.432528
-6.227964 174.591492
-6.037981 168.771799
-5.847372 162.975841
-5.656263 157.206005
-5.464780 151.464683
-5.273046 145.754265
-5.081182 140.077143
-4.889305 134.435708
-4.697533 128.832356
-4.505982 123.269480
-4.314764 117.749478
-4.123995 112.274749
-3.933788 106.847693
-3.744256 101.470713
