-0.658493 3.317733
-0.714858 3.560319
-0.774575 3.813070
-0.837780 4.076214
-0.904612 4.349977
-0.975213 4.634584
-1.049728 4.930258
-1.128304 5.237218
-1.211088 5.555681
-1.298233 5.885862
-1.389891 6.227973
-1.486218 6.582222
-1.587370 6.948815
-1.693507 7.327952
-1.804789 7.719832
-1.921379 8.124649
-2.043440 8.542592
-2.171138 8.973848
-2.304638 9.418597
-2.444109 9.877016
-2.589721 10.349276
-2.741644 10.835544
-2.900049 11.335981
-3.065110 11.850742
-3.237001 12.379978
-3.415895 12.923834
-3.593295 13.424953
-3.777189 13.936526
-3.967693 14.458464
-4.164920 14.990667
-4.368979 15.533031
-4.579976 16.085441
-4.798015 16.647776
-5.023196 17.219907
-5.255614 17.801694
-5.495363 18.392992
-5.742532 18.993647
-5.997207 19.603497
-6.259471 20.222370
-6.529402 20.850090
-6.807075 21.486467
-7.092561 22.131306
-7.385928 22.784402
-7.687240 23.445540
-7.996558 24.114497
-8.313939 24.791039
-8.639437 25.474927
-8.973101 26.165908
-9.314978 26.863726
-9.665110 27.568111
-10.023538 28.278790
-10.390296 28.995478
-10.765484 29.718753
-11.149141 30.448396
-11.541304 31.184191
-11.942006 31.925915
-12.351278 32.673346
-12.769150 33.426260
-13.195648 34.184430
-13.630796 34.947631
-14.074619 35.715632
-14.527135 36.488206
-14.988366 37.265122
-15.458328 38.046150
-15.937039 38.831061
-16.424513 39.619623
-16.920765 40.411608
-17.425806 41.206788
-17.939649 42.004934
-18.462303 42.805821
-18.993777 43.609225
-19.534078 44.414923
-20.083209 45.222694
-20.641176 46.032322
-21.207980 46.843591
-21.783623 47.656288
-22.368102 48.470204
-22.961416 49.285132
-23.563558 50.100869
-24.174522 50.917212
-24.794298 51.733962
-25.422875 52.550917
-26.060241 53.367881
-26.706380 54.184655
-27.361276 55.001045
-28.024909 55.816859
-28.697257 56.631907
-29.378297 57.446000
-30.068003 58.258954
-30.766345 59.070587
-31.473293 59.880720
-32.188813 60.689178
-32.912866 61.495791
-33.645414 62.300395
-34.386411 63.102828
-35.135812 63.902935
-35.893565 64.700566
-36.659616 65.495577
-37.433905 66.287828
-38.216368 67.077187
-39.006936 67.863525
-39.805534 68.646722
-40.612082 69.426661
-41.426497 70.203232
-42.248689 70.976330
-43.078562 71.745857
-43.916014 72.511720
-44.760938 73.273831
-45.613218 74.032109
-46.472733 74.786479
-47.339353 75.536873
-48.212942 76.283229
-49.093353 77.025491
-49.980436 77.763609
-50.874029 78.497541
-51.773963 79.227251
-52.680060 79.952708
-53.592135 80.673889
-54.509994 81.390776
-55.433434 82.103357
-56.362245 82.811630
-57.296210 83.515595
-58.235102 84.215262
-59.178690 84.910646
-60.126733 85.601768
-61.078983 86.288659
-62.035187 86.971354
-62.995085 87.649895
-63.958413 88.324333
-64.924898 88.994725
-65.894264 89.661137
-66.866230 90.323641
-67.840510 90.982318
-68.816812 91.637256
-69.794841 92.288549
-70.774299 92.936300
-71.754882 93.580617
-72.736285 94.221615
-73.718198 94.859415
-74.700310 95.494145
-75.682308 96.125938
-76.663875 96.754932
-77.644695 97.381270
-78.624449 98.005101
-79.602819 98.626575
-80.579484 99.245849
-81.554125 99.863083
-82.526423 100.478440
-83.496061 101.092086
-84.462724 101.704191
-85.426098 102.314927
-86.385872 102.924469
-87.341739 103.532994
-88.293394 104.140683
-89.240536 104.747718
-90.182868 105.354285
-91.120097 105.960569
-92.051936 106.566761
-92.978101 107.173051
-93.898316 107.779631
-94.812307 108.386696
-95.719811 108.994442
-96.620568 109.603066
-97.514324 110.212766
-98.400836 110.823745
-99.279864 111.436204
-100.151177 112.050347
-101.014552 112.666380
-101.869773 113.284510
-102.716632 113.904943
-103.554928 114.527890
-104.384468 115.153558
-105.205066 115.782157
-106.016543 116.413898
-106.818727 117.048989
-107.611455 117.687641
-108.394566 118.330062
-109.167910 118.976459
-109.931340 119.627039
-110.684717 120.282007
-111.427905 120.941564
-112.160776 121.605913
-112.883204 122.275249
-113.595071 122.949770
-114.296261 123.629668
-114.986662 124.315134
-115.666165 125.006356
-116.334664 125.703519
-116.992054 126.406806
-117.638232 127.116396
-118.273097 127.832467
-118.896547 128.555193
-119.508480 129.284743
-120.108793 130.021285
-120.697382 130.764983
-121.274141 131.515997
-121.838962 132.274482
-122.391733 133.040590
-122.932338 133.814468
-123.460659 134.596257
-123.976571 135.386093
-124.479947 136.184106
-124.970655 136.990420
-125.448556 137.805152
-125.913508 138.628410
-126.365365 139.460296
-126.803974 140.300903
-127.229178 141.150316
-127.640815 142.008610
-128.038717 142.875850
-128.422715 143.752092
-128.792631 144.637379
-129.148284 145.531744
-129.489489 146.435207
-129.816057 147.347773
-130.127793 148.269437
-130.424498 149.200178
-130.705968 150.139960
-130.971998 151.088735
-131.222377 152.046439
-131.456890 153.012990
-131.675320 153.988295
-131.877449 154.972242
-132.063053 155.964703
-132.231910 156.965536
-132.383794 157.974580
-132.518480 158.991660
-132.635741 160.016583
-132.735351 161.049138
-132.817085 162.089100
-132.880717 163.136225
-132.926024 164.190253
-132.952787 165.250907
-132.960785 166.317893
-132.949805 167.390899
-132.919635 168.469596
-132.870071 169.553641
-132.800912 170.642669
-132.711966 171.736304
-132.603050 172.834149
-132.473987 173.935793
-132.324612 175.040809
-132.154772 176.148756
-131.964325 177.259177
-131.753143 178.371602
-131.521112 179.485549
-131.268133 180.600523
-130.994122 181.716017
-130.699015 182.831516
-130.382762 183.946492
-130.045333 185.060412
-129.686716 186.172733
-129.306916 187.282905
-128.905959 188.390376
-128.483889 189.494584
-128.040769 190.594967
-127.576681 191.690960
-127.091728 192.781994
-126.586030 193.867501
-126.059726 194.946914
-125.512976 196.019668
-124.945957 197.085199
-124.358862 198.142952
-123.751907 199.192374
-123.125322 200.232921
-122.479357 201.264056
-121.814278 202.285255
-121.130370 203.296000
-120.427933 204.295788
-119.707285 205.284128
-118.968756 206.260544
-118.212697 207.224573
-117.439469 208.175770
-116.649449 209.113707
-115.843028 210.037971
-115.020608 210.948172
-114.182604 211.843936
-113.329443 212.724912
-112.461562 213.590769
-111.579409 214.441197
-110.683441 215.275911
-109.774124 216.094647
-108.851933 216.897167
-107.917349 217.683256
-106.970861 218.452724
-106.012961 219.205407
-105.044149 219.941167
-104.064927 220.659892
-103.075799 221.361497
-102.077271 222.045922
-101.069850 222.713136
-100.054040 223.363132
-99.030343 223.995931
-97.999260 224.611578
-96.961282 225.210144
-95.916900 225.791727
-94.866595 226.356445
-93.810841 226.904445
-92.750104 227.435893
-91.684841 227.950981
-90.615498 228.449923
-89.542510 228.932951
-88.466301 229.400322
-87.387284 229.852312
-86.305858 230.289214
-85.222411 230.711343
-84.137317 231.119029
-83.050937 231.512623
-81.963617 231.892488
-80.875691 232.259005
-79.787478 232.612568
-78.699287 232.953582
-77.611408 233.282468
-76.524121 233.599654
-75.437690 233.905578
-74.352366 234.200689
-73.268387 234.485442
-72.185975 234.760296
-71.105340 235.025720
-70.026678 235.282183
-68.950173 235.530160
-67.875995 235.770126
-66.804301 236.002557
-65.735235 236.227933
-64.668930 236.446730
-63.605508 236.659423
-62.545076 236.866486
-61.487734 237.068389
-60.433566 237.265599
-59.382650 237.458578
-58.335051 237.647782
-57.290823 237.833662
-56.250014 238.016661
-55.212661 238.197215
-54.178791 238.375753
-53.148427 238.552695
-52.121580 238.728449
-51.098258 238.903417
-50.078459 239.077988
-49.062178 239.252541
-48.049404 239.427445
-47.040120 239.603056
-46.034309 239.779721
-45.031948 239.957773
-44.033011 240.137535
-43.037471 240.319317
-42.045296 240.503418
-41.056455 240.690123
-40.070913 240.879706
-39.088637 241.072428
-38.109591 241.268536
-37.133741 241.468268
-36.161050 241.671845
-35.191483 241.879480
-34.225006 242.091371
-33.261585 242.307705
-32.301188 242.528658
-31.343781 242.754392
-30.389335 242.985060
-29.437820 243.220801
-28.489207 243.461748
-27.543469 243.708019
-26.600580 243.959725
-25.660515 244.216967
-24.723250 244.479836
-23.788763 244.748415
-22.857034 245.022779
-21.928041 245.302994
-21.001767 245.589119
-20.078194 245.881206
-19.157304 246.179300
-18.239082 246.483441
-17.323512 246.793661
-16.410581 247.109987
-15.500276 247.432440
-14.592585 247.761038
-13.687498 248.095792
-12.785005 248.436709
-11.885097 248.783793
-10.987769 249.137041
-10.093015 249.496450
-9.200830 249.862010
-8.311210 250.233711
-7.424154 250.611540
-6.539658 250.995481
-5.657723 251.385517
-4.778350 251.781630
-3.901538 252.183799
-3.027290 252.592004
-2.155608 253.006224
-1.286496 253.426436
-0.419956 253.852618
0.444007 254.284748
1.305389 254.722803
2.164185 255.166763
3.020388 255.616606
3.873991 256.072313
4.724988 256.533865
5.573371 257.001246
6.419131 257.474443
7.262259 257.953442
8.102746 258.438235
8.940581 258.928814
9.775755 259.425176
10.608256 259.927319
11.438072 260.435245
12.265190 260.948957
13.089597 261.468464
13.911279 261.993776
14.730219 262.524905
15.546403 263.061869
16.359811 263.604685
17.170423 264.153375
17.978218 264.707962
18.783174 265.268473
19.585265 265.834936
20.384464 266.407381
21.180740 266.985840
21.974063 267.570346
22.764397 268.160935
23.551706 268.757642
24.335951 269.360504
25.117088 269.969560
25.895074 270.584848
26.669862 271.206407
27.441404 271.834277
28.209649 272.468496
28.974545 273.109103
29.736037 273.756140
30.494069 274.409644
31.248585 275.069655
31.999524 275.736210
32.746827 276.409346
33.490433 277.089096
34.230280 277.775494
34.966306 278.468569
35.698447 279.168349
36.426640 279.874858
37.150821 280.588116
37.870929 281.308141
38.586898 282.034944
39.298668 282.768536
40.006174 283.508921
40.709354 284.256097
41.408148 285.010061
42.102493 285.770803
42.792326 286.538307
43.477587 287.312554
44.158213 288.093519
44.834140 288.881170
45.505306 289.675472
46.171645 290.476382
46.833092 291.283854
47.489581 292.097833
48.141046 292.918260
48.787416 293.745070
49.428624 294.578193
50.064598 295.417551
50.695267 296.263061
51.320559 297.114635
51.940403 297.972179
52.554723 298.835590
53.163448 299.704765
53.766502 300.579590
54.363812 301.459950
54.955304 302.345723
55.540904 303.236782
56.120541 304.132996
56.694142 305.034230
57.261636 305.940343
57.822953 306.851195
58.378024 307.766638
58.926781 308.686524
59.469154 309.610701
60.005079 310.539015
60.534489 311.471312
61.057319 312.407434
61.573506 313.347223
62.082985 314.290519
62.585695 315.237162
63.081574 316.186991
63.570561 317.139848
64.052594 318.095572
64.527614 319.054005
64.995561 320.014990
65.456374 320.978374
65.909993 321.944004
66.356356 322.911733
66.795401 323.881417
67.227064 324.852918
67.651277 325.826100
68.067974 326.800836
68.477084 327.777002
68.878536 328.754483
69.272256 329.733168
69.658169 330.712950
70.036201 331.693732
70.406275 332.675419
70.768315 333.657924
71.122243 334.641166
71.467984 335.625069
71.805463 336.609563
72.134608 337.594584
72.455346 338.580074
72.767610 339.565982
73.071332 340.552261
73.366448 341.538871
73.652900 342.525778
73.930630 343.512954
74.199586 344.500378
74.459719 345.488032
74.710987 346.475909
74.953351 347.464004
75.186776 348.452320
75.411234 349.440864
75.626699 350.429651
75.833151 351.418701
76.030574 352.408037
76.218954 353.397691
76.398282 354.387696
76.568553 355.378090
76.729766 356.368916
76.881922 357.360220
77.025025 358.352050
77.159083 359.344458
77.284109 360.337499
77.400115 361.331227
77.507119 362.325702
77.605142 363.320981
77.694206 364.317124
77.774338 365.314192
77.845568 366.312243
77.907928 367.311339
77.961452 368.311538
78.006181 369.312897
78.042154 370.315474
78.069419 371.319323
78.088024 372.324493
78.098025 373.331033
78.099484 374.338988
78.092465 375.348396
78.077041 376.359294
78.053292 377.371712
78.021300 378.385676
77.981157 379.401208
77.932961 380.418324
77.876814 381.437037
77.812825 382.457355
77.741109 383.479284
77.661785 384.502821
77.574977 385.527964
77.480813 386.554704
77.379426 387.583029
77.270952 388.612921
77.155530 389.644359
77.033303 390.677319
76.904414 391.711772
76.769010 392.747683
76.627238 393.785015
76.479247 394.823726
76.325184 395.863768
76.165197 396.905090
75.999435 397.947637
75.828043 398.991346
75.651167 400.036154
75.468951 401.081989
75.281542 402.128777
75.089081 403.176440
74.891714 404.224891
74.689585 405.274045
74.482836 406.323810
74.271612 407.374088
74.056057 408.424782
73.836314 409.475789
73.612530 410.527002
73.384847 411.578313
73.153412 412.629611
72.918368 413.680783
72.679861 414.731714
72.438035 415.782287
72.193035 416.832385
71.945007 417.881891
71.694096 418.930684
71.440446 419.978645
71.184204 421.025657
70.925516 422.071600
70.664528 423.116356
70.401385 424.159809
70.136232 425.201843
69.869215 426.242343
69.600477 427.281196
69.330160 428.318291
69.058408 429.353519
68.785361 430.386774
68.511160 431.417951
68.235943 432.446945
67.959849 433.473657
67.683015 434.497986
67.405578 435.519835
67.127676 436.539110
66.849444 437.555718
66.571021 438.569566
66.292543 439.580567
66.014147 440.588634
65.735971 441.593682
65.458154 442.595631
65.180836 443.594401
64.904158 444.589916
64.628261 445.582101
64.353291 446.570887
64.079394 447.556205
63.806719 448.537991
63.535420 449.516183
63.265651 450.490723
62.997571 451.461557
62.731340 452.428634
62.467124 453.391907
62.205088 454.351334
61.945402 455.306876
61.688241 456.258498
61.433780 457.206170
61.182198 458.149866
60.933679 459.089564
60.688408 460.025248
60.446576 460.956902
60.208375 461.884518
59.974004 462.808089
59.743664 463.727611
59.517560 464.643085
59.295901 465.554511
59.078901 466.461895
58.866776 467.365244
58.659748 468.264565
58.458040 469.159869
58.261879 470.051168
58.071498 470.938472
57.887127 471.821796
57.709003 472.701153
57.537363 473.576556
57.372447 474.448017
57.214494 475.315551
57.063748 476.179168
56.920451 477.038879
56.784846 477.894693
56.657179 478.746617
56.537692 479.594656
56.426629 480.438815
56.324234 481.279093
56.230749 482.115489
56.146414 482.947997
56.071469 483.776609
56.006150 484.601312
55.950692 485.422090
55.905329 486.238922
55.870290 487.051782
55.845803 487.860641
55.832093 488.665463
55.829379 489.466206
55.837880 490.262825
55.857807 491.055266
55.889369 491.843472
55.932769 492.627377
55.988207 493.406909
56.055874 494.181990
56.135959 494.952533
56.228644 495.718445
56.334105 496.479624
56.452510 497.235960
56.584023 497.987335
56.728799 498.733624
56.886985 499.474690
57.058721 500.210391
57.244138 500.940574
57.443358 501.665078
57.656495 502.383735
57.883652 503.096369
58.124924 503.802794
58.380395 504.502819
58.650138 505.196244
58.934219 505.882862
59.232690 506.562458
59.545595 507.234812
59.872965 507.899695
60.214825 508.556875
60.571185 509.206109
60.942049 509.847154
61.327410 510.479759
61.727249 511.103668
62.141543 511.718621
62.570255 512.324357
63.013341 512.920608
63.470750 513.507106
63.942420 514.083581
64.428281 514.649760
64.928256 515.205370
65.442259 515.750136
65.970197 516.283785
66.511969 516.806042
67.067468 517.316636
67.636579 517.815294
68.219181 518.301748
68.815144 518.775733
69.424334 519.236986
70.046610 519.685248
70.681825 520.120268
71.329826 520.541797
71.990454 520.949592
72.663544 521.343419
73.348929 521.723048
74.046435 522.088258
74.755883 522.438836
75.477093 522.774576
76.209877 523.095282
76.954048 523.400770
77.709413 523.690861
78.475777 523.965390
79.252942 524.224205
80.040709 524.467161
80.838877 524.694128
81.647246 524.904986
82.465614 525.099631
83.293778 525.277969
84.131538 525.439918
84.978694 525.585411
85.835047 525.714393
86.700400 525.826823
87.574558 525.922672
88.457328 526.001925
89.348520 526.064582
90.247949 526.110656
91.155431 526.140172
92.070785 526.153172
92.993834 526.149711
93.924407 526.129854
94.862333 526.093685
95.807447 526.041295
96.759586 525.972793
97.718592 525.888297
98.684310 525.787938
99.656590 525.671858
100.635283 525.540213
101.620245 525.393166
102.611339 525.230893
103.608429 525.053580
104.611384 524.861423
105.620077 524.654626
106.634385 524.433405
107.654190 524.197982
108.679375 523.948588
109.709832 523.685463
110.745452 523.408852
111.786135 523.119009
112.831780 522.816192
113.882294 522.500664
114.937585 522.172696
115.997565 521.832560
117.062150 521.480533
118.131259 521.116896
119.204814 520.741933
120.282740 520.355930
121.364963 519.959176
122.451412 519.551960
123.542019 519.134574
124.636716 518.707309
125.735436 518.270457
126.838114 517.824311
127.944683 517.369161
129.055079 516.905299
130.169234 516.433012
131.287083 515.952591
132.408556 515.464319
133.533584 514.968481
134.662093 514.465360
135.794009 513.955234
136.929256 513.438379
138.067753 512.915070
139.209417 512.385578
140.354165 511.850171
141.501906 511.309112
142.652548 510.762664
143.805997 510.211084
144.962153 509.654624
146.120914 509.093537
147.282175 508.528070
148.445828 507.958465
149.611761 507.384965
150.779859 506.807809
151.950005 506.227231
153.122078 505.643465
154.295955 505.056742
155.471509 504.467290
156.648612 503.875337
157.827131 503.281107
159.006932 502.684823
160.187879 502.086709
161.369830 501.486985
162.552646 500.885873
163.736182 500.283592
164.920292 499.680363
166.104829 499.076408
167.289644 498.471949
168.474586 497.867208
169.659502 497.262412
170.844239 496.657787
172.028644 496.053565
173.212560 495.449978
174.395833 494.847263
175.578308 494.245661
176.759829 493.645417
177.940241 493.046780
179.119391 492.450003
180.297124 491.855346
181.473290 491.263072
182.647741 490.673451
183.820331 490.086757
184.990917 489.503270
186.159359 488.923276
187.325524 488.347066
188.489281 487.774937
189.650505 487.207190
190.809076 486.644135
191.964881 486.086084
193.117814 485.533356
194.267773 484.986276
195.414663 484.445173
196.558395 483.910379
197.698889 483.382232
198.836067 482.861073
199.969861 482.347247
201.100206 481.841103
202.227047 481.342992
203.350331 480.853266
204.470011 480.372282
205.586049 479.900397
206.698407 479.437970
207.807055 478.985360
208.911967 478.542928
210.013124 478.111032
211.110507 477.690033
212.204106 477.280287
213.293912 476.882151
214.379919 476.495980
215.462127 476.122123
216.540538 475.760929
217.615156 475.412739
218.685989 475.077892
219.753048 474.756716
220.816342 474.449536
221.875887 474.156667
222.931696 473.878412
223.983787 473.615068
225.032176 473.366919
226.076884 473.134235
227.117928 472.917276
228.155329 472.716285
229.189107 472.531491
230.219281 472.363108
231.245871 472.211331
232.268898 472.076338
233.288381 471.958290
234.304340 471.857325
235.316795 471.773564
236.325763 471.707106
237.331260 471.658025
238.333304 471.626378
239.331908 471.612194
240.327084 471.615483
241.318844 471.636228
242.307196 471.674389
243.292148 471.729901
244.273702 471.802673
245.251861 471.892590
246.226622 471.999511
247.197980 472.123267
248.165928 472.263668
249.130454 472.420494
250.091546 472.593502
251.049187 472.782425
252.003357 472.986969
252.954036 473.206817
253.901200 473.441628
254.844823 473.691036
255.784878 473.954652
256.721336 474.232065
257.654167 474.522841
258.583340 474.826522
259.508823 475.142630
260.430582 475.470665
261.348583 475.810106
262.262793 476.160414
263.173175 476.521027
264.079695 476.891367
264.982318 477.270836
265.881008 477.658819
266.775729 478.054688
267.666447 478.457798
268.553127 478.867490
269.435734 479.283094
270.314232 479.703930
271.188588 480.129306
272.058765 480.558523
272.924730 480.990876
273.786449 481.425653
274.643888 481.862138
275.497014 482.299613
276.345796 482.737357
277.190201 483.174648
278.030200 483.610766
278.865759 484.044990
279.696848 484.476606
280.523433 484.904903
281.345480 485.329175
282.162954 485.748725
282.975819 486.162866
283.784035 486.570919
284.587560 486.972217
285.386349 487.366103
286.180352 487.751936
286.969518 488.129087
287.753789 488.496946
288.533105 488.854916
289.307402 489.202420
290.076610 489.538899
290.840656 489.863813
291.599464 490.176642
292.352950 490.476888
293.101028 490.764071
293.843607 491.037735
294.580588 491.297442
295.311871 491.542779
296.037347 491.773352
296.756903 491.988790
297.470421 492.188744
298.177776 492.372885
298.878835 492.540909
299.573462 492.692532
300.261513 492.827493
300.942840 492.945553
301.617287 493.046496
302.284693 493.130128
302.944893 493.196277
303.597715 493.244794
304.242983 493.275555
304.880515 493.288453
305.510126 493.283407
306.131628 493.260354
306.744828 493.219255
307.349533 493.160089
307.945546 493.082855
308.532670 492.987571
309.110707 492.874272
309.679456 492.743012
310.238717 492.593860
310.788288 492.426900
311.327967 492.242233
311.857550 492.039975
312.376833 491.820255
312.885614 491.583216
313.383691 491.329015
313.870863 491.057819
314.346934 490.769807
314.811710 490.465167
315.264999 490.144098
315.706618 489.806807
316.136386 489.453508
316.554131 489.084422
316.959687 488.699777
317.352898 488.299808
317.733615 487.884751
318.101700 487.454848
318.457024 487.010344
318.799470 486.551486
319.128930 486.078522
319.445309 485.591700
319.748525 485.091269
320.038507 484.577478
320.315196 484.050576
320.578550 483.510810
320.828536 482.958426
321.065139 482.393670
321.288355 481.816787
321.498198 481.228020
321.694695 480.627610
321.877889 480.015796
322.047840 479.392817
322.204621 478.758909
322.348322 478.114305
322.479049 477.459238
322.596921 476.793935
322.702074 476.118624
322.794658 475.433527
322.874840 474.738863
322.942799 474.034847
322.998728 473.321690
323.042835 472.599602
323.075341 471.868784
323.096479 471.129438
323.106494 470.381758
323.105644 469.625935
323.094195 468.862158
323.072427 468.090612
323.040629 467.311478
322.999100 466.524935
322.948150 465.731158
322.888100 464.930320
322.819280 464.122588
322.742030 463.308130
322.656699 462.487108
322.563646 461.659682
322.463236 460.826009
322.355843 459.986244
322.241846 459.140540
322.121630 458.289046
321.995586 457.431911
321.864109 456.569282
321.727597 455.701304
321.586452 454.828119
321.441077 453.949873
321.291877 453.066707
321.139256 452.178765
320.983620 451.286189
320.825371 450.389125
320.664912 449.487715
320.502639 448.582108
320.338949 447.672450
320.174232 446.758891
320.008873 445.841582
319.843252 444.920676
319.677742 443.996326
319.512710 443.068689
319.348514 442.137921
319.185505 441.204181
319.024021 440.267629
318.864395 439.328427
318.706947 438.386737
318.551987 437.442723
318.399813 436.496550
318.250711 435.548385
318.104955 434.598393
317.962807 433.646744
317.824515 432.693607
317.690313 431.739152
317.560422 430.783551
317.435046 429.826976
317.314378 428.869601
317.198593 427.911600
317.087851 426.953149
316.982295 425.994425
316.882055 425.035604
316.787242 424.076867
316.697951 423.118391
316.614261 422.160357
316.536230 421.202945
316.463904 420.246337
316.397308 419.290714
316.336447 418.336261
316.281312 417.383159
316.231871 416.431593
316.188076 415.481748
316.149861 414.533808
316.117140 413.587958
316.089810 412.644382
316.067750 411.703266
316.050821 410.764792
316.038867 409.829142
316.031712 408.896497
316.029167 407.967036
316.031022 407.040933
316.037052 406.118360
316.047016 405.199483
316.060659 404.284465
316.077707 403.373462
316.097874 402.466624
316.120861 401.564094
316.146354 400.666008
316.174026 399.772495
316.203539 398.883676
316.234543 397.999665
316.266678 397.120569
316.299572 396.246484
316.332846 395.377502
316.366109 394.513705
316.398966 393.655168
316.431013 392.801957
316.461838 391.954131
316.491028 391.111741
316.518163 390.274828
316.542820 389.443428
316.564577 388.617566
316.583006 387.797259
316.597683 386.982519
316.608184 386.173345
316.614087 385.369732
316.614973 384.571664
316.610427 383.779116
316.600042 382.992057
316.583414 382.210444
316.560151 381.434228
316.529867 380.663349
316.492185 379.897737
316.446742 379.137314
316.393184 378.381991
316.331169 377.631670
316.260369 376.886243
316.180469 376.145590
316.091170 375.409583
315.992188 374.678082
315.883254 373.950941
315.764115 373.227999
315.634537 372.509089
315.494300 371.794034
315.343205 371.082647
315.181068 370.374732
315.007728 369.670088
314.823037 368.968503
314.626871 368.269759
314.419123 367.573632
314.199704 366.879893
313.968548 366.188310
313.725605 365.498646
313.470847 364.810660
313.204264 364.124113
312.925866 363.438761
312.635683 362.754360
312.333763 362.070667
312.020173 361.387438
311.694999 360.704431
311.358345 360.021403
311.010334 359.338112
310.651105 358.654318
310.280815 357.969781
309.899640 357.284264
309.507769 356.597530
309.105409 355.909346
308.692781 355.219478
308.270119 354.527697
307.837674 353.833773
307.395703 353.137481
306.944478 352.438600
306.484280 351.736908
306.015400 351.032191
305.538135 350.324235
305.052791 349.612833
304.559678 348.897779
304.059111 348.178873
303.551408 347.455922
303.036887 346.728736
302.515870 345.997131
301.988676 345.260931
301.455624 344.519966
300.917031 343.774074
300.373209 343.023099
299.824468 342.266894
299.271112 341.505320
298.713441 340.738247
298.151746 339.965552
297.586313 339.187123
297.017420 338.402857
296.445336 337.612657
295.870323 336.816438
295.292631 336.014123
294.712502 335.205643
294.130166 334.390939
293.545845 333.569960
292.959746 332.742665
292.372069 331.909019
291.782999 331.068994
291.192711 330.222571
290.601370 329.369736
290.009127 328.510483
289.416120 327.644811
288.822477 326.772725
288.228314 325.894237
287.633731 325.009361
287.038818 324.118121
286.443653 323.220542
285.848301 322.316655
285.252815 321.406497
284.657234 320.490107
284.061588 319.567530
283.465891 318.638816
282.870147 317.704018
282.274348 316.763193
281.678474 315.816405
281.082494 314.863719
280.486368 313.905206
279.890043 312.940939
279.293460 311.970996
278.696549 310.995457
278.099232 310.014405
277.501426 309.027927
276.903038 308.036111
276.303971 307.039047
275.704122 306.036829
275.103385 305.029550
274.501647 304.017306
273.898796 303.000194
273.294716 301.978309
272.689291 300.951748
272.082400 299.920608
271.473926 298.884984
270.863749 297.844972
270.251750 296.800666
269.637812 295.752161
269.021818 294.699550
268.403656 293.642923
267.783213 292.582370
267.160379 291.517979
266.535050 290.449838
265.907121 289.378030
265.276495 288.302638
264.643077 287.223744
264.006778 286.141426
263.367511 285.055759
262.725198 283.966820
262.079761 282.874679
261.431132 281.779408
260.779243 280.681075
260.124033 279.579747
259.465448 278.475487
258.803438 277.368359
258.137957 276.258424
257.468968 275.145738
256.796438 274.030359
256.120342 272.912340
255.440658 271.791732
254.757374 270.668587
254.070482 269.542951
253.379981 268.414871
252.685877 267.284390
251.988184 266.151551
251.286920 265.016393
250.582112 263.878954
249.873793 262.739268
249.162004 261.597369
248.446788 260.453288
247.728200 259.307054
247.006298 258.158695
246.281146 257.008237
245.552814 255.855704
244.821377 254.701119
244.086916 253.544503
243.349515 252.385877
242.609265 251.225259
241.866257 250.062665
241.120592 248.898113
240.372368 247.731616
239.621692 246.563188
238.868672 245.392845
238.113417 244.220597
237.356044 243.046458
236.596669 241.870438
235.835412 240.692548
235.072394 239.512796
234.307740 238.331192
233.541576 237.147744
232.774028 235.962459
232.005226 234.775344
231.235301 233.586404
230.464385 232.395645
229.692610 231.203071
228.920110 230.008686
228.147018 228.812493
227.373467 227.614497
226.599593 226.414698
225.825529 225.213101
225.051408 224.009707
224.277366 222.804519
223.503535 221.597538
222.730047 220.388766
221.957032 219.178207
221.184620 217.965863
220.412938 216.751738
219.642110 215.535835
218.872256 214.318161
218.103496 213.098721
217.335943 211.877522
216.569707 210.654573
215.804895 209.429881
215.041607 208.203459
214.279939 206.975316
213.519983 205.745466
212.761823 204.513924
212.005540 203.280704
211.251205 202.045826
210.498887 200.809308
209.748645 199.571172
209.000533 198.331440
208.254597 197.090139
207.510878 195.847294
206.769407 194.602935
206.030212 193.357094
205.293311 192.109804
204.558716 190.861101
203.826431 189.611024
203.096453 188.359615
202.368772 187.106917
201.643370 185.852978
200.920222 184.597847
200.199295 183.341576
199.480550 182.084221
198.763938 180.825839
198.049405 179.566491
197.336887 178.306243
196.626316 177.045161
195.917614 175.783316
195.210695 174.520782
194.505467 173.257636
193.801830 171.993957
193.099677 170.729830
192.398894 169.465340
191.699358 168.200577
191.000943 166.935634
190.303512 165.670606
189.606926 164.405591
188.911036 163.140689
188.215688 161.876004
187.520724 160.611640
186.825977 159.347704
186.131280 158.084307
185.436458 156.821557
184.741335 155.559567
184.045729 154.298448
183.349457 153.038313
182.652333 151.779275
181.954172 150.521447
181.254786 149.264941
180.553986 148.009869
179.851583 146.756344
179.147392 145.504474
178.441224 144.254370
177.732895 143.006139
177.022222 141.759889
176.309023 140.515723
175.593120 139.273744
174.874338 138.034053
174.152506 136.796744
173.427455 135.561914
172.699022 134.329651
171.967048 133.100045
171.231376 131.873178
170.491857 130.649132
169.748345 129.427983
169.000699 128.209805
168.248785 126.994666
167.492474 125.782632
166.731644 124.573762
165.966177 123.368112
165.195962 122.165736
164.420896 120.966678
163.640879 119.770982
162.855822 118.578684
162.065639 117.389816
161.270254 116.204403
160.469596 115.022468
159.663605 113.844024
158.852225 112.669082
158.035411 111.497647
157.213123 110.329719
156.385332 109.165290
155.552012 108.004352
154.713150 106.846887
153.868736 105.692874
153.018771 104.542289
152.163262 103.395099
151.302224 102.251271
150.435679 101.110763
149.563656 99.973533
148.686191 98.839532
147.803328 97.708709
146.915115 96.581007
146.021606 95.456367
145.122863 94.334728
144.218950 93.216025
143.309938 92.100191
142.395900 90.987154
141.476915 89.876845
140.553065 88.769187
139.624435 87.664107
138.691114 86.561526
137.753191 85.461365
136.810761 84.363545
135.863920 83.267985
134.912766 82.174603
133.957400 81.083318
132.997924 79.994048
132.034441 78.906712
131.067057 77.821227
130.095878 76.737514
129.121010 75.655493
128.142563 74.575084
127.160645 73.496210
126.175367 72.418793
125.186838 71.342756
124.195168 70.268023
123.200468 69.194521
122.202846 68.122175
121.202412 67.050914
120.199276 65.980667
119.193546 64.911367
118.185330 63.842946
117.174736 62.775343
116.161871 61.708495
115.146840 60.642346
114.129748 59.576841
113.110698 58.511927
112.089791 57.447556
111.067130 56.383681
110.042814 55.320260
109.016944 54.257254
107.989618 53.194625
106.960934 52.132339
105.930990 51.070366
104.899884 50.008678
103.867713 48.947252
102.834574 47.886066
101.800562 46.825105
100.765776 45.764354
99.730311 44.703804
98.694266 43.643452
97.657738 42.583295
96.620828 41.523338
95.583636 40.463589
94.546264 39.404061
93.508816 38.344773
92.471398 37.285748
91.434117 36.227015
90.397084 35.168612
89.360411 34.110578
88.324211 33.052962
87.288601 31.995820
86.253699 30.939214
85.219625 29.883212
84.186499 28.827893
83.154446 27.773341
82.123591 26.719649
81.094059 25.666918
80.065981 24.615258
79.039488 23.564787
78.014710 22.515631
76.991784 21.467926
75.970844 20.421817
74.952029 19.377458
73.935480 18.335015
72.921338 17.294662
71.909749 16.256584
70.900861 15.220975
69.894823 14.188041
68.891788 13.157999
67.891912 12.131075
66.895352 11.107503
65.902268 10.087531
64.912822 9.071414
63.927177 8.059417
62.945501 7.051817
61.967961 6.048898
60.994725 5.050958
60.025963 4.058301
59.061845 3.071246
58.102543 2.090118
57.148229 1.115252
56.199074 0.146997
55.255249 -0.814292
54.316927 -1.768248
53.384277 -2.714496
52.457470 -3.652652
51.536676 -4.582320
50.622062 -5.503102
49.713793 -6.414587
48.812033 -7.316359
47.916944 -8.207995
47.028682 -9.089066
46.147403 -9.959139
45.273258 -10.817774
44.406393 -11.664532
43.546953 -12.498967
42.695077 -13.320635
41.850900 -14.129088
41.014553 -14.923879
40.186163 -15.704563
39.365852 -16.470697
38.553741 -17.221839
37.749942 -17.957553
36.954568 -18.677407
36.167725 -19.380973
35.389515 -20.067831
34.620037 -20.737567
33.859387 -21.389776
33.107655 -22.024059
32.364929 -22.640027
31.631292 -23.237304
30.906825 -23.815522
30.191604 -24.374327
29.485698 -24.913376
28.789176 -25.432341
28.102097 -25.930907
27.424519 -26.408774
26.756493 -26.865659
26.098062 -27.301294
25.449267 -27.715427
24.810141 -28.107821
24.180712 -28.478260
23.561002 -28.826543
22.951027 -29.152488
22.350799 -29.455932
21.760323 -29.736732
21.179600 -29.994765
20.608626 -30.229927
20.047389 -30.442135
19.495873 -30.631330
18.954056 -30.797469
18.421909 -30.940535
17.899400 -31.060531
17.386487 -31.157482
16.883123 -31.231437
16.389255 -31.282463
15.904823 -31.310654
15.429762 -31.316120
14.963999 -31.298997
14.507483 -31.259511
14.060160 -31.197915
13.621970 -31.114489
13.192852 -31.009538
12.772740 -30.883388
12.361566 -30.736394
11.959258 -30.568931
11.565744 -30.381396
11.180946 -30.174210
10.804786 -29.947814
10.437183 -29.702669
10.078052 -29.439256
9.727306 -29.158075
9.384858 -28.859641
9.050616 -28.544491
8.724488 -28.213176
8.406379 -27.866262
8.096190 -27.504334
7.793823 -27.127990
7.499174 -26.737841
7.212140 -26.334512
6.932611 -25.918639
6.660479 -25.490871
6.395632 -25.051863
6.138119 -24.602252
5.887832 -24.142786
5.644661 -23.674210
5.408498 -23.197273
5.179229 -22.712722
4.956743 -22.221302
4.740927 -21.723757
4.531666 -21.220828
4.328846 -20.713252
4.132353 -20.201764
3.942072 -19.687092
3.757890 -19.169958
3.579691 -18.651080
3.407363 -18.131167
3.240794 -17.610922
3.079870 -17.091040
2.924485 -16.572206
2.774530 -16.055096
2.629903 -15.540379
2.490502 -15.028711
2.356231 -14.520740
2.226997 -14.017103
2.102713 -13.518425
1.983296 -13.025322
1.867705 -12.494869
1.757146 -11.975149
1.651471 -11.466368
1.550532 -10.968714
1.454187 -10.482360
1.362292 -10.007458
1.274712 -9.544148
1.191309 -9.092550
1.111953 -8.652768
1.036513 -8.224891
0.964863 -7.808990
0.896877 -7.405120
0.832435 -7.013322
0.771418 -6.633620
0.713709 -6.266022
0.659195 -5.910520
0.607765 -5.567094
0.559309 -5.235704
0.513723 -4.916301
0.470902 -4.608814
0.430747 -4.313164
0.393158 -4.029253
0.358040 -3.756971
0.325302 -3.496194
