2.225778 1.351777
2.403941 1.438025
2.591189 1.526246
2.787779 1.616363
2.993967 1.708288
3.210008 1.801929
3.436152 1.897187
3.672646 1.993957
3.919735 2.092126
4.177660 2.191574
4.446656 2.292175
4.726958 2.393797
5.018793 2.496298
5.322383 2.599531
5.637949 2.703342
5.965702 2.807568
6.305851 2.912043
6.658599 3.016589
7.024142 3.121026
7.402671 3.225164
7.794373 3.328810
8.199427 3.431763
8.618007 3.533817
9.050281 3.634759
9.496410 3.734375
9.956550 3.832442
10.398583 3.901760
10.851908 3.967202
11.316469 4.028468
11.792198 4.085261
12.279015 4.137285
12.776825 4.184245
13.285522 4.225849
13.804987 4.261808
14.335089 4.291840
14.875688 4.315666
15.426629 4.333013
15.987749 4.343615
16.558875 4.347210
17.139823 4.343547
17.730401 4.332378
18.330409 4.313467
18.939637 4.286585
19.557868 4.251511
20.184879 4.208035
20.820440 4.155954
21.464316 4.095075
22.116266 4.025214
22.776046 3.946196
23.443406 3.857856
24.118093 3.760038
24.799852 3.652598
25.488725 3.535864
26.184493 3.409753
26.886936 3.274190
27.595836 3.129114
28.310975 2.974477
29.032140 2.810240
29.759115 2.636379
30.491690 2.452882
31.229655 2.259751
31.972803 2.056998
32.720932 1.844654
33.473839 1.622759
34.231329 1.391370
34.993208 1.150558
35.759287 0.900405
36.529379 0.641012
37.303304 0.372489
38.080885 0.094962
38.861950 -0.191432
39.646332 -0.486542
40.433867 -0.790205
41.224399 -1.102245
42.017776 -1.422478
42.813850 -1.750706
43.612483 -2.086725
44.413538 -2.430317
45.216888 -2.781261
46.022409 -3.139325
46.829987 -3.504271
47.639511 -3.875857
48.450878 -4.253835
49.263992 -4.637954
50.078760 -5.027956
50.895098 -5.423584
51.712927 -5.824576
52.532173 -6.230667
53.352765 -6.641590
54.174640 -7.057079
54.997738 -7.476862
55.822005 -7.900671
56.647388 -8.328236
57.473841 -8.759287
58.301320 -9.193554
59.129783 -9.630768
59.959190 -10.070662
60.789504 -10.512967
61.620688 -10.957416
62.452708 -11.403743
63.285532 -11.851685
64.119125 -12.300979
64.953459 -12.751363
65.788503 -13.202579
66.624227 -13.654373
67.460605 -14.106492
68.297611 -14.558687
69.135220 -15.010713
69.973410 -15.462327
70.812159 -15.913294
71.651449 -16.363381
72.491263 -16.812362
73.331586 -17.260015
74.172403 -17.706126
75.013702 -18.150489
75.855473 -18.592903
76.697707 -19.033176
77.540398 -19.471120
78.383539 -19.906558
79.227125 -20.339317
80.071154 -20.769232
80.915622 -21.196144
81.760527 -21.619901
82.605869 -22.040358
83.451648 -22.457374
84.297862 -22.870818
85.144513 -23.280561
85.991601 -23.686481
86.839124 -24.088461
87.687083 -24.486390
88.535476 -24.880161
89.384300 -25.269675
90.233551 -25.654835
91.083224 -26.035551
91.933311 -26.411738
92.783805 -26.783313
93.634696 -27.150203
94.485971 -27.512337
95.337619 -27.869650
96.189623 -28.222084
97.041968 -28.569583
97.894633 -28.912099
98.747598 -29.249586
99.600840 -29.582006
100.454334 -29.909324
101.308055 -30.231509
102.161974 -30.548537
103.016062 -30.860389
103.870288 -31.167049
104.724618 -31.468507
105.579019 -31.764758
106.433452 -32.055801
107.287880 -32.341640
108.142264 -32.622280
108.996561 -32.897732
109.850729 -33.168008
110.704722 -33.433124
111.558495 -33.693098
112.412000 -33.947948
113.265186 -34.197696
114.118001 -34.442365
114.970392 -34.681978
115.822304 -34.916558
116.673680 -35.146128
117.524461 -35.370711
118.374588 -35.590328
119.223999 -35.805000
120.072630 -36.014746
120.920417 -36.219586
121.767294 -36.419537
122.613193 -36.614619
123.458048 -36.804849
124.301787 -36.990243
125.144342 -37.170819
125.985641 -37.346592
126.825614 -37.517580
127.664187 -37.683799
128.501290 -37.845265
129.336850 -38.001997
130.170796 -38.154013
131.003058 -38.301331
131.833564 -38.443971
132.662245 -38.581953
133.489033 -38.715297
134.313861 -38.844024
135.136662 -38.968156
135.957371 -39.087713
136.775925 -39.202715
137.592261 -39.313182
138.406318 -39.419131
139.218037 -39.520579
140.027360 -39.617540
140.834232 -39.710029
141.638598 -39.798057
142.440406 -39.881632
143.239607 -39.960762
144.036154 -40.035451
144.830001 -40.105701
145.621107 -40.171509
146.409432 -40.232872
147.194942 -40.289784
147.977602 -40.342235
148.757383 -40.390213
149.534259 -40.433706
150.308206 -40.472698
151.079202 -40.507174
151.847230 -40.537116
152.612275 -40.562508
153.374327 -40.583332
154.133376 -40.599571
154.889419 -40.611207
155.642453 -40.618224
156.392480 -40.620605
157.139506 -40.618338
157.883539 -40.611411
158.624593 -40.599813
159.362684 -40.583536
160.097832 -40.562577
160.830061 -40.536930
161.559398 -40.506597
162.285877 -40.471576
163.009531 -40.431873
163.730402 -40.387491
164.448530 -40.338438
165.163963 -40.284723
165.876748 -40.226357
166.586940 -40.163351
167.294592 -40.095716
167.999764 -40.023466
168.702516 -39.946613
169.402913 -39.865172
170.101020 -39.779156
170.796908 -39.688579
171.490646 -39.593456
172.182308 -39.493800
172.871969 -39.389627
173.559707 -39.280952
174.245603 -39.167793
174.929740 -39.050168
175.612201 -38.928098
176.293074 -38.801606
176.972447 -38.670717
177.650412 -38.535461
178.327060 -38.395868
179.002485 -38.251974
179.676782 -38.103816
180.350045 -37.951436
181.022371 -37.794879
181.693855 -37.634195
182.364590 -37.469434
183.034673 -37.300654
183.704195 -37.127912
184.373251 -36.951273
185.041931 -36.770800
185.710327 -36.586562
186.378529 -36.398630
187.046625 -36.207076
187.714704 -36.011974
188.382851 -35.813399
189.051151 -35.611429
189.719686 -35.406140
190.388539 -35.197612
191.057786 -34.985924
191.727506 -34.771154
192.397771 -34.553380
193.068653 -34.332679
193.740221 -34.109127
194.412541 -33.882799
195.085675 -33.653766
195.759681 -33.422098
196.434616 -33.187865
197.110529 -32.951131
197.787471 -32.711962
198.465486 -32.470419
199.144616 -32.226560
199.824900 -31.980444
200.506375 -31.732127
201.189071 -31.481661
201.873018 -31.229101
202.558241 -30.974495
203.244761 -30.717892
203.932598 -30.459341
204.621765 -30.198885
205.312275 -29.936571
206.004138 -29.672440
206.697357 -29.406535
207.391936 -29.138894
208.087872 -28.869557
208.785160 -28.598558
209.483791 -28.325931
210.183755 -28.051707
210.885036 -27.775913
211.587615 -27.498573
212.291471 -27.219709
212.996578 -26.939336
213.702910 -26.657469
214.410437 -26.374117
215.119128 -26.089287
215.828949 -25.802982
216.539866 -25.515200
217.251842 -25.225939
217.964842 -24.935190
218.678827 -24.642943
219.393757 -24.349186
220.109592 -24.053902
220.826291 -23.757074
221.543811 -23.458681
222.262110 -23.158701
222.981145 -22.857109
223.700871 -22.553881
224.421246 -22.248989
225.142225 -21.942404
225.863763 -21.634096
226.585818 -21.324037
227.308344 -21.012196
228.031297 -20.698542
228.754632 -20.383048
229.478306 -20.065683
230.202276 -19.746421
230.926501 -19.425235
231.650940 -19.102101
232.375553 -18.776994
233.100303 -18.449892
233.825152 -18.120774
234.550063 -17.789621
235.275001 -17.456414
235.999930 -17.121135
236.724818 -16.783768
237.449632 -16.444300
238.174341 -16.102716
238.898918 -15.759004
239.623334 -15.413153
240.347564 -15.065153
241.071583 -14.714994
241.795369 -14.362665
242.518900 -14.008159
243.242159 -13.651466
243.965127 -13.292579
244.687789 -12.931491
245.410131 -12.568195
246.132141 -12.202687
246.853810 -11.834961
247.575130 -11.465015
248.296098 -11.092850
249.016709 -10.718466
249.736964 -10.341866
250.456867 -9.963056
251.176423 -9.582042
251.895641 -9.198832
252.614532 -8.813438
253.333109 -8.425870
254.051386 -8.036142
254.769382 -7.644265
255.487113 -7.250253
256.204600 -6.854119
256.921864 -6.455874
257.638928 -6.055532
258.355815 -5.653103
259.072547 -5.248597
259.789149 -4.842023
260.505646 -4.433389
261.222060 -4.022701
261.938418 -3.609965
262.654742 -3.195182
263.371057 -2.778353
264.087389 -2.359476
264.803762 -1.938546
265.520199 -1.515556
266.236725 -1.090495
266.953360 -0.663350
267.670125 -0.234106
268.387039 0.197255
269.104120 0.630755
269.821384 1.066417
270.538848 1.504267
271.256525 1.944332
271.974428 2.386642
272.692569 2.831230
273.410958 3.278130
274.129603 3.727378
274.848512 4.179012
275.567690 4.633072
276.287141 5.089597
277.006867 5.548630
277.726869 6.010210
278.447146 6.474381
279.167697 6.941185
279.888518 7.410665
280.609608 7.882864
281.330960 8.357827
282.052570 8.835598
282.774431 9.316223
283.496532 9.799746
284.218865 10.286216
284.941417 10.775678
285.664173 11.268180
286.387115 11.763769
287.110222 12.262491
287.833469 12.764394
288.556829 13.269524
289.280273 13.777927
290.003769 14.289648
290.727286 14.804731
291.450789 15.323215
292.174243 15.845139
292.897615 16.370539
293.620870 16.899447
294.343972 17.431892
295.066888 17.967899
295.789585 18.507490
296.512028 19.050684
297.234187 19.597494
297.956032 20.147930
298.677534 20.701998
299.398667 21.259697
300.119405 21.821024
300.839726 22.385969
301.559610 22.954518
302.279038 23.526650
302.997996 24.102343
303.716474 24.681565
304.434464 25.264284
305.151962 25.850458
305.868968 26.440044
306.585483 27.032992
307.301515 27.629249
308.017074 28.228758
308.732173 28.831456
309.446831 29.437277
310.161068 30.046149
310.874909 30.657998
311.588381 31.272745
312.301516 31.890308
313.014350 32.510604
313.726918 33.133544
314.439261 33.759038
315.151422 34.386994
315.863445 35.017316
316.575373 35.649907
317.287255 36.284665
317.999139 36.921489
318.711073 37.560273
319.423108 38.200913
320.135297 38.843299
320.847690 39.487323
321.560342 40.132876
322.273308 40.779845
322.986643 41.428122
323.700405 42.077594
324.414651 42.728148
325.129440 43.379672
325.844828 44.032052
326.560869 44.685176
327.277620 45.338930
327.995132 45.993203
328.713454 46.647883
329.432635 47.302859
330.152719 47.958021
330.873748 48.613260
331.595761 49.268467
332.318792 49.923535
333.042873 50.578358
333.768031 51.232831
334.494290 51.886851
335.221666 52.540315
335.950176 53.193123
336.679829 53.845178
337.410632 54.496382
338.142584 55.146642
338.875682 55.795863
339.609917 56.443955
340.345274 57.090828
341.081735 57.736395
341.819274 58.380572
342.557863 59.023274
343.297469 59.664420
344.038051 60.303930
344.779566 60.941725
345.521966 61.577729
346.265196 62.211868
347.009199 62.844067
347.753913 63.474255
348.499271 64.102362
349.245202 64.728316
349.991631 65.352049
350.738481 65.973492
351.485669 66.592578
352.233111 67.209239
352.980720 67.823409
353.728407 68.435022
354.476080 69.044009
355.223646 69.650306
355.971010 70.253843
356.718077 70.854553
357.464750 71.452369
358.210934 72.047220
358.956532 72.639037
359.701448 73.227748
360.445590 73.813282
361.188864 74.395565
361.931180 74.974526
362.672453 75.550091
363.412599 76.122185
364.151539 76.690736
364.889197 77.255668
365.625503 77.816906
366.360392 78.374377
367.093805 78.928005
367.825686 79.477717
368.555987 80.023438
369.284666 80.565095
370.011685 81.102615
370.737014 81.635925
371.460629 82.164955
372.182511 82.689631
372.902646 83.209885
373.621026 83.725645
374.337649 84.236842
375.052517 84.743407
375.765637 85.245274
376.477022 85.742374
377.186690 86.234644
377.894663 86.722018
378.600967 87.204433
379.305630 87.681826
380.008687 88.154134
380.710173 88.621295
381.410128 89.083248
382.108595 89.539934
382.805621 89.991294
383.501252 90.437271
384.195539 90.877807
384.888535 91.312848
385.580294 91.742340
386.270873 92.166229
386.960332 92.584466
387.648730 92.996998
388.336129 93.403777
389.022593 93.804756
389.708183 94.199890
390.392965 94.589135
391.077001 94.972452
391.760357 95.349801
392.443093 95.721145
393.125271 96.086452
393.806952 96.445689
394.488191 96.798829
395.169043 97.145846
395.849555 97.486718
396.529773 97.821428
397.209737 98.149960
397.889479 98.472303
398.569026 98.788450
399.248396 99.098397
399.927601 99.402142
400.606643 99.699689
401.285515 99.991043
401.964203 100.276214
402.642680 100.555215
403.320911 100.828061
403.998853 101.094770
404.676451 101.355362
405.353642 101.609860
406.030353 101.858292
406.706502 102.100685
407.381997 102.337070
408.056738 102.567482
408.730616 102.791955
409.403515 103.010529
410.075312 103.223242
410.745876 103.430136
411.415069 103.631255
412.082745 103.826642
412.748756 104.016345
413.412947 104.200412
414.075159 104.378896
414.735228 104.551848
415.392988 104.719325
416.048267 104.881383
416.700892 105.038082
417.350686 105.189482
417.997473 105.335647
418.641070 105.476642
419.281297 105.612536
419.917970 105.743400
420.550904 105.869310
421.179915 105.990344
421.804818 106.106585
422.425430 106.218119
423.041569 106.325036
423.653054 106.427430
424.259709 106.525401
424.861359 106.619050
425.457835 106.708485
426.048973 106.793818
426.634614 106.875164
427.214607 106.952641
427.788806 107.026371
428.357076 107.096481
428.919289 107.163097
429.475327 107.226351
430.025082 107.286377
430.568459 107.343310
431.105375 107.397287
431.635760 107.448448
432.159558 107.496937
432.676729 107.542896
433.187247 107.586474
433.691102 107.627818
434.188300 107.667080
434.678862 107.704413
435.162824 107.739974
435.640238 107.773922
436.111171 107.806416
436.575709 107.837621
437.033952 107.867702
437.486016 107.896827
437.932032 107.925167
438.372144 107.952896
438.806512 107.980190
439.235310 108.007229
439.658723 108.034196
440.076952 108.061279
440.490208 108.088665
440.898715 108.116549
441.302707 108.145127
441.702431 108.174596
442.098145 108.205160
442.490115 108.237023
442.878618 108.270392
443.263942 108.305477
443.646382 108.342491
444.026241 108.381646
444.403833 108.423158
444.779478 108.467242
445.153502 108.514112
445.526239 108.563984
445.898028 108.617072
446.269211 108.673587
446.640137 108.733738
447.011156 108.797731
447.382622 108.865769
447.754889 108.938048
448.128313 109.014760
448.503250 109.096093
448.880053 109.182229
449.259075 109.273345
449.640666 109.369612
450.025175 109.471195
450.412944 109.578253
450.804314 109.690937
451.199620 109.809390
451.599192 109.933749
452.003349 110.064143
452.412408 110.200691
452.826673 110.343503
453.246443 110.492682
453.672003 110.648317
454.103632 110.810491
454.541597 110.979274
454.986156 111.154726
455.437557 111.336895
455.896036 111.525818
456.361820 111.721521
456.835122 111.924016
457.316145 112.133304
457.805083 112.349375
458.302117 112.572205
458.807417 112.801756
459.321145 113.037980
459.843450 113.280814
460.374475 113.530182
460.914348 113.785993
461.463192 114.048144
462.021118 114.316517
462.588228 114.590980
463.164614 114.871388
463.750360 115.157582
464.345539 115.449388
464.950217 115.746620
465.564450 116.049076
466.188287 116.356544
466.821766 116.668795
467.464921 116.985589
468.117775 117.306672
468.780347 117.631779
469.452648 117.960629
470.134682 118.292934
470.826447 118.628391
471.527938 118.966689
472.239140 119.307510
472.960037 119.650523
473.690605 119.995393
474.430818 120.341777
475.180644 120.689325
475.940050 121.037682
476.708996 121.386486
477.487441 121.735373
478.275340 122.083970
479.072645 122.431908
479.879306 122.778811
480.695271 123.124306
481.520483 123.468017
482.354888 123.809573
483.198428 124.148604
484.051045 124.484742
484.912681 124.817626
485.783276 125.146899
486.662772 125.472212
487.551109 125.793221
488.448228 126.109589
489.354070 126.420992
490.268578 126.727110
491.191695 127.027637
492.123365 127.322274
493.063533 127.610735
494.012145 127.892744
494.969148 128.168036
495.934491 128.436356
496.908123 128.697462
497.889996 128.951125
498.880059 129.197126
499.878267 129.435260
500.884572 129.665333
501.898928 129.887167
502.921290 130.100593
503.951615 130.305459
504.989859 130.501622
506.035979 130.688957
507.089934 130.867348
508.151681 131.036696
509.221180 131.196913
510.298389 131.347927
511.383267 131.489678
512.475772 131.622122
513.575862 131.745227
514.683495 131.858977
515.798626 131.963370
516.921212 132.058416
518.051208 132.144142
519.188566 132.220584
520.333240 132.287794
521.485180 132.345836
522.644337 132.394783
523.810662 132.434724
524.984101 132.465755
526.164602 132.487987
527.352112 132.501538
528.546575 132.506540
529.747936 132.503129
530.956136 132.491455
532.171116 132.471673
533.392815 132.443944
534.621171 132.408438
535.856119 132.365327
537.097592 132.314791
538.345520 132.257012
539.599831 132.192173
540.860451 132.120463
542.127301 132.042071
543.400300 131.957188
544.679363 131.866004
545.964400 131.768711
547.255316 131.665501
548.552012 131.556563
549.854386 131.442086
551.162328 131.322260
552.475724 131.197271
553.794452 131.067308
555.118386 130.932553
556.447392 130.793193
557.781331 130.649408
559.120056 130.501381
560.463412 130.349288
561.811240 130.193309
563.163371 130.033618
564.519627 129.870388
565.879826 129.703790
567.243776 129.533994
568.611276 129.361165
569.982119 129.185466
571.356089 129.007059
572.732961 128.826100
574.112505 128.642743
575.494481 128.457138
576.878641 128.269431
578.264731 128.079763
579.652485 127.888269
581.041633 127.695079
582.431894 127.500319
583.822979 127.304105
585.214591 127.106552
586.606426 126.907766
587.998168 126.707846
589.389493 126.506888
590.780070 126.304978
592.169557 126.102199
593.557602 125.898625
594.943846 125.694322
596.327920 125.489352
597.709445 125.283769
599.088034 125.077618
600.463292 124.870940
601.834812 124.663767
603.202182 124.456127
604.564977 124.248039
605.922766 124.039519
607.275108 123.830572
608.621555 123.621203
609.961648 123.411405
611.294924 123.201170
612.620911 122.990481
613.939131 122.779319
615.249100 122.567655
616.550330 122.355459
617.842324 122.142691
619.124584 121.929309
620.396609 121.715263
621.657893 121.500498
622.907929 121.284952
624.146209 121.068557
625.372224 120.851240
626.585465 120.632920
627.785426 120.413511
628.971600 120.192920
630.143485 119.971048
631.300580 119.747792
632.442390 119.523040
633.568425 119.296678
634.678199 119.068587
635.771231 118.838643
636.847048 118.606718
637.905182 118.372683
638.945173 118.136404
639.966564 117.897745
640.968908 117.656569
641.951764 117.412741
642.914704 117.166122
643.857305 116.916575
644.779156 116.663967
645.679856 116.408162
646.559016 116.149029
647.416257 115.886438
648.251214 115.620262
649.063535 115.350379
649.852881 115.076667
650.618925 114.799010
651.361357 114.517296
652.079880 114.231419
652.774215 113.941276
653.444095 113.646771
654.089271 113.347814
654.709511 113.044319
655.304600 112.736208
655.874342 112.423410
656.418561 112.105856
656.937099 111.783489
657.429820 111.456253
657.896607 111.124102
658.337364 110.786995
658.752019 110.444899
659.140519 110.097785
659.502832 109.745633
659.838949 109.388429
660.148882 109.026166
660.432662 108.658843
660.690342 108.286468
660.921997 107.909057
661.127720 107.526631
661.307624 107.139220
661.461840 106.746865
661.590520 106.349612
661.693832 105.947515
661.771964 105.540637
661.825119 105.129049
661.853519 104.712828
661.857403 104.292060
661.837023 103.866837
661.792651 103.437256
661.724572 103.003420
661.633088 102.565439
661.518515 102.123426
661.381185 101.677497
661.221447 101.227775
661.039665 100.774386
660.836218 100.317460
660.611500 99.857130
660.365919 99.393531
660.099896 98.926803
659.813867 98.457085
659.508279 97.984520
659.183593 97.509256
658.840282 97.031439
658.478831 96.551220
658.099735 96.068750
657.703500 95.584182
657.290647 95.097671
656.861701 94.609373
656.417203 94.119445
655.957697 93.628046
655.483740 93.135332
654.995897 92.641463
654.494737 92.146598
653.980836 91.650896
653.454774 91.154516
652.917137 90.657619
652.368511 90.160364
651.809485 89.662912
651.240650 89.165425
650.662596 88.668063
650.075912 88.170987
649.481186 87.674359
648.879004 87.178341
648.269951 86.683094
647.654607 86.188781
647.033551 85.695562
646.407358 85.203599
645.776600 84.713052
645.141842 84.224082
644.503647 83.736847
643.862573 83.251506
643.219172 82.768217
642.573991 82.287135
641.927569 81.808418
641.280441 81.332219
640.633131 80.858693
639.986159 80.387995
639.340033 79.920278
638.695254 79.455695
638.052312 78.994399
637.411688 78.536542
636.773849 78.082277
636.139252 77.631753
635.508339 77.185119
634.881539 76.742521
634.259266 76.304100
633.641918 75.869996
633.029878 75.440344
632.423512 75.015272
631.823168 74.594907
631.229177 74.179367
630.641852 73.768763
630.061485 73.363199
629.488351 72.962772
628.922705 72.567571
628.364780 72.177676
627.814788 71.793158
627.272922 71.414079
626.739353 71.040492
626.214231 70.672440
625.697687 70.309959
625.189829 69.953073
624.690746 69.601797
624.200509 69.256137
623.719167 68.916088
623.246751 68.581635
622.783274 68.252753
622.328729 67.929406
621.883093 67.611547
621.446322 67.299119
621.018357 66.992055
620.599120 66.690275
620.188519 66.393689
619.786440 66.102195
619.392756 65.815681
619.007321 65.534023
618.629974 65.257084
618.260536 64.984718
617.898814 64.716767
617.544598 64.453060
617.197664 64.193416
616.857773 63.937643
616.524673 63.685538
616.198097 63.436888
615.877765 63.191466
615.563386 62.949037
615.254654 62.709355
614.951256 62.472163
614.652866 62.237194
614.359147 62.004172
614.069756 61.772811
613.784343 61.542819
613.502548 61.313895
613.224010 61.085730
612.948361 60.858014
612.675233 60.630429
612.404253 60.402656
612.135051 60.174372
611.867255 59.945253
611.600496 59.714974
611.334407 59.483212
611.068625 59.249644
610.802789 59.013949
610.536547 58.775811
610.269550 58.534916
610.001456 58.290955
609.731932 58.043622
609.460652 57.792622
609.187299 57.537659
608.911561 57.278450
608.633139 57.014715
608.351741 56.746182
608.067083 56.472587
607.778894 56.193673
607.486911 55.909194
607.190881 55.618909
606.890562 55.322589
606.585722 55.020014
606.276141 54.710974
605.961611 54.395268
605.641935 54.072707
605.316927 53.743114
604.986416 53.406322
604.650240 53.062177
604.308254 52.710538
603.960323 52.351275
603.606328 51.984273
603.246160 51.609429
602.879727 51.226657
602.506947 50.835880
602.127755 50.437039
601.742097 50.030084
601.349931 49.614984
600.951231 49.191719
600.545984 48.760284
600.134189 48.320688
599.715860 47.872955
599.291026 47.417122
598.859726 46.953243
598.422016 46.481384
597.977962 46.001626
597.527645 45.514062
597.071156 45.018801
596.608600 44.515962
596.140091 44.005676
595.665754 43.488088
595.185723 42.963351
594.700141 42.431630
594.209161 41.893100
593.712943 41.347945
593.211654 40.796358
592.705471 40.238541
592.194573 39.674704
591.679151 39.105065
591.159398 38.529849
590.635513 37.949288
590.107702 37.363620
589.576174 36.773090
589.041144 36.177947
588.502831 35.578449
587.961460 34.974855
587.417256 34.367431
586.870451 33.756449
586.321280 33.142182
585.769977 32.524909
585.216784 31.904911
584.661942 31.282475
584.105696 30.657887
583.548290 30.031441
582.989973 29.403428
582.430993 28.774145
581.871597 28.143888
581.312037 27.512955
580.752563 26.881645
580.193425 26.250256
579.634875 25.619086
579.077162 24.988433
578.520537 24.358593
577.965249 23.729862
577.411547 23.102533
576.859678 22.476898
576.309888 21.853245
575.762421 21.231862
575.217521 20.613030
574.675426 19.997031
574.136376 19.384139
573.600603 18.774625
573.068337 18.168754
572.539803 17.566787
572.015221 16.968976
571.494806 16.375569
570.978768 15.786808
570.467310 15.202926
569.960629 14.624152
569.458917 14.050706
568.962361 13.482804
568.471140 12.920653
567.985429 12.364455
567.505394 11.814403
567.031199 11.270685
566.562999 10.733480
566.100944 10.202962
565.645177 9.679294
565.195836 9.162637
564.753049 8.653138
564.316942 8.150941
563.887631 7.656180
563.465226 7.168982
563.049830 6.689464
562.641538 6.217738
562.240441 5.753904
561.846619 5.298056
561.460149 4.850279
561.081098 4.410650
560.709526 3.979237
560.345488 3.556099
559.989028 3.141288
559.640186 2.734846
559.298991 2.336805
558.965468 1.947188
558.639632 1.566010
558.321491 1.193275
558.011046 0.828982
557.708287 0.473115
557.413200 0.125655
557.125760 -0.213430
556.845935 -0.544179
556.573685 -0.866638
556.308963 -1.180863
556.051712 -1.486920
555.801872 -1.784879
555.559371 -2.074820
555.324134 -2.356829
555.096076 -2.631001
554.875109 -2.897435
554.661136 -3.156236
554.454057 -3.407516
554.253767 -3.651392
554.060156 -3.887983
553.868718 -4.117325
553.674941 -4.339458
553.474312 -4.554423
553.262315 -4.762265
553.034431 -4.963031
552.786139 -5.156773
552.512915 -5.343543
552.210232 -5.523397
551.873563 -5.696392
551.498377 -5.862588
551.080142 -6.022048
550.614322 -6.174834
550.096383 -6.321011
549.521786 -6.460646
548.885994 -6.593805
548.184466 -6.720556
547.412664 -6.840967
546.566049 -6.955105
545.640079 -7.063040
544.630217 -7.164837
543.531923 -7.260564
542.340658 -7.350285
541.051884 -7.434064
539.661065 -7.511964
538.053725 -7.582000
536.229731 -7.644306
534.188952 -7.699013
531.931261 -7.746251
529.456532 -7.786147
526.764639 -7.818823
523.855464 -7.844402
520.728886 -7.862999
517.384793 -7.874728
513.823072 -7.879701
510.043615 -7.878021
506.046319 -7.869791
501.831083 -7.855110
497.397811 -7.834069
492.746412 -7.806758
487.876796 -7.773263
482.788880 -7.733661
477.482586 -7.688031
471.957837 -7.636442
466.214562 -7.578962
460.252693 -7.515654
454.072166 -7.446576
447.672921 -7.371783
441.054902 -7.291326
430.038928 -7.130478
419.024062 -6.967905
408.014639 -6.803755
397.015001 -6.638177
386.029490 -6.471314
375.062452 -6.303309
364.118234 -6.134300
353.201189 -5.964424
342.315668 -5.793814
331.466027 -5.622604
320.656625 -5.450920
309.891822 -5.278891
299.175982 -5.106639
288.513469 -4.934287
277.908653 -4.761954
267.365904 -4.589757
256.889594 -4.417811
246.484096 -4.246229
236.153788 -4.075123
225.903048 -3.904602
215.736254 -3.734774
205.657788 -3.565745
195.672032 -3.397620
185.783371 -3.230503
